200
582
-753
970
-322
548
916
-279
-673
-171
136
-865
941
-824
345
-94
267
124
-53
231
748
482
929
280
43
991
-149
500
-412
270
-578
-185
59
-600
-505
-840
-997
386
-722
998
-325
-645
385
184
672
-850
950
-15
-901
305
793
-980
-147
435
-760
900
-629
44
-153
-161
513
529
759
22
-994
588
-393
-669
273
117
-442
666
754
372
294
-838
-875
194
894
-724
739
-611
-985
-665
-476
-651
481
-804
-412
22
-407
974
277
785
62
98
-828
-809
642
-330
868
815
227
82
-890
-270
-746
-64
-586
-16
-664
21
-548
-750
-687
-736
-11
-951
110
12
-511
344
196
542
-751
964
677
448
453
-885
-368
-701
-777
-846
291
-395
-382
-820
-791
-452
-215
-367
-565
258
-208
-133
-846
191
-984
-433
636
-838
227
-320
885
-239
489
-313
-140
-386
589
-302
-836
34
-965
-748
849
-747
401
687
-954
-233
-837
475
-885
631
883
-389
747
-89
-431
-398
-903
-32
-772
-592
-283
516
391
975
840
-895
-344
-720
116
-176
-791
538
820
755
656
