200
-630
-997
-220
-231
119
33
-514
998
401
-301
270
931
-653
-724
938
141
938
-145
-97
610
282
-605
693
125
385
-86
-119
-354
966
-789
442
916
726
-352
-980
-272
-962
436
-28
-90
629
-125
-758
974
-67
371
-706
921
126
-552
-419
-652
515
467
-929
356
-74
358
-953
977
609
771
-1
-285
123
96
-997
345
260
-552
462
231
-30
173
105
-151
751
-830
160
866
-62
-546
63
793
477
-951
-425
376
-27
152
835
814
-663
938
888
-322
-581
-199
868
644
-838
-325
971
670
418
152
416
481
213
512
662
-261
-333
766
-575
-795
686
661
287
952
-928
-763
848
-674
450
959
-730
-92
261
70
-470
-693
808
180
-624
301
-281
36
-903
798
158
694
741
239
971
-68
913
971
-102
-438
867
901
-53
613
-489
-444
-398
650
636
823
776
114
769
-176
227
-438
-875
962
532
951
-107
490
-951
568
-398
793
-315
357
-80
-541
503
-580
434
-282
-902
-822
-762
-875
852
-286
-439
-676
93
-500
113
-185
-918
-528
486
491
