200
-839
280
764
667
393
-329
913
842
-930
-451
870
-356
309
-735
-908
219
836
680
356
921
-569
-863
40
932
341
-216
-576
-482
768
798
290
25
618
263
-597
-913
-212
-566
984
416
-812
881
-105
52
543
-243
362
-853
-777
-87
-808
765
133
-960
823
-476
79
-440
584
908
414
-46
-848
21
91
-865
564
204
329
-347
974
350
-360
-470
-837
-619
-667
-294
-253
-548
195
116
-382
-288
-476
262
-441
-991
-239
-819
629
-761
-95
233
922
-934
-521
602
749
906
-52
887
476
-45
-374
-581
223
484
27
-291
332
-814
851
-913
811
359
546
-603
-522
-856
-898
854
85
-356
-85
670
833
730
188
-804
-941
865
-253
-299
-730
424
-331
-694
46
87
-484
-994
-577
-309
-1
-793
-690
138
747
-399
448
-786
-47
-397
-620
533
75
-975
179
282
249
-245
-238
387
566
155
-921
-818
73
192
-562
-912
-951
502
695
523
-155
396
-108
51
386
44
937
608
-128
506
-751
-783
-174
-611
963
608
-284
489
704
799
-812
-642
-344
469
