2000
917
-383
-304
260
-772
-942
496
-450
517
-194
457
747
-136
-972
-490
-574
-730
861
204
-107
-573
-184
912
46
203
-584
886
797
-932
-91
-841
99
-536
631
693
-706
366
63
-161
-970
-152
-971
51
-817
-856
-829
179
810
781
118
62
-72
-950
120
836
-628
-170
322
260
-274
795
973
-828
-214
-438
-658
355
-923
324
-604
538
379
595
113
-202
202
-378
-892
608
-270
-212
844
-905
-332
-901
-687
-471
796
453
311
845
-725
-978
640
335
-242
-738
-237
656
-400
-758
-968
989
-903
-987
60
941
337
281
235
-123
528
-183
116
-328
648
-575
-200
994
-247
620
-602
-158
-854
-761
-991
778
-204
434
789
-882
-202
-923
311
-878
902
679
-337
199
-547
995
-595
-916
-888
60
-775
-245
-740
185
-813
613
-229
228
-135
687
-832
-64
421
-789
394
-53
-674
-617
632
702
810
-353
425
-273
-613
851
-756
-304
866
594
-567
661
-264
-297
-807
-147
-950
534
490
65
-653
441
3
231
-893
-495
-30
205
-853
-58
-944
831
25
241
834
649
209
-874
-317
440
60
362
-992
99
-282
943
933
-716
-3
-114
-336
42
15
-578
539
203
-586
-746
-424
-681
372
559
622
398
669
-588
372
-355
417
-120
927
-897
2
-578
-838
-496
865
-368
752
585
-773
910
-19
670
382
803
700
458
-978
293
316
881
948
128
35
-527
-642
-421
140
-214
-41
-186
695
488
-689
-381
177
-884
-148
-368
-38
527
-268
401
65
673
-110
855
489
-561
759
350
-498
-927
-360
125
-57
-665
-994
-879
787
708
332
-983
574
660
-464
845
-81
264
443
-694
-31
327
-460
908
-41
-418
-759
870
54
554
966
-230
-202
-570
-555
-764
-934
-709
31
-417
448
255
9
371
792
764
864
-484
-207
570
-598
123
150
-544
-163
-783
-489
-204
-430
-73
306
-613
353
948
730
-772
-948
-183
-968
-922
-544
583
-558
-931
-879
-362
-79
-165
11
849
-142
-122
-707
902
-740
-622
534
-988
816
983
155
324
-153
710
-700
-47
5
-529
-831
-673
246
478
92
640
-56
-49
-356
-529
352
-404
224
854
604
-578
-863
237
5
-710
-920
-212
-500
-775
967
-315
-715
-843
-30
-94
-259
507
256
162
-745
-549
-372
561
433
172
971
-225
748
-612
523
-468
875
-400
-967
93
-142
-841
-54
-177
-358
866
85
-975
199
993
595
162
673
-688
244
-900
-14
186
-786
373
609
276
-771
-383
-191
-869
224
476
-962
-175
-39
684
-93
515
16
818
-859
-552
-448
-846
-879
56
-686
532
-74
867
70
-889
82
1
0
-974
-610
497
-100
-633
-89
-859
-124
-861
-377
-43
-424
566
-716
926
-553
325
385
263
867
-24
46
904
475
501
979
428
-734
-466
634
871
-440
-888
636
-891
145
35
-74
-824
609
-234
563
43
-902
-534
833
-763
-722
-383
524
671
-391
655
485
-782
183
-388
-26
542
-905
-980
-162
746
-867
-649
310
774
453
-438
-799
-204
295
316
-147
-749
108
-117
930
15
641
702
-98
962
515
-911
560
666
464
72
-797
-603
-463
131
-556
-130
-169
352
894
-131
-758
-580
-557
452
304
723
352
810
261
56
164
748
405
707
-382
128
-889
167
-570
-109
929
960
-210
-163
-985
-975
-151
381
65
-780
-601
9
-402
-729
-821
445
-187
933
796
-750
-838
-317
-873
115
645
-633
511
658
-110
692
-175
170
197
562
901
-296
94
994
-339
-111
939
345
-413
677
9
-644
-470
643
-913
945
42
849
-40
498
713
-495
-987
-514
-937
722
-473
-406
774
-384
823
921
597
573
948
-979
982
-922
908
-136
-873
22
719
887
633
-649
744
188
604
816
939
-86
-203
915
-255
257
575
-138
-52
-161
-217
-28
-663
-272
512
770
-294
174
-625
-499
453
-65
-919
-614
-253
-569
-296
328
-238
-636
-818
-272
-769
-135
114
-938
-299
191
578
617
295
210
-271
-567
19
91
85
-590
791
984
238
-846
197
258
514
709
-755
713
468
-133
729
-681
213
-43
-656
-954
-900
-852
-700
917
-188
-671
-119
459
-576
921
381
531
797
-720
-799
762
378
533
-279
-953
-373
871
400
103
15
203
-528
-393
-278
638
929
-206
798
-520
84
907
-373
390
837
224
750
-398
-189
-819
-722
-723
82
-569
771
500
869
968
-399
-117
30
0
-191
661
-685
856
-752
-895
607
346
-172
-803
38
675
-598
-586
912
-55
-161
-672
349
847
802
-235
615
820
-398
-6
-782
-848
-651
990
-236
835
-826
77
208
-157
-186
371
-601
986
589
-858
-860
-744
435
282
-45
-782
-413
93
-759
337
615
-165
537
371
-940
979
-858
769
228
-935
437
766
-62
-971
27
221
261
905
105
-498
-68
141
478
600
-301
853
-96
646
-433
-704
359
919
530
206
-732
441
-391
359
-207
-732
-259
-370
-677
-531
-643
188
-851
-376
-1
-882
-529
-723
661
-818
999
-388
38
85
-29
851
-288
956
47
-683
505
163
-854
486
-134
-844
-531
-392
-851
-3
-826
224
510
524
-256
-328
118
580
600
503
425
551
-374
189
641
-300
855
14
-328
-931
-543
544
958
-584
-938
-634
586
184
-288
693
696
-869
-228
555
873
-650
-568
-681
-86
-988
-746
-941
882
-356
522
577
363
-120
0
-136
872
634
937
290
-215
519
341
14
662
-3
746
718
-10
49
-389
511
-560
-15
-419
-921
-266
971
87
993
566
162
-861
995
881
400
-578
313
260
874
819
-198
-303
-960
844
-684
139
-61
-677
-608
100
712
352
625
409
-713
482
-481
-38
110
-72
-843
-291
261
688
-154
558
793
941
159
-528
-82
698
-125
-148
-843
718
-157
387
-502
-377
18
668
-457
-228
-290
874
-148
519
-583
52
-962
-450
-392
413
719
-137
886
-448
-676
-62
228
-128
574
334
-520
-867
652
-556
263
465
737
-353
705
690
635
-269
-1
972
912
-323
-130
-537
23
759
-683
-188
-537
845
677
328
451
901
-377
-371
-99
-782
118
147
998
918
700
661
-155
-77
-174
-587
896
363
-735
62
-381
898
827
871
-884
-843
-245
414
140
-179
951
649
-977
147
-739
847
-935
677
-610
-84
-456
-446
-247
909
252
-249
35
-933
-844
835
117
-105
658
-269
676
712
-486
-872
231
-288
-318
-199
21
-413
39
66
-618
148
-932
7
617
-544
204
728
-798
695
496
150
-891
-841
742
747
163
113
891
366
-667
968
-688
641
46
-651
785
-989
-288
-220
-551
-771
297
185
-276
-811
-174
741
-765
475
462
480
-735
-326
516
-783
59
408
-647
-661
36
297
-340
337
321
-57
-904
427
-308
633
-833
551
-568
-838
-264
-194
-254
905
952
-626
346
659
117
651
-631
-278
-195
-56
-258
-86
-938
-415
-683
911
-549
398
3
151
870
113
-68
488
930
-44
834
320
-25
-933
345
-857
592
521
-582
-304
603
-703
63
592
-279
-281
461
771
662
596
204
-254
838
361
-58
114
45
-649
640
219
-430
-93
349
943
-402
733
191
-912
55
-51
972
863
6
-110
83
-520
171
821
495
735
581
175
59
909
-128
-798
500
-621
723
388
617
-561
156
831
-249
-960
17
374
-518
53
100
282
-39
-57
683
-521
319
45
316
-479
619
303
-885
-702
-936
502
122
-111
391
658
586
216
113
-544
-968
-634
-333
-465
-976
-496
-942
559
-175
163
-676
-120
417
-649
962
-529
-15
632
-778
709
-511
-106
554
369
478
-880
-271
746
289
-441
81
874
289
662
-812
-697
982
-970
293
330
14
-123
-822
-984
669
802
-730
-204
693
-957
-484
121
-757
636
-942
927
250
721
-419
-447
-142
177
-147
-103
393
-573
-616
822
-31
86
67
965
905
529
-151
-986
-868
157
-941
120
157
656
-885
-960
968
553
-53
571
-879
-61
-916
965
320
-881
394
248
129
166
-913
-169
610
-932
227
-705
-362
-422
279
294
-801
-891
735
-241
-559
720
865
503
925
167
-223
893
-240
-851
560
514
-101
393
-82
63
388
-331
-20
-312
-870
-903
405
732
549
-986
-596
625
429
-41
889
-931
513
21
864
574
-84
536
209
-6
-162
778
204
336
-747
-644
362
124
-837
-870
286
494
861
178
34
-951
-690
850
-345
986
579
549
-820
-37
349
87
-602
-845
332
-130
942
920
-995
716
528
-962
653
55
958
-526
-9
-70
984
188
569
998
-83
-686
-340
927
140
699
872
-161
-627
-715
-56
0
975
-580
963
-921
132
137
-829
314
64
-386
31
791
668
-150
342
337
986
-364
-241
-985
-36
497
865
11
63
-68
657
455
334
-705
-369
936
-361
-232
-466
-970
352
-373
734
693
-152
-119
-271
-893
288
19
702
-688
148
-608
-541
942
200
-163
-377
-303
208
-104
726
-695
-378
141
880
890
211
529
-604
-347
-936
-553
-147
910
-559
-444
-12
105
-240
-723
183
-121
895
124
-724
-623
-376
327
-587
547
-175
318
347
939
662
-368
216
781
-624
641
-426
246
-977
205
-898
354
294
479
-793
342
-953
-723
-616
548
983
-558
328
-811
533
690
-481
-692
-284
-184
960
-703
455
731
734
767
-871
-663
-735
520
-390
-291
-910
-867
-76
-397
463
774
255
-542
540
116
-10
106
-137
515
-594
-740
553
36
889
-443
701
509
-970
-643
-524
322
-155
-669
507
-949
-522
902
680
593
-417
-645
-64
689
339
202
-749
-373
276
-173
-284
130
-191
27
-893
957
776
-603
593
327
347
-730
37
-622
525
406
-413
668
-726
857
-630
-506
-859
498
-309
414
321
643
-407
834
297
896
362
631
-368
-735
371
203
397
-100
969
-358
994
76
-898
-985
-778
217
454
369
-110
595
927
-744
-79
-185
520
910
831
616
-613
-179
429
984
-151
-414
28
176
600
-147
-929
-166
-194
292
-432
-630
-758
57
673
302
-862
-224
791
-525
-693
-487
-144
-137
849
1
-486
-589
-996
395
775
-68
501
326
-531
623
402
-805
-357
-619
984
28
-829
395
203
-976
-621
-495
973
243
-668
-304
-714
343
-3
137
496
-586
623
-397
-864
666
-608
46
-786
708
-437
-999
193
309
-123
706
-479
-778
-943
13
158
-208
-977
718
42
776
399
973
868
35
561
-841
-313
945
669
-528
-863
-891
-723
-694
-743
-206
4
-855
594
-371
-466
-453
-339
-69
-576
-949
600
626
488
-784
102
109
-189
367
505
677
-754
420
146
835
-513
-952
-390
-555
-301
638
-691
-396
-6
-437
-616
-116
-995
142
963
-792
937
825
-633
543
607
-872
203
901
-682
332
841
-351
999
635
551
275
734
-351
-324
3
-874
-595
-45
828
-665
-901
-485
240
267
17
-175
-880
662
-383
-39
27
-87
851
-474
70
419
-279
-652
47
