2000
989
-914
835
12
-328
345
-498
-378
428
-974
-15
-280
-726
212
447
-119
839
558
23
775
277
-753
5
-866
607
-954
36
887
-471
-520
275
-674
292
300
594
-418
560
-783
700
-753
316
495
638
-497
22
-752
-919
-909
-26
687
870
-953
-783
-186
-56
515
590
9
-610
-788
-29
472
-642
547
276
392
401
283
-207
42
699
-710
-858
-357
-943
-786
404
269
77
389
-536
-421
-87
868
535
-587
581
-204
-217
-889
875
-119
47
-433
518
359
704
133
-1
-395
-79
-272
734
503
-425
-405
707
849
-565
-925
-710
217
-623
692
-997
-59
-292
41
213
354
-100
457
-485
483
127
-151
803
830
-229
320
883
101
160
349
-254
-586
-471
527
759
-90
109
-846
-130
-101
-661
698
-168
851
710
-304
987
874
405
-498
-898
970
-282
-408
-243
34
-293
545
-940
447
-81
378
334
349
-175
506
-436
-628
542
325
45
-454
840
804
798
-344
-957
800
353
-422
24
426
341
33
958
-949
597
-156
-132
-214
-791
-493
63
-201
818
-910
361
-296
942
694
-653
-638
-265
-178
-36
248
-120
-866
-628
332
947
465
829
108
-260
403
588
676
364
-176
612
993
454
893
-826
467
-146
789
-365
-841
-408
-985
155
-724
-491
-525
-66
513
756
333
314
865
-360
-539
-314
-206
-835
141
342
414
3
-656
-923
759
384
-928
396
-603
-844
966
-891
629
-497
-315
814
-563
799
-968
-802
-524
-804
558
308
-148
691
535
-744
-246
40
-180
308
877
-788
61
674
-299
-309
190
584
-56
-974
921
-752
-159
325
-531
-292
744
-990
-110
138
798
-225
-253
-59
834
469
153
336
-280
-588
982
-255
731
827
-281
-385
284
536
-111
531
789
795
11
-948
-863
-368
634
-297
367
-723
-922
-625
-28
270
-153
-613
206
-541
-457
-960
-145
204
524
-171
-291
690
-40
122
972
-600
-144
42
464
179
882
-829
185
506
414
486
451
5
-418
883
805
327
-298
-369
119
-133
786
381
185
378
-812
394
-167
299
562
60
-158
723
503
-286
153
-929
287
-775
74
-758
-86
103
461
564
756
189
-917
669
-111
627
539
-810
704
-692
38
779
277
-386
-270
920
563
87
998
-775
92
-606
873
314
-608
243
-319
-122
-763
-847
-235
-215
219
960
272
340
98
0
814
708
-932
466
-73
-104
-272
810
2
506
976
771
106
593
568
982
-543
92
-355
829
432
98
-287
400
-75
-907
-647
-753
932
717
239
-515
345
417
-806
306
-776
33
-289
743
-383
-870
424
-307
-955
-423
264
-877
-143
-768
-598
277
-782
-186
-281
-386
426
-127
-815
39
-156
-183
-827
964
62
-336
487
666
26
973
-608
991
427
443
-367
774
-675
-978
759
11
-512
728
-221
848
392
-731
329
446
-738
-717
655
-241
615
244
-360
-141
-536
-237
-444
82
-86
-508
219
990
-331
-628
461
536
-952
533
188
-636
189
-908
755
737
779
-713
477
799
994
-726
-95
-127
791
859
-776
-929
978
-964
791
331
-866
181
764
-928
-994
-345
-482
-656
215
749
728
22
6
670
126
79
-903
-695
-820
642
-466
661
429
545
363
-521
-409
448
291
-873
-560
268
-988
-155
-938
-613
-437
992
-631
24
514
350
-381
-898
911
-81
345
773
954
119
-967
-403
738
497
701
832
-806
-948
974
475
-636
-473
525
194
712
-281
46
230
61
723
747
-336
593
-374
-307
-236
676
435
524
324
-892
-737
264
224
34
-671
-896
326
-822
754
531
-827
309
-765
269
161
63
148
470
-966
313
306
531
-897
124
-394
96
808
598
-394
702
-386
-788
484
-152
-389
328
801
739
21
-33
215
-938
742
444
-69
358
759
128
-223
-290
-264
-811
-266
-207
-999
-628
120
-647
-686
845
-643
-231
25
-323
246
-719
-364
-21
719
780
517
-79
-587
608
877
-35
212
981
898
848
400
67
927
932
253
909
744
-961
312
-366
396
-657
-661
481
360
499
-395
-303
403
706
919
-715
-755
-948
836
664
-738
443
804
-218
-286
998
904
-584
-446
779
-63
216
-491
-405
-603
-885
-396
438
-41
973
-949
816
664
364
682
-696
981
-458
744
-929
614
-303
-400
-316
-131
150
-662
864
948
-578
309
-186
488
846
-958
-565
-263
-989
146
-157
793
181
-750
174
838
479
673
741
-757
964
-478
-360
956
-58
-976
-655
150
546
863
911
641
-17
-29
-912
437
498
-581
-835
-929
-828
-381
-571
-512
46
548
873
-544
320
-640
528
468
-478
651
310
-143
-988
102
-909
-60
-885
-337
-473
416
-391
-371
221
-434
-860
-473
-665
973
956
-323
348
82
876
362
715
623
414
-674
-373
-827
-993
-988
573
-50
-585
-889
-868
611
942
-973
302
177
585
107
-387
999
-159
225
736
357
-692
608
700
941
-603
-898
-627
323
608
-890
520
374
-90
503
-803
112
-294
-305
-945
-548
-929
104
250
845
-263
-17
685
-485
-664
420
-228
-766
-987
-660
173
663
-395
816
-410
124
881
-442
341
87
-150
216
-848
-881
722
357
329
-501
481
154
479
152
-917
699
105
-365
642
-542
774
-923
23
344
-437
-532
947
-931
786
148
-922
252
338
548
-540
-384
142
-129
-367
-508
-174
-38
-521
-525
-767
873
-309
813
-158
451
944
925
687
-169
-221
517
-875
557
-683
-205
311
757
-261
881
46
56
757
-78
-368
-927
504
670
-15
-141
-24
42
152
-45
553
916
-598
-828
320
772
-748
824
-575
-522
512
221
108
276
-100
-174
-420
589
779
-832
113
-357
-809
-407
-58
754
-449
-960
-899
843
-286
-700
494
-100
705
-730
-962
-994
589
344
236
355
-154
525
-365
-191
-89
-794
-491
-257
531
630
-226
-17
852
-518
-264
-521
-646
-700
-315
-850
-146
-111
862
146
-741
-445
-597
465
89
11
333
-495
-335
-24
-228
259
-515
9
501
-588
-780
517
-984
434
111
978
-217
-959
-257
800
642
812
896
826
979
-682
-548
-396
161
124
736
-242
48
-515
-123
223
-578
440
-435
660
-202
-342
624
-686
36
377
624
543
-386
528
-858
-541
475
299
-510
219
-910
26
-642
-539
319
949
545
877
5
-439
-401
439
-471
-484
-376
516
-100
-978
-252
731
-696
-386
940
-127
674
218
-239
-287
-50
-276
543
-219
-956
715
-352
940
-478
633
-181
951
-976
-760
126
783
-279
164
74
-896
-312
181
-379
-22
382
-787
328
4
-131
331
-751
-32
602
885
-272
690
690
-457
-834
967
291
-808
916
-841
838
-201
674
-810
498
664
-209
779
175
-159
472
-275
872
-645
-220
683
548
-854
779
328
-736
-440
543
-924
-75
168
-560
651
785
-19
825
877
-612
148
56
-485
-859
588
621
570
-455
-274
-373
385
239
62
-357
-354
-438
-527
272
315
279
-978
-314
-116
419
576
-567
769
-791
69
927
255
4
-30
576
905
85
364
-532
626
-894
-601
975
850
663
-803
870
-486
164
-583
977
306
-72
804
672
-342
344
334
374
277
-657
-549
546
-383
404
-531
125
-192
-976
-276
45
444
-204
758
821
-34
-221
-745
-447
230
-887
-672
-331
-740
475
375
151
150
-882
-887
734
572
767
-730
-895
-413
-638
594
918
-493
639
646
862
432
-648
-733
323
-572
-149
-772
282
592
957
-887
-91
804
704
-331
-778
693
-711
344
-969
-338
-549
-252
747
987
-668
19
500
-251
350
184
-612
-138
-988
-763
-63
215
63
670
-697
-413
221
646
420
344
-999
-42
-17
-598
-200
-502
915
-750
-730
-596
-596
45
905
867
298
-70
642
-442
610
813
962
842
-23
-946
-207
656
-352
-444
861
-848
211
476
507
-958
-287
-719
317
-657
-367
922
-101
-910
965
-623
-4
-460
-841
-372
-634
764
191
23
555
-866
523
220
-671
543
-470
888
-940
-860
461
535
-318
807
529
498
487
-263
5
846
60
471
-630
-525
842
-278
370
705
-643
709
285
78
-951
-776
278
-491
729
898
310
760
-529
916
-345
68
310
-936
-585
-788
-374
-272
669
693
171
815
653
658
325
-655
-709
566
937
286
-173
896
881
-746
-374
-454
-406
599
-584
801
-843
-528
394
196
293
289
313
-594
-968
-316
-800
-201
358
938
-118
-34
454
-875
454
887
-124
405
27
275
-150
151
-316
-942
-434
-387
104
-742
839
-225
340
-183
-7
-294
367
-853
238
144
596
71
663
995
-697
83
995
444
-708
-37
-98
214
964
702
330
-533
532
-479
-781
-19
-113
886
225
260
-515
40
730
877
160
214
568
48
-341
698
-136
-1
-378
-742
-676
-612
192
528
-335
-353
-588
70
-170
959
943
-262
455
-894
42
-875
-220
-499
160
10
-941
-152
-259
-631
-618
-197
99
266
-887
978
384
627
104
927
-953
923
-615
-180
-140
544
751
-128
494
-132
118
-415
991
-555
206
180
-457
864
-587
194
-736
-229
-30
-398
425
-150
-617
-555
-411
-204
115
139
-814
122
670
7
830
-769
153
479
-824
472
-776
390
931
-956
-685
498
85
154
-363
-5
325
-36
183
-23
-702
-51
-757
-955
-664
-993
-536
767
-408
695
-513
-528
705
-953
-915
-711
975
-432
43
343
-166
433
912
33
-87
732
364
389
-340
618
-670
-308
-477
483
-552
583
164
279
0
502
-468
48
898
-507
-846
961
-211
408
-440
-788
568
-973
238
-165
-38
581
826
-835
-635
-173
-172
282
-495
24
-955
-684
-921
-736
-870
-551
-939
303
-665
206
-442
761
577
-804
922
911
884
180
-544
188
-923
854
468
-633
-765
610
-273
-29
673
997
-455
-46
-863
-315
805
-645
126
-762
304
318
369
-355
-278
663
-405
-376
265
995
41
-619
-140
456
-172
-335
-254
815
723
465
-731
947
-260
446
779
596
-918
-13
670
518
-866
-539
119
-422
532
-753
827
-204
-927
-80
196
-907
117
-858
-943
65
301
738
792
139
97
-125
-548
-654
-391
-662
967
483
-959
-790
925
332
-419
386
829
739
-919
-177
-523
131
7
-280
191
432
315
-809
-403
-777
-351
-527
-996
-349
-143
-928
-393
-97
-89
-177
-599
353
-63
-165
105
506
64
-750
263
-861
-16
891
-344
801
-756
-729
151
440
-307
316
-184
498
817
841
766
870
-554
362
-128
-89
-323
50
898
757
-830
-689
589
835
919
-271
-443
-445
447
97
493
936
-468
-585
737
94
82
-926
-830
-607
414
676
545
-329
836
110
-742
916
532
262
-272
64
670
625
283
-552
-835
-993
797
-498
-101
380
-875
-289
912
242
218
-349
-166
-852
-463
112
820
666
102
98
475
-463
-805
-975
855
454
564
-528
804
552
948
-623
550
-942
317
-332
343
293
842
152
932
-32
-645
224
-720
299
-660
