2000
-93
-385
-709
4
-583
-575
-84
83
537
488
-121
925
725
696
-243
281
-394
-455
610
776
402
1
-304
676
372
859
-373
394
-253
-88
-961
-175
-546
980
531
-456
-471
-125
659
53
-406
995
369
-54
-171
-391
-650
693
571
461
-390
-192
803
181
585
340
-662
717
147
-254
62
-362
-224
583
470
-920
-488
-440
11
-67
231
234
-305
259
-842
-921
558
983
-575
944
-433
-69
676
72
406
-585
4
-786
754
310
-292
445
-611
143
642
-255
-872
-619
-294
-770
-574
-786
401
44
131
-974
613
902
-415
433
871
-332
-824
-836
-168
934
811
-576
-160
-613
-223
173
621
-512
677
-565
-389
-252
953
-65
526
-155
-136
50
-992
-815
-177
685
332
-474
921
-160
948
-35
-15
-898
-473
917
510
-592
-52
940
889
-78
-647
-142
428
-946
797
150
-494
75
180
-232
-552
-396
-417
493
410
-22
-978
-548
-257
-831
-292
-777
955
610
359
68
878
798
-960
-857
-491
549
743
-947
818
-748
180
-92
216
-351
626
-851
-107
-59
800
-827
-45
-835
-793
-58
-834
-976
-816
-316
-390
-563
62
-100
567
-356
793
151
697
-425
-394
-75
457
537
51
583
970
91
963
935
-698
-266
384
-537
205
990
926
-189
-386
-94
552
443
360
206
798
697
-290
-483
-685
929
380
526
-981
-801
-172
719
685
-439
-959
-774
-366
-94
560
-573
-922
790
860
35
498
-928
7
-258
164
455
-531
-64
-135
-864
-718
146
844
532
871
-839
818
-206
407
-192
119
-462
-149
-369
250
772
250
745
597
-977
895
-331
740
945
130
-965
385
341
961
-365
-562
-519
118
-318
-371
523
-523
419
-528
425
992
-9
431
-488
-630
105
559
-198
-258
749
517
761
544
339
-639
-473
265
-962
357
-699
-234
208
-446
60
57
89
-507
605
-866
-667
-273
709
-295
153
557
-569
-67
-100
4
-657
191
390
-281
841
206
31
527
-1
345
-442
-326
-808
-19
-754
257
-549
825
-212
-803
-904
853
814
-590
758
704
668
-907
332
-130
-236
-695
-712
-21
622
-102
-45
-944
-273
-941
-537
-479
-937
787
-339
722
746
744
514
-774
86
215
-794
-609
915
-70
-764
546
-693
799
810
330
-413
-952
-473
-128
-874
659
120
951
-767
-187
639
816
-59
-124
849
-544
738
270
-275
706
-185
-971
-862
427
762
31
-634
213
487
948
372
-963
-153
-449
31
963
63
-741
627
-49
-844
330
381
40
-640
-320
581
412
-132
967
320
-301
-928
-707
-663
-861
-755
-381
-316
506
309
96
-622
392
-343
403
332
-65
653
47
771
-895
-351
564
801
-149
909
-637
-997
-118
572
41
833
-412
-568
-630
32
-257
393
-920
743
474
-124
97
-328
596
942
-104
756
-904
145
-435
571
86
205
498
-310
429
-534
988
108
452
367
929
-903
-316
-265
-176
864
-857
-913
945
986
-218
-23
204
-601
185
644
-847
-656
887
-596
-34
407
653
-514
862
368
-50
256
-700
-792
-644
584
-520
-228
932
-574
-697
34
-800
129
-792
431
478
-776
-755
4
358
648
698
326
771
-898
-618
784
-759
-31
-166
-682
-112
-324
713
880
935
208
-186
-444
-268
-916
7
718
-294
137
712
195
818
-920
-681
-69
45
-394
801
528
-71
190
-334
885
227
880
129
908
-362
449
-400
-162
779
-760
593
970
289
-134
43
-164
-690
-117
-686
-156
775
943
-873
-287
-272
57
-517
725
-856
-33
491
-52
-824
878
450
540
128
-414
-31
-634
-94
500
378
379
-559
909
627
-285
936
-42
936
691
-586
165
-294
330
-989
855
-472
-622
983
246
633
989
444
675
946
-571
-885
424
-799
368
491
250
-107
460
-418
979
-837
315
-114
891
213
-500
-108
711
503
772
-735
553
-968
-541
948
-431
853
-473
-768
149
-177
-229
-381
286
187
-720
266
-556
-585
-79
-202
280
-266
-359
-148
-661
914
-338
-18
-691
-756
-681
-882
672
-795
-529
-732
-827
-423
369
-461
162
-899
-258
845
854
798
129
726
-686
-284
-489
-644
444
699
-816
96
284
134
-96
-92
-313
393
-546
319
-578
743
924
-427
690
-981
-514
586
103
-781
219
-965
-146
-525
999
529
304
45
627
294
863
-135
-775
150
752
-232
-985
859
-379
-847
-224
-186
-871
218
544
478
172
783
203
606
-30
982
-487
701
36
-926
-21
845
367
-523
243
307
-246
-470
-445
975
256
-70
-519
474
354
785
225
-624
73
669
39
479
-18
-423
498
228
-765
-820
-975
-698
-483
742
-972
497
999
837
784
14
-125
991
-648
-292
-28
-491
-291
442
-190
808
216
457
-92
-531
487
-169
741
-374
-999
-667
976
321
-261
595
262
-757
-747
-201
766
-108
689
544
-566
-551
-168
-921
-934
-213
-408
896
-984
-161
748
502
505
480
966
-713
-561
-205
-919
-446
793
508
-732
411
469
259
-421
-232
674
571
-75
183
262
-407
302
-930
-726
-749
112
-726
894
299
-781
849
166
-317
-599
176
-604
-250
-598
84
-9
717
609
-879
-354
323
446
-258
68
371
-26
962
-492
-176
-934
960
-571
242
-75
-380
-309
-388
331
-170
-993
-882
-469
982
839
510
284
-826
-653
30
731
-242
-955
44
-583
507
-696
-978
-451
949
952
256
-731
723
227
46
-915
-420
607
143
-617
-709
98
-205
142
-243
456
-633
-580
952
-302
-898
-522
185
940
-700
106
577
66
-667
585
-751
164
113
-299
-789
889
-443
-226
816
402
-463
-544
-88
99
562
392
889
159
236
890
707
-318
-990
422
-785
704
814
-896
-118
-934
-475
599
-806
345
550
-869
-525
-337
48
561
-829
45
256
982
-994
119
852
206
-685
-664
237
-660
-327
-431
706
-522
-760
506
749
684
-268
381
820
-58
-635
-738
-44
340
866
628
-101
144
931
-174
180
186
528
206
-122
776
421
-160
693
-270
-35
-612
-648
-910
-865
886
782
-254
-164
-609
-349
762
-137
-11
503
-599
-752
-251
468
-933
-714
-460
-887
584
201
758
-909
-436
404
-434
888
974
-795
222
-293
183
-72
730
397
-374
-899
25
-276
-26
191
514
-749
480
-51
332
-420
-121
532
745
-521
-25
-321
645
534
-445
-533
-762
749
549
-59
915
-826
476
-955
-474
613
477
-655
138
-305
-489
592
561
-476
588
445
858
-719
-812
328
-655
-610
-388
319
-763
-72
-35
-644
313
731
911
782
-95
-921
8
904
-863
181
642
-946
148
73
-694
896
-874
361
-474
883
733
314
456
-526
-514
172
216
880
-259
-378
-580
-887
806
-919
-839
-77
722
749
-647
441
677
-132
835
-200
-795
-935
-212
-629
-415
259
452
-762
-816
920
-970
735
-118
955
-816
595
-495
198
-632
-794
-956
-19
403
152
924
975
906
-182
-809
-32
605
86
-452
835
-892
-348
-678
-178
-493
885
141
-448
306
-281
402
636
371
-387
904
912
198
766
-826
871
-443
672
-978
-639
909
27
-807
828
-204
759
313
595
-133
-366
-907
254
-517
489
-57
-446
-669
-812
-220
361
169
532
866
-937
-129
-230
45
996
57
-134
-33
192
11
-566
780
-58
925
916
-295
-199
-304
-637
465
-333
398
435
272
-656
-897
-996
-189
381
605
-231
207
-277
-996
-282
-564
-162
421
-769
-345
-91
-376
911
770
-863
-765
690
11
718
272
285
-364
163
-738
-365
507
131
-371
-276
539
-68
-292
-950
-799
660
-293
-51
929
272
-45
549
-876
762
-504
722
459
86
218
702
822
9
-746
-470
971
456
-784
129
980
900
718
-771
253
-615
-788
533
-202
327
-358
277
470
761
199
802
-77
717
314
-99
-993
-847
752
-308
439
-858
-266
-681
-908
-330
-799
-297
523
-592
654
358
650
900
436
748
610
-557
-987
104
-933
607
829
47
536
-204
-691
331
293
-922
-716
926
729
-483
672
-777
-299
727
-92
382
-178
328
708
-768
790
775
134
-65
-122
333
-493
-77
-15
-85
574
916
723
577
-95
467
-101
104
79
316
-123
975
598
321
188
-632
504
-111
171
864
729
999
936
-944
597
118
609
885
998
956
-463
38
290
-16
-79
-22
302
920
469
747
-427
-458
-17
-48
-87
-621
851
773
51
134
-289
-37
-544
-124
-618
-638
-689
-976
-836
-997
975
-645
390
-232
308
0
274
-972
-985
-821
-144
-809
-966
-483
695
-22
-644
-934
-794
539
131
710
-466
773
-754
-613
508
930
60
430
300
-20
661
-620
-341
705
-637
204
186
-705
-726
309
-116
331
862
493
630
166
866
973
-908
-738
474
25
316
-118
-863
756
874
627
231
-109
-740
-896
61
419
-543
53
-678
238
-123
-631
337
358
602
404
-433
-630
-735
-771
955
812
-90
-854
-162
103
-478
-624
-854
-564
538
251
-10
-8
-20
659
930
911
615
682
-159
-372
921
430
696
-594
-704
544
-309
650
-496
-522
-741
-875
381
262
-950
911
-195
132
-872
-185
-802
945
860
997
-527
-638
317
491
683
131
9
772
849
636
115
202
729
-655
75
-517
33
51
-996
470
-377
868
268
-536
0
-392
553
224
-305
290
-384
562
-353
-358
-950
814
-262
-54
822
375
-689
-932
-461
179
-815
-429
376
-866
975
335
-320
-402
-347
-294
167
-643
712
-628
973
78
615
-893
252
-705
-945
-884
-240
165
-243
882
-803
969
26
-311
865
147
518
-399
318
-228
-274
321
-22
451
-647
800
320
3
925
735
449
107
-578
232
-515
-741
424
906
-877
603
23
958
83
736
-424
455
-159
377
-451
-154
-86
-942
484
786
949
14
-367
147
-400
86
342
-642
-969
-746
269
-254
-265
-795
332
-958
773
696
-114
997
639
889
-696
984
220
520
266
-181
-263
-285
-375
910
215
863
-843
-871
169
975
485
159
-875
725
982
417
23
-194
361
24
310
-256
838
38
397
469
-38
841
-2
-37
-497
358
670
396
-267
-863
-960
656
-363
788
56
-270
-635
-753
-465
-165
-158
-596
-508
766
-916
-309
-611
221
-247
443
739
-782
-58
638
-144
248
-568
-973
-387
650
-802
-971
-838
-786
168
954
-390
-462
318
209
-445
-535
-659
620
-202
449
838
159
-623
870
-467
664
567
43
160
-547
-274
528
388
638
-407
10
271
-63
626
868
74
382
-543
900
537
741
867
-670
-714
837
-806
368
174
256
-40
611
523
-872
757
704
972
-281
-651
129
-116
908
508
-992
-475
-136
971
549
-394
-201
563
-62
-580
295
162
-854
259
164
171
33
784
-64
-467
-445
754
-289
165
819
850
30
-240
-583
447
594
-826
550
553
636
-384
-715
805
-48
-634
134
-957
-498
-835
-47
560
-394
821
378
630
-684
-5
-877
-100
648
-801
755
-628
-509
483
-781
502
-792
-942
