28 109
0 0 0 1 0 0 0 1 1 1 0 1 0 0 1 0 0 1 1 1 0 0 0 0 1 1 1 0
4 28
28 22
20 3
23 10
5 28
2 6
14 19
15 14
12 7
3 27
13 14
25 24
8 1
4 15
15 21
17 23
16 17
14 7
27 10
6 28
18 11
23 6
23 4
28 16
12 14
19 5
21 8
21 11
23 24
25 15
5 6
24 4
1 25
6 20
3 9
5 13
10 12
14 20
23 28
28 24
18 7
23 18
15 11
13 6
13 23
14 22
1 23
8 3
11 27
2 7
15 3
14 4
2 22
19 20
10 2
24 22
19 18
7 13
25 27
18 4
4 10
4 8
8 19
19 26
6 10
15 7
11 7
7 6
9 1
13 24
27 1
12 25
7 16
19 3
4 3
17 5
3 28
6 4
8 14
1 18
6 26
11 16
15 5
17 15
18 3
3 1
4 26
10 3
21 3
21 7
27 28
27 19
26 23
12 3
16 25
1 6
20 13
16 8
12 20
25 10
28 8
17 26
21 18
27 21
7 19
18 24
18 28
6 25
11 3
