33 356
1 0 0 0 0 0 1 0 1 0 1 1 0 0 1 1 0 0 1 1 0 0 0 1 0 0 1 0 1 0 1 1 1
21 22
1 30
20 30
26 6
31 33
26 24
32 30
6 32
18 20
2 6
13 5
20 10
6 18
2 14
30 2
28 24
24 12
26 2
16 32
32 24
16 24
22 18
24 30
20 28
31 2
8 30
28 30
22 28
14 26
9 10
2 18
26 20
10 18
30 4
4 16
9 12
17 22
30 29
19 10
24 27
20 6
18 24
16 14
12 23
2 25
22 2
26 29
30 22
22 12
8 20
25 32
22 24
18 26
28 29
14 8
22 26
10 32
12 10
10 2
10 5
2 28
14 30
17 32
30 16
22 8
18 28
26 32
28 5
4 29
12 18
8 26
8 32
22 20
16 8
17 14
4 12
14 28
33 18
26 16
26 25
4 33
26 13
14 31
32 28
1 26
8 28
6 4
28 10
18 8
12 26
13 12
22 6
27 10
20 4
28 26
18 4
2 29
7 28
24 14
30 18
33 10
25 8
20 14
32 31
6 31
4 26
9 14
24 20
24 17
4 14
27 32
2 13
22 14
26 3
16 18
20 32
6 10
26 30
16 10
14 10
28 6
20 19
28 16
8 6
2 32
12 28
10 30
4 19
10 8
21 4
18 14
30 12
24 15
23 24
12 21
12 16
12 14
20 12
4 2
29 14
16 31
31 22
6 24
24 4
27 18
10 24
8 2
13 8
10 31
2 24
33 22
12 8
15 26
3 10
32 4
21 30
20 23
4 22
4 10
30 7
17 26
10 17
2 12
11 30
20 33
29 32
28 25
25 33
22 32
7 32
21 8
8 11
30 25
14 6
16 6
14 32
29 21
28 1
30 6
14 5
27 29
23 26
1 2
28 13
4 28
24 11
15 18
15 16
16 22
12 6
30 23
13 32
29 12
23 3
2 9
17 23
28 17
20 2
17 12
7 19
22 27
24 1
20 27
7 2
5 16
3 27
12 3
32 18
26 31
10 7
19 8
33 12
8 29
18 23
26 10
9 6
8 24
11 10
15 4
31 27
32 33
25 24
5 20
13 33
4 3
1 19
5 2
13 6
13 3
16 2
6 11
24 29
18 17
5 12
2 3
17 4
33 6
27 8
16 1
21 26
17 2
31 4
8 31
16 20
1 14
21 28
20 29
25 12
16 27
33 8
31 13
22 10
10 15
6 15
31 28
11 18
32 3
11 19
18 1
7 33
11 16
17 16
5 18
14 25
15 2
27 28
15 22
8 3
33 5
33 14
23 2
5 15
25 6
9 18
12 27
8 1
19 22
8 23
32 5
28 19
15 30
24 33
30 31
3 20
22 5
16 9
11 14
1 12
8 9
3 17
30 3
32 21
28 23
32 19
6 29
33 3
19 3
19 26
8 4
21 20
23 14
6 23
28 11
7 20
16 3
18 21
11 20
19 6
12 7
7 14
20 13
28 9
11 4
32 11
1 6
33 28
24 19
13 22
9 3
2 21
32 9
28 15
32 12
4 25
5 24
8 15
7 6
25 23
8 5
4 5
6 3
19 18
33 26
1 32
31 18
17 8
19 2
23 32
13 16
22 3
19 13
10 29
20 15
6 17
1 11
10 25
30 13
25 20
3 14
30 17
31 21
3 25
25 13
22 23
9 27
15 14
