28 233
0 1 1 1 1 0 1 0 0 0 0 1 0 1 0 1 0 1 0 0 0 1 0 0 1 0 0 1
9 14
18 12
11 27
24 20
19 8
25 14
11 8
24 2
21 6
27 19
22 28
27 2
3 26
25 20
18 25
5 14
4 3
11 28
2 20
25 7
26 1
10 26
23 28
22 18
1 19
4 25
11 9
23 5
12 8
16 26
5 28
5 22
10 20
2 1
26 11
20 6
3 22
18 23
5 8
22 20
13 5
14 18
4 28
10 18
27 15
15 11
19 15
17 4
20 18
28 16
25 19
26 28
2 19
20 3
19 14
14 15
22 17
5 3
19 21
16 22
2 11
2 9
16 25
11 14
5 25
1 5
6 4
27 7
14 13
12 1
4 21
9 24
16 21
14 20
27 21
20 4
26 18
25 15
11 5
4 13
5 18
1 7
13 26
15 18
21 25
18 16
17 26
6 28
4 10
17 14
13 28
16 9
7 12
3 8
13 27
1 8
13 6
13 11
13 9
12 21
10 19
10 13
9 6
22 11
13 3
10 7
21 15
25 2
21 22
25 27
12 6
15 22
27 10
17 8
8 22
21 23
7 18
14 27
4 12
13 19
7 14
26 8
14 16
4 24
6 3
22 25
8 14
9 25
18 6
21 17
1 17
3 10
15 4
17 18
23 1
27 17
28 18
24 13
6 26
16 3
25 13
22 14
10 22
6 1
16 5
23 20
24 21
7 6
3 1
16 4
7 8
27 24
2 8
19 12
12 17
20 11
7 11
4 5
9 12
12 14
8 15
9 26
2 16
12 13
16 11
3 18
19 17
16 1
17 2
19 22
1 14
22 13
1 25
12 20
25 11
18 9
9 15
23 22
3 27
9 4
14 2
10 25
27 8
28 21
13 16
4 18
10 21
17 13
24 28
22 2
2 10
14 26
23 25
10 24
3 17
12 28
12 22
10 1
3 12
5 17
2 3
23 10
24 23
8 20
16 7
6 27
13 2
16 12
15 10
2 26
28 20
3 9
15 12
16 27
26 20
9 19
26 12
5 24
24 18
2 18
15 3
7 19
5 19
3 21
14 21
13 21
14 24
12 10
22 24
27 20
26 21
4 2
25 26
