34 227
1 0 0 0 0 0 1 0 1 0 0 1 1 1 0 1 1 0 1 1 1 1 0 0 1 1 0 0 1 1 0 1 1 0
23 28
23 14
33 11
5 2
2 12
12 7
19 17
21 27
3 6
25 9
21 4
25 6
18 23
17 12
3 26
15 12
21 23
8 13
2 4
11 12
15 27
14 26
26 15
12 30
13 29
8 24
3 4
27 24
34 33
10 19
32 8
22 18
13 28
30 5
12 18
12 24
12 14
24 6
32 29
9 13
24 1
6 8
8 33
5 27
9 29
12 34
7 9
20 11
23 31
3 18
29 14
23 2
5 18
29 28
20 3
14 11
33 24
14 17
10 27
16 11
33 22
34 13
23 7
21 2
3 11
31 30
11 22
20 18
12 25
28 4
30 16
32 18
24 7
33 9
33 12
16 20
30 32
22 14
3 16
8 26
1 12
20 6
19 16
26 6
33 23
12 3
34 9
23 1
22 34
21 22
32 26
13 12
16 25
3 34
7 16
29 19
29 7
5 11
34 27
25 23
34 21
11 19
6 15
20 7
28 22
2 10
2 30
3 29
33 7
6 23
19 13
17 11
31 2
3 13
11 4
29 17
5 29
18 26
7 4
21 1
17 5
4 31
20 21
19 20
11 18
30 20
27 16
22 20
31 11
10 3
12 22
29 6
4 17
8 14
21 8
11 30
17 15
34 31
22 1
32 17
18 19
16 32
22 13
8 15
33 10
34 5
17 23
27 25
23 10
6 32
1 20
7 2
4 14
12 5
26 31
10 8
29 23
1 4
23 20
6 22
8 18
18 33
2 16
10 20
13 16
25 15
22 30
22 17
29 8
1 17
24 21
15 3
29 4
15 16
5 16
24 9
28 26
9 8
15 28
14 15
2 28
32 31
15 4
2 14
9 23
25 3
30 1
18 21
8 28
14 28
19 22
32 2
15 34
14 6
14 13
20 33
23 12
2 19
12 8
32 9
26 29
22 31
13 21
27 4
14 30
29 33
25 7
6 21
17 18
12 27
1 3
10 30
5 1
5 20
34 26
5 31
4 16
26 5
33 1
2 27
27 22
30 25
1 28
9 27
28 21
33 17
19 28
