38 468
1 1 0 1 0 1 1 0 1 1 0 0 0 1 1 0 1 0 1 0 0 0 1 1 0 0 1 0 1 0 1 0 0 0 1 0 0 0
10 12
8 20
20 13
8 7
37 20
4 25
3 28
28 25
3 15
16 10
9 10
5 34
2 9
19 13
25 26
19 22
33 13
7 28
28 26
18 13
10 24
25 6
20 15
32 5
23 36
26 8
9 23
12 32
37 28
21 18
38 12
5 6
4 6
22 17
36 8
29 18
35 1
38 18
34 36
9 6
21 13
14 32
4 9
16 36
18 22
20 10
28 16
38 26
19 32
6 18
31 36
35 32
15 11
19 23
11 18
29 14
28 24
2 31
35 31
26 32
37 33
2 17
11 8
38 4
19 24
6 20
32 23
16 29
16 32
18 7
24 13
20 12
29 27
26 27
36 19
30 33
19 18
10 7
24 27
7 17
25 9
14 23
21 37
34 22
1 11
28 12
28 13
36 9
33 38
15 18
16 20
22 29
22 37
26 20
31 5
5 33
36 37
7 37
16 25
7 29
6 21
8 28
8 12
10 30
31 25
29 38
2 7
32 9
24 20
36 25
7 33
29 17
21 12
14 5
29 19
25 33
31 37
31 23
2 23
11 29
11 28
29 25
18 32
34 10
30 7
35 16
38 16
1 32
11 4
17 35
9 7
29 3
28 17
8 3
24 33
22 36
18 2
26 23
19 34
17 15
11 31
29 31
38 31
32 8
24 37
23 37
8 21
13 34
6 8
29 15
27 31
21 5
31 9
20 4
15 38
8 9
2 36
37 27
24 15
26 30
11 30
36 27
15 2
21 14
13 29
5 27
8 25
6 26
30 8
38 22
30 28
19 12
6 15
10 29
35 38
32 21
9 22
33 19
15 28
17 6
8 37
9 16
28 21
7 11
5 24
1 36
23 21
10 15
38 13
7 26
5 37
33 6
33 35
23 10
1 29
16 23
8 14
10 17
1 16
21 10
32 28
35 4
14 10
25 14
35 23
22 30
23 13
37 18
33 18
7 14
36 3
10 25
1 8
7 25
21 1
11 24
4 21
1 38
13 10
36 24
32 29
27 15
25 5
35 14
5 20
38 20
8 34
12 3
12 13
18 14
2 34
19 21
23 20
31 1
35 18
3 25
4 29
25 18
5 26
30 6
26 2
14 28
14 2
4 17
16 19
35 9
10 3
30 12
27 28
21 22
11 38
17 38
20 17
34 38
35 24
34 15
35 29
35 10
20 11
12 25
19 1
10 8
17 36
11 34
33 3
22 13
19 28
3 27
13 1
9 13
21 2
12 16
15 19
36 12
18 28
21 7
16 4
21 33
5 4
32 2
38 30
7 24
38 19
17 24
3 14
10 19
7 6
9 18
30 13
8 38
35 20
3 4
24 3
1 30
26 9
14 9
20 9
32 36
1 23
4 37
20 2
3 17
31 19
33 8
11 22
19 14
28 1
30 14
6 38
21 20
28 4
17 26
6 14
16 30
7 1
6 3
33 11
35 12
20 3
29 26
33 2
22 8
16 24
31 3
16 18
18 1
29 20
4 13
38 5
27 19
30 23
23 15
10 36
12 34
21 16
3 23
36 14
11 23
38 32
10 37
11 13
7 20
30 20
17 23
1 5
21 36
16 14
25 13
8 5
22 4
15 14
27 33
4 23
33 28
13 8
14 38
31 8
15 35
29 6
35 8
33 10
27 14
7 38
2 6
10 11
38 9
14 4
11 25
21 38
9 12
36 28
21 34
28 34
3 30
7 34
3 16
32 27
32 22
18 12
10 28
15 12
13 37
17 33
29 28
10 6
15 1
18 36
5 17
36 7
6 11
2 3
31 32
25 24
11 21
34 23
25 15
29 9
7 4
37 17
2 29
15 31
9 3
36 35
6 22
19 6
20 25
27 11
11 19
25 1
30 35
17 14
20 19
38 28
1 34
26 22
37 1
16 8
18 3
12 29
15 37
37 6
22 12
35 7
15 4
4 18
4 8
30 29
33 23
26 24
11 3
36 33
21 24
12 24
13 15
31 16
1 24
12 37
32 34
20 27
38 24
27 18
19 35
25 30
4 26
3 26
37 34
12 23
27 30
17 31
2 27
16 2
32 6
31 12
26 11
22 3
36 13
31 33
19 4
18 31
24 14
5 28
32 15
37 29
8 23
29 33
24 32
25 19
2 13
