29 212
0 1 1 0 1 1 0 1 1 1 0 0 1 0 1 0 1 1 1 1 1 1 0 1 0 1 1 1 0
6 18
22 20
20 15
29 10
24 8
8 26
12 18
4 21
10 14
16 2
16 4
20 18
11 6
4 29
12 6
12 22
28 26
10 6
24 16
2 18
8 10
14 27
8 6
2 13
17 8
17 12
16 18
20 28
24 2
18 14
18 27
8 22
28 2
18 10
18 22
27 3
24 28
4 10
10 12
26 20
8 18
14 8
28 22
6 16
4 11
6 13
6 2
16 14
16 12
22 10
28 7
22 26
20 2
4 26
28 6
27 24
6 24
21 7
26 6
16 27
2 29
9 12
20 4
18 5
14 21
4 6
2 17
24 14
21 8
26 2
24 4
2 4
14 26
16 8
26 18
2 12
16 22
28 12
4 18
20 7
22 1
16 10
22 24
28 21
25 28
18 24
25 2
23 22
23 12
6 22
26 16
2 8
4 8
20 8
14 12
1 10
26 15
18 25
12 20
12 3
7 26
24 26
14 20
8 23
1 28
29 16
13 18
14 6
18 19
19 12
13 20
20 24
12 4
6 21
18 28
24 12
5 24
22 14
10 27
4 22
8 28
3 20
23 4
24 10
14 2
18 1
10 26
27 12
12 8
16 28
5 22
15 24
4 25
10 23
4 14
26 12
8 27
22 2
7 6
28 10
10 21
4 1
10 15
5 8
14 9
25 8
5 11
23 20
15 18
10 20
11 16
12 13
14 29
5 13
21 26
23 16
14 17
28 19
27 22
13 10
6 5
6 15
6 17
10 2
1 20
20 6
26 29
11 10
28 3
11 22
3 18
16 19
15 23
27 20
26 11
16 9
10 5
18 17
20 16
14 23
2 1
4 15
18 23
25 12
7 12
7 15
4 28
24 25
11 15
12 21
15 5
9 24
18 21
15 29
16 17
15 14
4 3
19 2
3 15
20 21
20 25
21 16
17 10
29 24
22 9
23 26
25 26
1 26
18 9
27 2
25 14
1 24
