32 436
0 0 0 1 0 0 1 0 0 1 0 1 0 0 0 1 1 0 0 0 0 0 0 0 0 1 0 0 1 0 1 1
7 30
26 22
6 14
1 13
6 24
21 13
3 6
21 11
22 3
29 9
1 29
19 25
7 2
21 29
17 25
13 6
10 11
20 10
24 13
16 30
18 8
31 18
7 31
18 29
27 14
32 18
3 24
16 21
14 5
6 16
5 3
26 16
28 20
25 30
26 1
30 18
10 25
32 3
30 32
5 20
3 2
10 5
24 21
27 20
31 4
30 23
20 17
5 17
14 31
14 21
24 12
3 18
25 3
10 27
23 12
15 23
31 10
2 14
18 22
4 8
1 21
11 32
22 13
6 19
29 8
20 29
24 16
5 4
29 11
28 30
12 18
25 21
4 22
7 10
7 21
26 13
7 28
15 29
5 27
16 11
31 24
23 22
21 15
18 7
16 4
24 32
10 26
23 17
2 32
3 29
29 24
11 8
17 16
19 20
16 5
31 28
2 4
1 8
28 29
26 18
23 8
8 9
19 15
31 26
3 23
22 1
6 27
13 30
5 28
17 31
17 15
6 26
5 29
22 19
19 3
2 27
31 5
10 15
6 30
11 5
32 7
19 10
26 25
19 23
28 11
10 18
18 1
8 27
1 23
22 14
7 9
18 4
13 31
4 1
9 15
12 26
8 5
29 27
30 17
23 27
9 22
31 15
16 20
3 21
5 22
1 10
10 30
27 1
6 28
2 20
9 30
15 26
5 32
11 17
5 26
13 9
17 4
29 10
25 24
26 11
4 28
4 23
20 12
28 10
28 8
26 32
31 25
5 7
21 19
21 28
18 9
1 17
31 11
8 26
1 14
3 17
10 13
15 28
19 27
17 28
2 1
12 29
11 15
9 3
32 21
14 13
24 1
27 13
8 19
6 2
18 11
11 23
28 25
27 32
12 2
3 30
17 10
15 3
23 21
2 10
14 10
14 15
1 20
25 8
30 24
25 9
22 15
19 13
28 23
15 27
21 17
22 7
29 17
30 31
31 8
27 17
31 22
10 9
10 6
10 24
30 19
12 13
1 16
24 14
21 27
6 18
9 4
19 26
9 5
2 26
11 24
18 13
32 15
22 27
18 28
11 12
26 30
30 22
5 25
7 4
24 27
18 16
29 19
24 17
24 15
13 25
13 5
25 16
15 4
26 21
31 27
3 20
12 19
8 20
18 14
14 4
7 11
27 26
23 31
3 31
17 18
7 12
1 6
28 12
24 8
32 13
28 13
11 27
4 21
19 17
10 3
28 27
31 16
4 25
24 28
7 24
25 18
20 24
15 7
11 1
29 6
24 23
32 28
8 17
17 9
17 14
10 4
30 27
22 10
23 16
3 7
5 12
18 5
17 22
2 9
25 1
13 11
12 31
9 28
20 6
32 23
10 12
27 25
12 32
22 6
6 31
28 1
30 1
29 31
3 12
23 25
14 9
12 9
28 14
28 19
1 19
15 13
16 15
11 20
19 4
9 23
9 1
3 11
7 16
10 21
6 9
14 23
19 9
9 32
7 1
15 30
11 30
12 1
22 20
19 5
28 2
32 16
32 31
6 5
22 2
5 1
30 12
14 29
26 14
11 25
10 23
9 26
21 2
27 12
32 29
27 18
22 11
19 18
20 25
19 16
28 22
25 12
6 11
6 17
9 11
26 3
19 32
2 18
26 4
24 5
18 21
26 29
4 13
13 3
22 21
17 32
3 8
31 21
2 19
21 6
7 20
32 6
16 14
23 18
7 6
22 32
13 16
28 26
13 29
19 24
19 31
21 9
3 27
20 15
20 26
20 23
16 29
14 8
30 29
25 6
5 2
7 17
16 2
26 17
23 13
6 8
24 22
12 14
28 3
19 11
22 29
4 12
24 2
23 7
11 4
22 25
2 11
30 14
8 10
13 7
24 18
1 15
14 20
3 1
21 30
15 8
32 8
30 5
3 14
12 16
5 15
15 12
8 12
2 31
25 32
2 23
7 26
30 4
4 32
15 25
17 12
