2908 24437 71062797
1624
3272
2187
6041
1117
210
126
2787
5077
987
4929
5010
3727
6082
6065
5293
1432
4948
5348
5049
5543
926
2019
5990
3126
5690
5671
5834
5358
845
362
943
208
477
765
1784
1618
3614
4325
4237
3465
297
4398
1585
635
2185
5189
3178
4545
721
1353
2820
1519
2653
5114
1032
252
492
5310
1586
783
5944
3820
1327
5239
2793
509
1101
1202
73
5931
6132
1718
4707
5312
5843
2334
5142
1172
2682
4005
4010
4751
3358
3358
3149
4111
254
5036
3926
162
4993
4125
4566
17
3392
5530
414
1646
4695
2005
2289
188
944
4890
4025
2191
5770
3216
5246
595
3832
4240
2303
1244
2097
5146
748
2148
1364
877
4277
6113
6323
3094
90
398
5159
4225
3362
928
180
2254
993
1001
2029
4918
5714
4706
6128
3671
5111
3610
5942
746
2449
2052
124
6321
883
1781
3426
115
1012
4831
3320
1304
2841
6050
2455
4496
1664
5541
4778
2001
945
2747
3371
1431
5079
2605
5113
2348
3249
3645
3365
4793
6088
5658
6279
1566
3230
516
4111
2628
5573
6432
4682
469
2881
5738
6248
3483
3616
503
1194
2037
4278
1778
120
2374
5465
4659
5597
4315
5323
4561
2858
3005
1156
6490
2445
2966
1694
1551
6533
476
392
563
3113
50
4201
2185
261
1682
6416
2917
2584
495
5019
6628
4622
5812
1404
1822
5699
4535
614
1664
4005
1574
2619
5969
626
3580
4504
2812
3879
5280
1433
746
502
1902
588
3971
3018
6602
1083
6442
372
874
1163
6528
3896
3755
2106
5326
609
4731
1056
4475
3405
1287
304
291
1927
6223
6226
3046
5806
3188
6390
3369
1009
4379
3215
3395
2654
6773
4494
1057
1582
3522
4733
5551
2767
355
2576
2777
5814
3017
3030
4349
3169
31
4975
1611
1482
6332
3979
5231
5527
6805
3508
4106
1072
325
6244
5188
305
3688
2362
3205
2314
1058
5672
6042
5522
16
5693
1020
47
2521
1509
2501
3372
5507
1980
1698
4096
957
5711
561
6411
6664
2835
6082
4465
5258
5165
970
2162
2532
6015
4012
2597
1022
5372
4253
1522
4279
235
4534
895
3336
4337
789
4544
1978
537
477
943
734
2100
2457
6328
71
6910
3479
713
4392
3939
3892
5138
1612
3806
1685
586
4331
1048
5357
6446
4885
5655
1986
4874
6532
3419
2541
1711
2710
3907
965
3826
392
6541
2208
6692
2509
5029
6866
361
3614
6991
6412
1850
5486
5905
6920
6239
2940
6791
5482
310
2731
1584
5514
5713
6766
1755
6993
593
3738
4956
3982
5597
5359
952
971
2176
2178
1875
859
1649
5108
2247
5347
3615
1640
2255
3921
2221
1210
2543
3207
717
7119
1165
6220
3771
4781
6066
159
437
5424
1513
3500
5761
6811
577
3267
1572
6516
731
738
1724
3497
4052
6934
1354
3968
6214
7182
4470
3241
395
7306
6371
5526
5265
749
2134
3138
4847
3467
3600
2089
62
7001
3695
5540
1952
817
780
5543
6386
13
352
1207
1029
5420
7403
6987
1410
318
5421
4876
7424
6795
3022
1560
2092
1858
1765
4216
87
153
6414
6015
5662
5783
3051
5109
4145
7523
5155
3630
6316
1370
6994
7086
500
4701
171
1622
781
7574
6258
6324
1102
6666
4444
2008
5986
431
1984
5842
4708
6465
5326
1210
886
83
3071
3547
5823
6597
3785
3073
5428
65
665
5945
4934
4379
2352
203
971
6210
678
4337
4027
6942
7704
3171
1735
5316
2194
5445
4975
2084
3976
2136
4266
4185
6444
7047
4629
5969
5866
1633
6508
3061
7711
7250
6109
5614
168
3396
2135
6788
6205
3428
7485
4566
5027
6711
6647
4780
6465
4007
6793
3063
7120
7679
3173
3469
7674
4463
4425
999
6555
839
6547
3816
5233
1160
5186
2549
5149
6467
1014
4181
6337
7597
3563
6570
4479
1613
951
5495
2240
1643
2506
242
2850
3640
431
2526
3047
3453
4018
1861
471
2509
379
2820
8023
2379
6349
5465
7559
1897
3052
7567
2551
2148
1668
3489
6793
2837
7234
3806
911
6683
1724
4277
5084
1002
6844
523
5391
3407
2899
3204
6870
5989
3611
7870
8066
3590
572
5095
2885
5629
5215
183
5565
1509
5226
2047
5539
3610
7005
5543
4476
6378
4969
7866
2574
7563
1076
5001
584
1522
1537
6954
8173
1731
3074
5721
6965
4652
5934
6562
4649
6869
647
6148
5237
4761
1786
1552
3359
1820
2270
395
3420
6310
6054
6947
3084
7021
6991
189
1941
2262
2630
5880
3144
6832
4650
218
8234
7715
7013
6472
6282
2144
3148
3703
5589
4433
3284
7770
4848
3888
3343
4476
3066
548
3790
213
1540
7610
2222
2138
6045
1537
3366
6096
1258
1200
5722
2364
1385
397
4668
1390
2998
8315
8466
4821
8145
6314
3647
6567
918
3324
420
4487
1880
5655
3994
6856
2553
4017
5065
1170
2199
7707
1410
5148
7988
6826
2352
4129
1436
460
6915
8653
7655
5105
7088
8231
7846
5595
2623
1660
5944
3993
8178
8523
1590
4046
6342
7406
3417
1283
6805
6345
8766
8299
1798
5794
2785
742
2691
6625
8842
4219
6813
2684
7239
2239
348
6225
3460
4380
1789
4186
700
4653
3909
2621
7256
4471
2190
6506
377
6332
1281
6699
1223
2480
6838
2630
6351
3917
4978
8958
7281
2215
8203
7765
7269
5107
8223
3973
6228
6992
5205
4599
1282
3188
7178
8341
4329
6557
4234
8555
5424
8121
823
7120
3183
2309
7533
6764
264
1951
3520
107
1317
2692
6782
2602
8003
5090
2866
1745
8567
4814
4849
7453
8851
856
1228
8431
4886
8806
8840
4248
3306
2363
7482
8181
7386
236
3845
6043
8094
1174
8914
1704
6803
3740
4357
9031
4008
2381
1430
6862
1199
4329
9647
7632
4296
5904
3237
4977
4033
922
1417
2472
22
8846
5868
8184
2066
4258
4106
3416
6993
6508
6302
5370
3360
1998
9314
23
6106
2697
4660
1229
3672
8973
5124
6170
139
1548
4223
6962
804
2323
6076
4579
4204
2014
1463
8073
164
9561
3507
5639
1635
3319
6390
6708
7270
6259
8575
6590
8037
2759
2776
4287
5469
3467
507
2993
2324
4184
5991
154
2819
440
4135
10179
3117
4023
2851
2147
9816
4411
9417
4908
2944
3161
4618
9761
11
9954
4609
10016
4664
8970
7654
1573
189
5498
5491
8075
6188
8570
4214
1121
2151
2247
6806
3928
5552
10154
10381
6655
5528
3626
10083
5685
9889
2645
3130
10462
5030
10589
8479
3596
7077
729
7720
150
4138
3757
5826
7520
9224
8298
10682
9533
7939
8402
3663
5304
1337
4509
3817
10516
700
3728
5782
10566
4274
3787
5881
6463
9536
10680
3583
3520
5255
4459
43
939
10471
1280
10640
7084
2506
3841
309
6864
9381
1811
1772
6511
8165
5218
6628
1776
2471
7896
5649
3580
7509
9568
1641
10815
3845
10756
153
3390
7112
3210
1950
3878
8370
5759
962
7750
441
6529
11417
6424
6228
5406
3447
6936
3592
1430
1525
3200
10424
3055
11086
6696
11196
4195
5422
10143
6949
2944
10474
1520
6978
5969
6135
9168
8566
3408
290
21
2085
10809
8041
2150
4834
11344
11808
8561
10571
11990
9332
9881
9271
1018
9824
4217
7607
6410
3926
5692
2668
10212
10959
1771
11482
1082
8416
3661
5240
18
4778
5138
9842
3541
3030
6347
2482
9138
7606
3476
9772
5113
1825
1770
6959
593
7395
10859
40
1249
9271
9606
971
2986
9569
9014
2118
6216
270
1222
9921
11310
10372
5223
7900
5382
5488
2285
8562
7250
4270
10124
1329
7505
9437
9154
6170
2399
3711
1216
11747
5473
11792
2314
4550
12695
1871
3909
547
9982
5855
2935
7871
6673
4377
8390
1768
9717
3963
13023
11422
2159
3715
10300
10487
3740
13594
6325
12792
12662
9408
6986
6263
9571
9802
6663
2397
11910
5221
8057
3208
1734
10022
2932
10655
6663
461
1516
659
7846
3684
9314
6007
499
13816
7425
13755
5121
12821
11327
1116
9527
13207
1605
4105
5237
12877
3252
1783
11460
4045
6969
1366
5379
1474
1731
14236
4172
6537
10609
5234
5394
2017
4782
8128
10534
12947
9044
7533
11976
15209
2561
2483
8081
5682
7134
10745
13323
1396
7185
11813
13707
8469
12517
11224
977
6956
12544
14155
6983
2794
15883
2722
10941
12535
5769
15765
14556
3048
14944
9796
5028
1344
3687
5612
13367
2569
15608
6571
4106
1874
13731
9982
2810
15893
8110
562
10279
9582
14899
2372
2901
3485
16913
6852
6736
2428
3778
3462
12528
11786
2089
5677
8032
10873
13847
16585
955
1025
13702
5466
2942
8929
9369
6354
8369
12450
12316
15754
13256
1636
11766
17700
10210
15770
2376
13790
9414
15457
10221
945
8208
14777
10366
4372
19224
4025
2685
8030
1487
3674
18144
6452
18207
5610
15276
11298
1431
8953
19301
1743
10457
14285
11109
3403
5634
15676
5392
18374
2808
10668
11910
19595
12199
280
19249
13812
9067
4306
2709
4427
21991
14483
11275
22155
5250
13244
4105
6174
13595
21374
4232
8513
20360
9012
20803
15901
6200
11512
10122
931
6824
6752
21051
13661
22470
7483
9418
3041
17358
813
12193
13588
4404
5742
59
11382
18500
5799
1763
25463
25586
17503
6887
6060
1436
4535
19883
14662
24513
22739
9242
27311
5147
9633
22665
15061
26251
12636
3270
20691
15859
23824
19269
14210
1850
7622
28221
28590
25888
20912
18217
8402
4345
10444
11219
4262
16920
17185
19887
20563
32799
31375
8774
28963
1857
13398
25621
21025
29382
27870
16680
33004
35982
5541
37824
15180
30567
21312
20161
12003
34625
7456
18595
11907
37885
26699
26400
35985
30347
37663
7588
42652
5983
44034
11750
57467
37445
39223
43850
10652
38656
11804
2888
58831
13687
16231
31937
51344
55797
52768
44428
142165
303510
