12313 22850 281352051
8464
494
25
635
846
845
34
1162
163
929
670
17
76
547
1022
18
41
1171
763
999
664
391
1069
139
1033
925
261
651
571
253
582
778
1140
898
793
920
259
310
132
958
640
340
857
1048
519
630
394
32
394
1035
745
719
1067
1143
987
482
1121
502
153
1042
998
398
847
1066
226
558
230
241
884
1069
292
736
1162
335
384
156
206
861
532
842
797
179
505
943
4
437
1040
1133
681
107
1001
915
925
956
105
197
593
572
165
943
637
355
315
591
364
708
719
1018
429
105
82
508
295
1057
477
1117
314
267
858
547
21
1133
949
200
662
517
573
84
111
372
1154
1128
55
348
1063
328
507
322
705
763
913
404
781
268
585
675
187
271
360
203
44
132
801
990
340
568
1057
217
990
80
992
303
831
567
246
109
500
992
1056
839
461
729
989
971
965
907
936
596
436
22
610
921
807
639
1180
784
346
1169
650
540
481
543
437
422
872
570
669
404
538
973
161
889
1130
1098
470
859
1181
962
351
780
327
956
703
828
229
875
70
307
826
792
484
903
859
483
758
200
1143
513
36
547
513
397
154
281
75
891
641
410
643
669
750
925
459
1020
298
456
867
1127
356
142
561
64
822
209
323
86
353
136
1084
29
891
151
622
637
1184
864
426
791
1111
754
1184
941
500
556
558
264
975
626
69
1191
54
1074
327
1141
938
777
467
1123
293
151
23
783
5
617
612
447
880
1061
97
705
277
299
1186
649
906
485
394
1059
885
949
1114
25
813
522
604
1203
673
606
159
276
1058
915
825
782
305
903
530
78
776
241
474
221
1026
0
1140
877
475
38
1001
150
903
839
57
417
407
968
304
1141
266
962
154
4
247
532
386
791
1010
966
280
661
994
743
400
154
1165
71
611
286
855
1016
660
561
1072
592
853
874
674
534
500
686
11
561
537
1194
347
196
571
662
1047
78
44
751
746
386
283
883
957
175
1096
189
181
599
493
199
199
1099
884
529
430
827
74
714
980
1162
136
713
1095
930
1144
538
231
676
792
723
104
287
593
996
291
1049
738
405
954
243
95
747
836
1085
898
715
279
464
104
227
1152
220
509
669
592
1079
1052
713
1185
638
70
1040
713
1040
83
811
919
635
38
680
243
1181
597
1088
768
610
20
75
722
844
307
517
488
816
282
990
849
237
911
503
256
395
948
837
522
484
398
677
1053
1103
941
207
51
1039
1209
33
853
1197
913
352
421
400
211
205
690
535
906
172
180
128
694
643
922
426
229
80
843
1064
427
921
876
544
634
1062
358
785
423
509
1067
962
17
414
1098
138
180
61
322
331
137
1208
784
1170
54
998
485
651
226
796
619
241
929
722
383
413
1152
595
873
251
629
956
573
1033
985
996
726
20
1011
940
374
940
1143
1042
741
206
81
764
17
787
566
84
844
1119
1026
173
1135
455
1120
554
1098
506
120
524
523
820
225
353
1081
275
1018
784
756
786
788
201
620
607
693
255
815
667
272
331
743
535
491
908
389
672
375
87
1124
1170
996
46
485
841
771
1188
336
803
758
160
863
43
486
738
730
867
1041
380
656
655
1014
140
1126
496
819
522
996
66
307
821
960
705
487
1079
636
908
715
113
55
316
134
448
736
1085
103
632
3
844
702
1105
1023
142
117
1103
1095
821
265
259
789
178
1136
1231
500
567
975
338
833
213
442
1106
888
153
251
738
728
78
350
49
477
505
1173
58
1164
360
969
345
488
174
284
834
575
1213
719
721
1035
69
1227
721
871
527
1223
743
156
563
500
230
1161
390
324
567
532
399
464
662
95
232
519
431
294
358
687
231
910
14
199
807
423
53
903
176
1132
654
605
30
480
956
1044
868
441
756
25
388
115
1061
35
461
1060
1166
202
180
532
1053
927
532
679
1106
280
821
257
1229
1075
1234
1143
224
421
620
837
969
774
91
626
841
163
728
540
309
18
178
1033
382
700
1206
76
82
558
183
222
586
885
261
774
1090
1092
1066
875
337
556
926
1033
836
428
445
1173
697
672
28
118
23
850
1242
873
426
454
403
379
214
383
89
1107
422
237
1061
174
769
951
809
740
539
29
1168
400
45
37
641
960
701
601
278
899
421
1179
237
1174
329
935
609
738
47
881
239
693
666
889
644
665
862
270
293
458
1171
247
1087
626
782
1144
317
1017
321
26
1019
588
228
1218
719
1199
133
888
11
783
1220
5
411
816
335
1056
518
1230
1057
204
252
135
303
1098
1175
313
60
522
354
253
660
56
757
450
1015
38
975
190
395
954
815
498
806
523
64
372
761
834
765
306
185
626
632
797
90
461
8
1145
955
61
784
744
545
179
339
1187
859
207
626
998
651
191
309
837
836
299
927
607
1030
842
701
124
70
1140
934
295
269
888
984
627
1053
978
225
1232
807
809
1159
356
842
578
209
1231
1082
237
396
557
123
1017
440
953
811
595
1111
745
801
775
391
445
329
1215
914
705
711
35
381
1044
1111
897
672
820
145
393
1181
1095
885
985
1136
211
407
811
174
849
326
571
1110
601
421
745
278
54
515
71
445
753
12
371
950
301
893
1251
1204
525
146
554
365
882
875
768
1227
639
1079
1164
601
771
334
863
743
562
397
542
257
300
106
187
1224
847
712
1001
1014
490
183
121
971
1103
1185
422
1253
675
886
711
1070
356
1134
1020
592
309
102
349
609
983
1182
193
14
1259
865
288
1166
271
10
574
23
787
1050
1182
1204
835
239
1264
682
1042
796
284
924
890
1202
595
13
1251
252
717
541
407
1189
153
866
1048
842
136
1057
982
751
720
817
1121
756
744
1076
784
649
1001
1035
1237
496
422
1023
390
130
1186
496
1133
351
1207
1042
768
133
1158
970
163
1225
103
199
537
681
932
1009
292
756
1253
571
12
904
770
59
44
672
844
417
210
934
999
1049
859
1002
414
160
578
540
1148
750
449
453
716
834
1147
1201
257
608
789
542
785
965
52
800
5
323
706
973
480
1065
213
360
320
1123
942
1224
675
684
932
840
267
1227
546
621
1127
949
67
581
263
1052
1119
714
1109
302
762
763
189
1006
701
322
1193
788
1059
341
296
549
203
1037
1004
193
718
586
725
1088
701
36
1024
1028
462
321
388
1267
823
45
52
688
383
462
587
1175
713
1181
1155
151
1041
777
736
957
1034
845
86
160
910
80
785
939
1014
879
368
930
1075
817
1178
845
346
173
223
348
25
218
440
1118
355
1147
1094
1000
34
17
240
492
1283
565
499
89
176
1104
705
651
51
301
494
1153
903
149
664
28
458
1085
363
1263
713
944
701
651
946
1145
423
664
155
21
430
705
608
963
1207
436
1084
283
23
1259
879
209
506
442
71
956
1148
174
67
821
36
268
68
184
324
547
258
164
422
1083
368
1184
213
289
148
608
465
1283
728
599
1274
706
585
251
171
1226
586
186
1022
99
618
85
1245
969
279
1207
507
217
671
861
1131
399
365
1005
856
1036
896
988
435
1007
924
106
1266
43
1105
811
848
1067
419
693
504
632
203
713
77
372
758
631
617
44
762
1243
754
636
629
1165
879
948
114
785
115
1194
592
752
416
985
403
1112
152
260
50
602
339
245
961
1124
1205
280
1072
106
95
482
922
698
1188
1210
482
856
1077
423
161
785
328
791
168
250
1081
759
1281
407
408
1217
290
297
65
255
1154
547
485
447
236
1
1241
242
180
917
361
1052
862
468
18
235
1246
1108
853
1014
891
935
283
367
1019
1280
1034
523
867
44
875
35
667
74
690
723
1093
1281
824
1118
977
203
1049
1287
1204
506
1106
392
340
187
33
1121
584
1245
433
907
564
26
1043
1299
426
1017
658
538
840
916
565
822
900
565
748
613
853
303
123
822
813
1129
865
866
329
688
775
1266
480
267
74
1014
461
507
506
859
443
566
1216
790
1109
735
535
408
683
682
1192
589
1237
872
7
204
626
1064
706
332
117
4
654
110
628
1242
996
1304
43
128
60
542
1253
662
297
874
491
765
551
1096
577
529
1308
937
227
147
414
1181
142
71
473
761
1290
461
939
599
353
1047
264
1052
375
1150
492
197
1016
519
544
922
705
1009
1195
41
1316
906
1091
285
986
485
355
996
1011
761
695
23
646
1025
12
1314
950
18
752
1103
445
310
18
958
1095
1309
342
97
915
356
829
885
356
199
673
303
82
852
1139
183
904
740
154
1319
667
347
919
728
542
482
329
36
237
680
977
40
445
1080
680
1285
1046
852
177
1137
965
1123
1290
878
959
1098
630
554
608
1147
425
325
1288
1084
117
1075
1036
265
382
8
36
978
114
660
819
252
1155
378
656
1239
515
728
436
854
1188
1291
178
273
667
1021
1265
595
1222
318
1237
709
1273
422
434
832
815
863
198
783
978
449
803
419
280
397
1235
231
846
433
300
153
867
302
582
746
1026
612
404
1171
898
946
1194
879
16
465
1140
359
418
811
789
655
321
333
1312
1270
34
1254
1024
687
280
350
207
1216
40
844
808
8
1144
4
1230
710
1325
419
122
110
1328
1322
103
1255
34
46
179
21
101
900
139
576
232
736
951
1200
194
1299
1317
1105
1252
224
1021
1164
435
332
275
1238
798
98
1245
92
905
56
880
1026
449
343
397
796
955
585
214
408
963
401
177
559
248
474
720
957
846
1274
1213
542
805
1250
179
734
873
1069
1047
377
265
247
660
741
896
29
1087
714
1153
211
310
512
995
1158
281
4
766
321
304
1022
545
1068
242
333
159
735
177
1312
188
966
324
1
407
409
856
251
698
890
313
808
276
898
152
953
455
513
817
837
169
936
699
1130
773
958
113
96
1046
416
646
1161
495
239
1062
737
840
1186
567
611
1211
1186
713
55
787
1195
487
1103
421
42
170
96
168
719
418
1170
265
1141
105
829
771
1288
853
432
425
219
92
930
944
1349
13
788
1079
219
828
971
1270
765
1347
711
1242
709
450
800
1180
503
495
351
1293
727
535
632
689
975
517
1041
81
472
329
319
28
1224
1090
696
522
0
876
744
736
1279
861
673
503
787
620
718
739
522
391
1309
493
1332
1176
1172
596
807
867
1152
559
1163
1065
482
1302
509
440
769
915
728
737
430
971
959
1034
568
180
181
358
1320
706
1248
419
445
274
929
1194
633
119
830
764
1230
1106
249
794
581
393
817
583
1298
157
1181
159
1295
722
465
983
398
827
976
1238
727
562
927
696
46
333
367
177
643
893
762
1154
24
613
650
766
1120
648
1304
686
575
999
743
612
1014
49
653
524
1213
1258
759
1044
315
949
927
1197
593
467
1307
223
291
915
253
943
1306
256
1060
289
28
1271
1301
1327
570
43
1005
156
220
540
150
562
502
1154
575
135
163
667
1209
12
1233
951
34
130
1044
747
682
978
447
1316
1334
928
1241
1101
1109
191
195
435
1142
113
1216
7
715
1272
177
1202
405
568
0
885
251
843
914
1268
1240
37
593
1164
953
159
661
406
676
1237
1103
1249
922
344
773
79
930
260
1285
918
8
623
1065
731
1271
388
116
410
570
1239
1357
358
1366
937
646
295
1065
985
33
544
894
134
81
837
1073
1089
650
481
1001
1227
626
20
1233
1166
1095
752
131
450
1242
384
1260
685
601
234
343
701
51
1358
789
226
704
1249
619
75
1152
559
46
950
745
367
709
569
825
1015
69
270
680
666
687
464
642
184
522
696
364
523
830
1087
33
43
1061
1093
1140
1092
670
839
431
178
299
1257
546
208
916
742
728
494
1255
463
1028
1300
1182
592
66
403
93
620
223
983
1293
756
1318
190
1278
630
1355
400
269
636
1140
917
1276
971
815
1286
580
754
251
959
899
77
1313
440
841
791
370
985
353
813
60
940
537
852
460
694
645
48
65
1315
108
813
184
70
32
1307
1110
873
481
1017
617
299
25
591
976
239
1372
568
1314
55
1009
634
417
1166
1072
38
324
585
6
948
1314
341
1309
690
503
198
21
820
989
211
619
970
854
1338
674
1385
1233
1095
542
168
690
353
948
1057
1330
1061
13
500
894
500
363
1157
1086
120
981
1254
821
564
151
1288
1163
804
1246
921
520
112
762
555
1124
276
1004
894
501
315
1384
962
504
403
193
1127
347
108
1240
1232
914
573
59
11
311
605
661
1052
1266
446
290
834
95
84
795
224
1305
12
156
1104
206
1343
942
690
101
1366
785
832
448
50
684
1209
3
595
439
356
842
550
850
1163
0
444
470
755
1217
1044
1149
3
1396
1303
1027
538
476
518
1213
112
737
274
891
315
1002
1378
1143
486
97
1229
904
286
12
274
1310
263
703
1395
119
1208
127
543
1008
1128
491
336
594
421
1358
23
664
364
1165
722
1027
67
512
179
402
707
1407
1173
962
2
880
692
1347
299
638
1305
1013
53
1184
833
946
1280
854
376
162
400
1196
427
46
175
1034
658
827
20
1211
567
443
103
776
677
1339
147
1175
969
642
1375
1144
111
709
565
1204
759
189
198
37
184
190
505
600
362
348
1083
887
21
347
492
5
89
258
889
871
622
7
499
1145
222
819
1334
97
106
1099
696
940
579
176
1219
1128
1277
386
1091
1069
104
1348
276
1311
821
1027
356
144
94
313
632
144
253
925
243
1099
364
1425
1376
153
1205
1060
727
246
529
80
1235
783
410
537
1305
1048
765
944
276
682
255
1246
17
1162
114
360
584
776
1103
1298
803
131
1159
1232
1393
648
482
415
991
895
735
702
215
1230
1391
209
1326
1314
303
1400
833
882
166
1307
1052
894
1035
565
478
159
784
1194
1128
643
659
467
1293
382
274
455
780
527
20
741
1325
1121
474
1269
973
277
1260
717
355
293
182
650
1059
1242
1323
920
404
535
0
79
773
17
757
545
904
35
209
888
653
1274
1438
636
1054
1056
570
231
684
1399
577
160
1024
106
1378
501
185
102
450
540
172
1352
559
229
593
336
819
877
229
798
715
1236
25
1143
921
441
147
564
1034
47
317
1401
1299
38
1293
449
509
1211
74
619
678
675
968
297
609
1022
289
546
217
219
1317
411
989
927
592
292
1206
197
1044
1044
1367
1113
608
673
701
373
829
849
19
649
1310
1305
1404
1175
1306
233
1293
79
261
152
433
636
384
515
340
1238
717
782
773
1149
1347
782
1028
801
113
744
681
278
389
1359
614
632
1086
617
958
700
1322
307
180
179
640
464
1092
969
905
1393
154
1110
323
520
213
956
943
176
75
591
459
434
956
1302
451
1036
928
625
670
1342
178
508
779
1104
5
739
1278
204
543
453
903
924
525
812
1075
933
768
204
467
756
393
1217
1182
750
251
1447
1393
1360
637
515
838
423
1264
31
477
974
845
360
1291
583
519
967
500
1391
923
1073
218
1461
573
1065
1100
1244
1373
990
799
129
820
939
484
1074
1443
58
842
591
417
83
1297
1212
1024
382
978
270
318
91
370
146
64
350
1182
463
1191
1046
143
385
1238
866
300
344
1225
424
639
448
174
1301
1126
729
395
2
937
403
264
1222
972
473
1069
1306
375
680
1228
1290
757
176
320
228
154
23
1354
575
567
540
557
635
544
1152
366
1347
423
508
352
463
1217
398
1243
840
905
1204
726
244
927
179
178
27
1074
1088
915
1121
667
1441
1074
1429
56
764
845
487
108
635
308
768
1281
1170
1008
949
510
754
746
76
411
1020
1420
344
275
1242
837
398
1254
1344
295
361
1144
1325
958
597
510
296
1354
508
85
268
528
483
1439
206
648
197
559
752
1121
1347
140
239
67
992
601
997
585
278
1385
591
1209
1181
431
1079
258
384
617
802
1354
615
1087
1322
1321
883
104
333
155
670
34
694
1421
1411
485
1096
455
164
756
1156
1383
1171
1465
513
259
620
1206
1377
74
702
1323
554
737
1326
141
249
1271
46
1006
239
60
797
590
837
1236
655
136
256
421
1468
1106
242
1017
324
885
1348
630
1188
1289
488
238
344
582
247
1135
1345
607
622
1012
449
138
1493
382
668
48
327
695
1134
814
948
967
177
1452
670
249
1474
126
1133
162
63
678
992
1477
651
555
763
638
273
873
252
1501
441
1155
1438
133
1447
299
1422
586
1046
208
412
685
581
1444
71
422
1444
1408
1357
139
1147
825
662
1278
328
697
1236
1045
354
1329
507
1273
387
1397
805
161
105
133
168
1257
369
826
1268
351
477
182
1313
684
393
8
212
776
943
837
459
423
194
1062
588
1206
936
1225
1410
70
189
393
1499
193
158
965
1160
858
845
1247
224
692
839
236
462
302
1308
1125
383
6
231
388
1027
595
1200
1278
383
604
1144
86
1412
473
678
998
980
611
1323
517
141
183
319
260
1270
839
5
1469
1088
1448
1092
879
1036
246
1149
242
1125
92
1040
1340
1332
150
663
852
794
916
290
1178
1244
381
1310
1071
946
624
1498
1063
744
1340
829
719
100
723
598
1088
897
673
749
1235
617
1503
384
522
242
151
347
462
1384
561
358
1124
1307
498
511
226
293
379
264
767
1412
59
618
1304
397
1302
502
1512
1058
1135
538
1103
30
898
382
529
22
1200
627
424
1014
444
1494
1103
1237
1369
478
972
712
865
850
794
396
212
445
886
530
1096
431
528
1194
1183
668
1345
638
1126
1082
889
730
146
1310
727
1128
1278
739
381
1529
1524
486
15
407
1291
864
315
589
746
921
1271
951
988
148
64
1507
715
1489
927
1184
485
860
311
443
1306
1534
185
1440
1097
1207
1540
764
1081
529
1542
319
449
1502
790
265
727
46
1052
54
672
279
277
1306
750
162
1002
441
198
1112
768
397
440
884
730
565
322
521
512
167
1282
584
484
157
1205
1179
1420
80
1425
1072
1486
1177
61
1156
1251
744
958
1328
1159
1306
932
662
1094
275
124
316
1268
1433
896
931
1105
1397
169
1405
944
989
1317
1387
989
652
1085
389
733
1021
1526
556
448
504
1351
100
1413
892
1009
1251
644
769
364
321
800
832
1191
886
526
267
199
477
1399
698
1556
160
1505
227
392
755
708
1339
755
545
974
1356
322
207
372
1284
1217
39
798
1130
577
735
539
1118
523
932
836
1281
1380
926
953
190
61
1457
910
1241
747
1013
681
1070
306
550
1149
898
1154
1284
924
197
1006
1094
983
125
1008
696
651
1175
459
308
508
288
806
502
880
924
60
1206
1440
564
533
505
717
1317
789
186
70
1070
1272
1214
493
1314
776
1104
656
570
389
875
507
1031
626
1445
76
598
983
197
347
75
587
50
416
1095
1523
1033
1488
1544
145
1428
1359
547
1276
484
1182
1034
1254
91
1393
477
912
153
700
213
85
1216
404
926
1419
796
1489
88
1257
549
1209
1407
1429
998
431
911
630
626
195
77
582
895
28
609
200
402
476
1153
625
164
961
129
594
689
339
1364
536
1488
1261
15
853
1264
192
1025
1549
242
1020
826
1463
466
76
784
356
765
726
1165
387
671
1223
43
919
137
748
1088
1031
679
1082
1563
1252
854
275
1353
53
963
1504
182
845
906
145
1451
543
535
1345
800
1520
673
571
1125
56
116
647
1133
632
741
37
1347
374
1312
1152
1082
813
1216
108
509
228
376
5
1368
996
1051
64
969
1573
1315
413
1559
1309
1051
663
683
200
282
761
1593
972
142
1314
758
296
504
1533
333
1190
59
1554
982
1265
386
72
47
399
515
1581
1075
1408
39
670
461
1264
989
1532
722
142
342
1329
473
946
809
743
1387
207
224
55
686
43
976
1447
1537
542
906
1582
512
429
822
443
243
940
1565
398
116
544
798
910
1106
780
1377
1533
1483
924
1060
474
1551
775
1018
1446
49
175
1063
1500
380
1596
708
425
32
1402
962
1437
1577
1168
355
511
1356
1162
240
932
1519
875
1124
75
1443
467
1287
158
232
911
225
1322
432
1255
737
498
203
1051
354
533
1289
460
159
1029
670
344
470
851
1001
982
77
1032
1616
1430
1172
126
926
837
1580
1273
1555
75
1617
1375
399
735
875
1182
122
439
1369
1031
597
937
306
1250
933
563
284
705
743
676
743
799
1500
448
1326
291
1181
807
1327
176
350
241
1572
996
1069
524
226
280
1286
1619
42
51
661
1110
1582
744
1379
1309
1177
1434
298
144
1408
1207
491
1489
1329
1428
1225
237
318
796
1034
1342
1330
717
437
1628
898
590
640
533
671
148
938
520
509
764
59
1086
38
8
186
1524
332
1329
769
287
691
600
708
1306
1302
1061
978
790
502
521
840
935
1379
71
1406
765
738
1316
1400
18
1282
816
1617
1313
94
1493
538
7
762
455
109
129
704
261
1452
1439
916
526
546
748
247
352
179
943
1110
90
410
1150
310
1122
1294
457
664
683
945
1335
666
505
1079
1027
1469
393
73
441
436
1174
1025
1606
1008
1099
1629
838
681
201
5
1078
1306
659
991
1462
43
1552
980
1244
887
175
182
1046
1595
1224
331
1420
523
1505
735
1538
58
14
879
49
1149
825
1197
1499
1312
1579
839
1101
616
1470
863
1253
644
8
732
847
269
969
1652
757
800
390
528
1091
703
751
1582
1179
249
588
1126
1581
1148
190
892
473
578
45
673
1481
274
1418
1597
680
486
1285
517
1122
146
198
524
1359
1005
345
1566
1328
1479
856
641
1062
1653
1344
662
912
1355
1285
595
796
1077
888
1594
1062
620
668
597
1192
620
1360
539
735
998
449
694
641
561
1235
1350
388
1536
1469
1506
50
1502
464
574
1554
1551
360
1439
629
344
905
960
1173
665
996
359
1620
876
1658
1656
363
442
465
511
281
1155
943
1118
1205
318
112
1589
210
1171
6
1478
1152
1663
1663
338
1262
1496
1479
891
565
1194
210
777
986
565
621
1330
553
107
1069
1140
836
1301
1383
1088
1544
1242
1449
724
1641
20
1014
951
1456
1589
977
47
1408
26
521
702
1153
1654
126
265
1636
722
37
1564
506
590
1151
1638
107
1081
104
666
1009
1615
24
1163
997
166
1272
1615
197
1635
40
478
1356
891
375
92
1245
398
1654
667
1584
355
1666
969
1152
1046
695
59
1006
817
819
178
970
952
997
381
765
106
377
1631
770
1556
1162
1101
1473
1691
13
132
942
613
1442
1653
959
1181
1008
559
696
305
735
868
214
1202
1609
1548
143
1286
158
1317
1547
507
1606
1224
1481
1139
687
16
1004
283
1442
1375
1162
208
915
1191
890
887
644
1142
518
764
965
67
64
760
1532
1200
412
1352
296
167
1244
922
1227
849
1005
665
1404
1319
936
1619
630
657
740
1159
538
65
889
1220
678
1342
1162
1107
137
219
552
652
558
250
1250
1717
1530
1516
279
1015
676
41
614
1288
841
1312
747
969
1657
483
1296
792
1416
793
443
1625
703
539
36
881
1236
1433
154
42
1715
557
1210
357
556
962
347
463
1692
1633
721
897
1671
1452
584
1564
1543
1573
530
1233
514
1657
883
1426
706
1166
1479
1102
1671
203
827
21
1417
575
1267
429
1134
192
347
585
1228
1318
516
887
1468
1340
175
1236
49
1629
1081
1034
261
1344
196
1178
545
698
1500
501
56
283
478
1293
1612
500
768
976
929
513
1397
1441
1201
738
1167
200
1046
707
1014
1050
1602
301
1288
7
698
493
293
1032
211
127
731
213
660
814
175
179
492
288
1216
1062
1558
191
1032
870
994
1618
986
1674
708
1566
1400
203
139
766
1316
561
1729
827
978
1091
846
1665
546
1238
311
1261
927
1104
12
79
675
290
403
1412
1526
1077
1603
27
75
891
456
1096
1393
1677
772
771
340
478
1345
603
869
1431
344
1556
990
356
1004
1213
1514
553
1092
436
785
1304
148
1750
1655
1259
653
858
1559
1228
911
536
917
434
855
846
1389
885
923
1622
628
1650
628
1550
1356
1640
572
1074
1047
1156
608
19
642
1327
1684
1048
683
725
751
416
1125
1551
1460
748
1224
8
139
185
25
1627
1273
1286
349
527
904
1105
1249
117
571
1474
1059
1053
155
312
770
926
1397
1415
1197
939
1685
537
772
51
1742
1469
800
1767
576
572
764
528
1519
1628
1700
1122
1302
1247
763
511
1511
827
872
1087
236
422
279
1530
1721
1586
654
359
1592
408
896
406
565
1036
321
1596
57
656
1439
660
335
1585
1066
1685
480
72
1674
153
1466
1488
401
1132
1290
1296
316
835
1686
477
1336
147
417
1136
1520
509
1206
199
1532
538
1492
206
570
175
1002
593
573
1750
304
1743
1034
1222
1767
390
1333
1677
1300
170
402
1571
211
783
67
1525
1652
341
1596
796
1778
577
1340
197
154
334
643
1097
1226
180
1491
829
716
1071
418
850
1028
20
1602
943
602
1793
1202
349
68
285
1179
1304
1404
1150
457
439
529
478
147
988
1399
513
429
559
474
849
409
1697
546
1224
1179
1404
1358
754
360
201
630
557
1410
834
1208
961
872
1317
630
550
1342
1552
155
1465
1042
1658
746
1775
259
635
780
621
1206
135
1320
1422
626
1724
1756
1413
991
862
555
192
452
309
1598
935
1399
900
1378
1415
1290
1281
1032
1592
1504
434
686
842
890
1522
915
1361
544
136
155
733
488
1063
1814
101
1390
1488
1806
792
767
142
525
1498
526
1388
61
816
1504
641
1703
1053
959
372
146
642
1709
678
233
1159
259
285
1740
1546
1505
1047
1190
512
1761
857
1600
281
495
67
851
584
736
1686
1811
259
1524
448
775
761
1400
1690
100
1086
437
153
1600
379
723
926
1468
1367
1641
646
1724
529
11
763
243
1431
1104
405
1303
1211
1323
1072
122
169
821
122
1066
345
420
691
855
429
866
1391
30
1384
1181
1797
393
1117
1527
780
1366
199
787
1392
1332
298
1491
1742
1403
1119
1803
695
1655
1275
76
763
1136
254
783
1835
1260
774
1047
608
1066
723
13
1859
608
479
387
1047
609
764
1276
1048
1512
161
667
681
1062
801
201
1222
1015
24
548
108
812
345
1180
144
1639
463
796
490
1435
782
243
1063
1228
346
84
958
1775
1712
1048
1539
1149
284
42
120
1066
134
1357
1416
1786
690
201
1303
313
1053
1309
442
1339
1720
1022
1773
598
50
885
441
876
1569
132
1690
361
1679
1541
1793
702
1301
28
1181
638
621
1196
1082
105
675
32
1131
13
723
264
717
1248
795
1764
1805
1639
262
1827
913
407
1783
1018
335
655
901
274
467
34
158
1523
780
1209
621
821
1820
1713
234
138
211
536
1202
813
834
134
1372
1670
605
1729
1664
73
542
1690
332
1287
909
1040
99
940
1460
1556
1229
1070
330
1679
1745
396
1850
1489
1200
789
1238
1483
1298
669
1706
1359
1713
1110
448
1702
1492
618
1860
938
1732
731
592
352
55
550
945
1417
1616
909
268
1590
1374
1582
1515
1500
906
298
474
809
1045
741
879
228
1791
1680
318
1631
1321
1602
1125
542
1695
205
178
833
592
924
344
1347
1361
617
914
916
373
77
1503
1551
877
1629
984
1501
664
1341
1084
438
721
1758
1418
216
753
478
1666
804
1261
428
1617
674
495
504
95
1100
254
1684
713
192
1423
247
1104
118
1914
16
1391
1578
18
1393
1076
191
524
1697
1136
133
1064
204
1425
378
1689
1509
970
1804
1452
683
1111
1850
661
1843
75
698
446
40
107
829
28
1117
1586
169
249
1298
52
442
971
891
1855
1217
478
1151
71
735
447
1646
1780
102
261
580
1024
1546
819
950
1637
900
1760
1050
1793
445
1115
463
451
1020
1182
180
50
663
1055
560
381
788
1241
44
582
544
1912
1386
380
613
665
815
1460
676
91
718
1671
404
1668
1165
231
815
273
180
1192
1964
458
18
72
1910
315
1282
1322
530
687
1692
799
65
596
707
1641
526
1411
910
637
581
778
994
779
1066
1883
1197
1147
1835
1584
1567
329
1810
1838
178
686
672
1303
588
1
616
1351
1433
1417
927
1625
853
1324
52
1171
1619
1211
1067
728
134
1428
391
1404
1792
205
949
151
904
1176
593
266
537
397
1196
1219
1810
183
300
1616
860
55
664
727
1599
1050
670
1400
255
1956
1925
1076
1894
1218
633
1081
247
1650
77
843
1568
339
1537
968
1745
524
1025
1958
580
462
943
1126
1599
131
1683
427
1980
1359
1342
153
1625
877
678
641
1365
1350
1467
1218
939
98
1217
1229
355
301
1484
275
838
709
678
1935
1190
172
1340
1924
427
229
344
382
1786
1843
1984
906
2005
241
1959
1939
901
1610
1694
310
1573
656
663
1561
208
1376
1402
1709
1060
1917
1879
569
1963
511
1888
462
656
1301
135
628
1306
305
1720
726
526
902
369
569
1556
919
1154
261
1769
473
1249
989
1698
1521
384
704
883
522
89
1428
1484
794
391
1144
45
1070
1121
875
1770
2009
1097
979
1327
1456
586
879
1394
1920
642
409
642
1827
1791
791
574
720
1615
291
738
612
1481
1317
557
1525
1420
1240
1912
1842
1455
1227
1710
375
327
939
2022
1307
669
1598
1052
10
1002
375
1297
1189
1456
95
385
79
853
1133
1581
1288
1656
1793
1782
1982
439
1579
298
1221
1416
740
781
1482
1658
766
1432
440
672
1107
1779
138
1749
376
1943
123
522
689
1474
607
1433
1459
1178
527
1417
2002
425
1716
1124
648
244
1873
88
1517
1681
1855
503
157
735
1225
302
1059
330
1882
1982
2003
1526
446
569
1839
1050
1688
2046
257
852
1350
1179
857
345
1506
585
1113
15
516
1796
526
652
367
537
1111
1559
852
860
1941
1806
1419
1290
1857
1402
1289
264
434
554
168
1866
874
1068
1597
117
1921
1216
599
1384
760
1578
1489
302
1874
2084
51
140
283
1169
1085
1792
1262
1638
315
1794
188
652
1306
1438
154
777
564
980
2060
1477
554
1235
1802
1685
1768
884
1145
705
1871
735
279
1934
1984
1922
359
1515
307
1247
1350
1399
179
1384
1459
283
951
1941
337
404
1818
1655
1322
1277
353
601
1131
1768
1089
1454
956
1593
1100
1344
1132
472
135
88
1270
1478
1273
687
1303
1746
914
573
225
894
405
503
642
1341
812
1165
846
1569
148
699
432
1153
1548
1718
430
1072
2113
235
773
1927
325
119
384
1703
1428
178
1906
1565
387
322
639
1953
1395
1315
1017
1184
1105
49
96
1605
1501
258
1364
621
389
469
1974
2078
1845
1723
454
1824
315
20
318
1321
1963
182
662
1133
1149
44
2116
580
1476
1058
284
1233
98
1077
2018
1518
238
1512
1545
936
1398
1628
1027
936
879
1060
974
798
1680
1473
1381
685
1292
1618
1407
1395
2130
1304
2013
1378
1820
788
943
905
1270
524
720
54
59
667
1817
66
684
1587
417
144
1156
412
1909
1887
63
700
713
581
2154
1468
1832
808
210
55
896
877
1426
1871
865
861
1217
1707
263
706
772
2180
365
1681
1260
788
345
1495
560
267
1170
1785
1162
436
326
1676
861
1424
1408
282
1205
2063
1346
452
1975
308
789
249
1095
927
1763
394
1347
1169
1945
1754
1557
873
213
2185
1080
1619
1693
295
1196
1888
427
501
653
1325
891
216
1456
1329
787
492
1613
386
485
208
2171
1174
128
482
967
1674
536
584
641
1129
386
1541
2020
1684
1402
1909
1704
1911
1784
1064
673
1813
38
649
2218
1524
713
1433
554
2061
827
116
1504
1874
2052
1214
938
21
19
1786
1930
594
1951
646
1337
1417
1854
1447
1834
1591
1177
1897
1986
440
410
1432
947
1096
1621
2101
1051
1848
1562
551
1477
2070
399
1013
42
424
2185
1461
1952
1331
1546
1309
736
521
1925
790
2028
2204
1919
294
2127
395
668
123
1656
450
798
461
1570
786
1605
528
2083
242
676
644
594
2145
1978
2180
1077
368
1664
1701
446
1151
976
736
1337
15
1769
562
2069
2130
1717
1833
1122
861
428
477
1312
2157
870
1494
1816
374
1542
271
1648
2253
1493
889
1723
1053
560
768
1454
1601
2187
1673
421
1889
1642
1426
1678
658
1616
2116
756
2018
1502
376
1745
1079
1629
356
517
842
1384
680
2273
368
1724
866
1952
1014
1068
877
1114
60
1183
2106
1492
96
1236
740
1725
982
1438
2007
369
2002
316
2054
2160
1414
1166
46
339
2032
1308
1537
577
2034
68
1712
2034
226
517
1616
1001
14
1656
377
1002
621
699
1700
1816
1577
2024
1294
372
1018
1463
1270
1246
39
653
2275
861
1730
403
1227
2026
530
1728
2210
466
1384
62
1262
1922
809
546
2165
2068
1620
725
345
486
2266
1586
1964
854
10
1862
468
1479
1892
1585
741
1394
18
592
338
2154
1277
774
1788
1056
827
2309
2081
1629
1781
973
1652
658
465
929
1781
1208
739
987
1894
1386
1511
2292
1493
1873
2218
425
1842
2035
124
69
1593
2151
1464
1790
1646
2236
2030
1544
1716
2231
1222
197
469
1479
1631
670
2194
1630
783
657
8
183
1031
1447
2104
1717
708
516
387
1045
2087
2240
642
1789
1167
285
873
1148
161
1562
951
1898
1008
503
331
60
1300
76
777
1306
1357
1999
711
50
845
873
496
1775
436
1591
706
133
964
1054
597
896
285
1210
2167
724
2037
904
372
1841
40
665
526
1262
964
315
654
1810
1348
77
2326
572
829
1639
133
1545
728
1496
2146
2209
610
2189
2391
2017
301
1261
2012
2213
116
1752
104
1891
1797
1162
593
1103
1731
1403
1173
1814
638
1885
65
863
1096
771
2145
1970
448
890
1971
892
177
1504
2084
358
817
1473
2086
1215
2167
1758
735
1297
1056
1455
2284
2338
2397
1302
1500
93
1817
1039
129
396
21
336
794
82
973
1821
1807
106
2249
1443
2292
705
1500
500
552
1572
1458
1453
1776
1386
2049
77
2434
1294
797
2019
1046
443
2194
222
581
579
1537
419
2407
415
1308
394
1135
412
1543
1760
173
679
787
225
491
996
496
2456
602
333
2138
401
730
1011
1214
2201
1654
1066
956
680
1808
1081
1121
1912
1652
544
799
639
991
126
2278
1178
44
470
1434
661
576
2485
1290
130
1235
1108
1305
1798
1839
1432
200
136
1186
30
1050
1742
1923
2372
200
1812
1728
1619
1948
884
2472
2106
1443
1314
77
1796
1089
2090
2006
1250
2177
1280
468
173
813
993
573
592
1976
993
1208
890
911
2485
2010
266
113
1843
869
2479
1056
2266
645
1461
667
1822
23
1386
1812
321
1210
1079
1098
273
1960
1787
2396
371
1331
441
2397
234
1762
1922
1738
1710
1345
350
1115
826
2486
745
1695
329
376
746
1835
1061
333
1019
127
1269
1579
892
282
1789
305
2314
1609
460
728
60
2507
2051
2086
1249
2151
1192
2273
2409
1916
37
1542
2113
1590
2332
488
1876
1642
2503
1994
1084
2178
1325
424
568
348
1878
182
1313
2210
2022
1557
201
963
2443
928
2452
810
1056
2379
1722
334
1636
1318
865
1839
1744
164
41
1433
1294
2142
868
1818
1828
731
641
2407
1168
1620
2425
697
529
1254
536
2017
2473
1500
41
432
2212
84
1893
964
2029
1747
2206
2448
379
977
299
2159
651
551
1690
807
1875
741
1693
232
237
1935
1639
2264
1339
479
1767
1640
777
224
978
147
2354
2280
549
2086
39
1894
2266
2144
71
915
96
611
832
1412
1136
2308
2601
2366
360
969
140
1639
115
1500
2148
1220
2363
1050
712
1470
306
346
535
2267
1621
1656
2615
2491
2285
2385
1947
346
586
2037
892
707
2602
1149
1053
2427
134
1883
875
2162
1151
783
1756
1436
2326
929
358
2110
1584
1796
1086
1924
2356
408
14
1628
1625
548
1582
1053
2029
1000
1227
1067
1014
356
1547
2539
1115
982
1691
2460
1824
1474
946
1669
1843
2525
1448
1339
2542
254
990
863
826
855
1647
2391
34
1615
647
1125
2108
2205
45
834
1775
1
551
1274
2369
2557
1939
1718
2074
123
2397
2009
369
1207
1795
2038
412
1730
361
258
2710
61
2095
2291
1209
2728
290
827
1728
1618
853
2250
2728
2185
670
141
2134
2075
2405
909
2702
544
2437
319
2755
1277
2425
744
2105
2456
1300
2029
1662
591
1068
1843
1313
2592
25
2616
1933
540
1193
1942
815
1441
2405
712
2380
1447
477
2337
1960
2614
402
2025
2393
1163
1958
1850
1816
1074
1799
2127
850
2211
711
269
1427
120
2341
2511
1317
1906
2756
1989
353
480
655
2505
769
2261
240
1481
2723
1
1113
204
2530
726
2433
2572
2514
2601
2612
1781
1641
615
1513
237
399
1535
2198
2520
12
1807
364
1140
1558
2569
2141
2131
88
123
778
2121
1518
1699
2273
1583
2786
2319
160
652
1765
125
1285
2220
1418
222
2671
2327
2689
102
1704
452
2571
1502
1366
466
2060
1974
2255
1525
508
112
968
571
2819
1100
1527
2149
880
1123
1966
1016
1332
2334
644
1791
1420
947
183
745
1998
2266
1684
449
421
2620
1120
310
1042
2844
1879
38
1470
16
1483
1931
2408
2384
303
1488
2361
2608
2408
1400
2710
73
451
1500
643
2622
566
2890
2026
886
2222
2900
2862
2918
1780
1234
991
612
2055
866
432
2118
124
1043
2884
2035
803
1168
191
374
2289
40
263
2920
2031
148
140
0
2482
523
563
1758
2699
1105
229
330
1424
1596
1758
2740
2792
224
2494
1980
2580
2428
2545
1767
1227
335
1801
2410
933
1247
897
902
1166
2638
2894
1949
305
2104
1695
62
632
2093
323
816
1150
2987
224
394
2608
2279
2678
587
2987
276
263
2224
1396
1888
1368
1117
1898
782
2205
1041
1942
1781
2369
1646
1543
1313
68
2345
230
2980
2042
2463
2221
1535
824
1131
2664
2453
2451
1066
2617
1166
251
2509
487
1757
1250
569
2073
1370
1527
1732
750
2345
469
2236
2106
634
2438
2010
2251
763
3013
1110
393
732
1868
1983
1142
1394
1638
1927
1838
2863
1391
1795
1285
424
413
3030
1605
3039
2542
1358
2484
159
2783
2305
940
955
1966
1657
455
690
1210
355
832
2163
2157
1424
1887
2148
614
2959
1110
610
2362
2826
2493
2554
1585
1956
1374
2524
417
2977
176
2334
1328
2312
1923
1898
662
1936
1182
768
1724
596
332
1754
526
2079
1286
1901
1001
2879
3086
462
1453
2233
1923
1599
1194
1379
609
311
1151
1199
128
2243
1753
1333
301
1200
1662
433
2274
2505
383
1416
2507
3199
1178
9
1910
1973
2281
1374
1176
2957
215
1578
2342
2970
177
3169
1912
1151
51
381
918
2359
1620
2020
1712
2018
2229
1990
2520
2955
356
398
1606
1861
1575
1641
2617
2909
496
3154
847
1303
1658
1452
881
2387
1371
2266
1728
2976
808
2515
2546
2365
2899
2121
1357
2580
3139
1443
1683
1067
1725
2431
1757
1511
1867
2662
1966
1068
1590
492
2774
1595
2947
2557
2159
1700
896
1082
829
2951
2368
2145
1210
2549
787
769
2425
778
354
1407
1885
1028
1192
2944
1837
1031
50
132
3012
874
475
914
1192
1855
1371
1559
671
2514
2376
384
1755
1685
285
670
1880
3044
1563
3071
2968
1307
1949
1837
2730
1008
2767
2063
2985
1916
2229
2739
1117
216
2143
2637
3261
3021
3122
1800
639
3008
652
506
1553
2973
2515
2309
2026
1199
1552
607
142
1599
2606
776
2257
322
611
1403
2188
437
835
2535
3402
2098
1181
2688
3311
1616
1396
90
3087
3138
3146
2601
309
338
2249
1263
2648
517
376
2294
1987
1775
2926
1411
1033
3035
3436
311
2040
3417
3338
1784
1651
2949
1828
2407
1504
490
1634
3302
820
3450
231
689
840
3300
3216
1665
2345
1359
48
1956
644
2664
2576
1977
1699
1203
3330
2875
3408
1144
2180
3217
3399
1620
3284
2835
2905
2518
2615
1931
3309
346
2782
1676
1318
2493
407
293
3030
507
2969
1532
2665
2146
329
722
1482
3511
2923
803
465
2473
1944
76
1887
2732
1584
1977
2732
264
1406
3542
3598
3036
125
1085
3466
3484
1851
1101
776
343
1901
38
888
240
2638
416
1930
2460
253
443
3130
979
2494
2995
630
2824
3614
1719
3316
2658
3173
2688
2985
705
2282
3029
2705
2194
481
2732
2523
1633
3658
877
902
2166
3261
250
342
665
889
3600
2856
3415
805
3700
181
2733
570
3606
1354
2660
2341
2216
1437
1197
2050
3591
1113
3346
624
2958
1475
204
1631
751
3421
16
2792
26
2645
2394
1135
2488
2295
1554
2032
2870
1084
1490
805
825
534
3014
1785
1522
3300
2738
2917
2050
1940
1092
3824
3071
3301
2527
177
54
2685
2714
2953
1869
1972
738
2214
1451
905
2455
2850
1451
2787
3387
1677
3522
1096
605
3456
2094
464
3195
1018
227
1461
65
1516
1254
566
870
2499
2444
1860
3593
411
2828
1484
170
1307
2848
2564
2386
2081
2938
3376
766
717
1880
3636
3397
3503
2302
3485
888
2409
142
3994
3103
234
2697
2680
2715
1120
2064
33
757
2247
3505
1767
993
99
3859
1357
1672
811
4058
4094
3633
4084
282
758
1814
4023
1830
1996
864
1230
1548
2690
416
2288
883
259
2848
3302
58
3831
3674
554
167
827
2765
1036
1700
272
201
2794
1772
2872
3958
762
1761
2231
1301
2257
2498
1143
1884
1392
2119
747
178
1358
1076
3270
591
697
1263
153
2763
1309
2164
1919
939
3311
732
1514
3499
1251
128
2495
2917
2157
1228
1608
3488
3161
1723
3405
3827
326
2704
1558
4271
2173
2596
2468
3040
3408
853
53
1979
1919
596
2375
1900
1334
1994
676
1497
3830
2954
1106
3274
1387
987
884
2802
1508
1629
2796
2177
797
942
4208
3240
1639
3937
3643
2036
716
3064
2550
2340
3795
3157
344
2959
3410
1635
4334
223
3151
3402
2781
332
4558
4261
351
438
3086
2997
1865
14
3213
1436
3611
1829
819
3533
4161
381
3780
339
4321
1811
2976
4262
509
1305
2444
3269
2606
391
107
2390
3844
3594
2523
1043
2956
2661
3706
1122
3485
2591
338
1659
4756
61
382
4604
1816
2611
2526
4702
4269
572
1876
2650
1871
3832
1646
144
4048
790
4552
1206
387
2443
4843
3602
4343
1225
2036
1241
1901
4215
1693
1046
1799
89
988
3611
2440
3755
2834
3539
4411
3434
4421
4801
4830
1506
181
1619
446
4159
3579
2665
2193
4875
1905
3392
2894
907
377
1492
4287
2358
519
4229
5066
2104
4609
336
2390
3806
5061
4704
3406
502
504
4728
4766
2825
680
4142
167
135
5027
5102
1894
4964
4749
3341
2837
3926
1547
382
1892
5037
1633
1807
3762
3535
3841
4096
3391
142
4307
3798
2601
2484
2407
4459
2998
1393
3071
4002
2489
666
2073
4713
398
3354
1668
1177
193
1680
5106
4452
1078
4696
388
5340
326
1539
2443
89
4706
2454
746
5453
5369
4403
5364
4685
3131
665
1949
4950
641
773
1128
4591
4676
3328
2276
5545
679
70
357
1037
3794
3446
119
4600
3221
5620
2591
3885
471
995
30
3124
1563
2146
3399
3692
5606
4473
4145
1560
3766
5653
777
3298
3726
1988
154
1508
5668
1922
2617
3158
4429
5491
3315
1303
2128
3041
1346
1914
4120
3944
5121
3027
2649
2470
2108
5166
1850
3982
549
283
5543
3062
2952
337
4830
195
1684
750
1910
4809
3333
2805
1301
5450
3468
820
2690
5632
6036
1202
50
3243
4721
6051
908
88
6474
2782
4379
6441
3281
2062
5186
5883
4492
748
743
1840
4664
1087
4287
6187
135
4541
2360
3741
3677
6504
2019
1932
5963
965
5484
3140
2677
2490
1499
136
2394
3096
1360
3940
1404
6519
4517
6465
5872
1145
5505
1407
958
3736
2777
4624
4561
5581
6813
4874
3646
912
2180
5125
1716
3328
433
5255
3207
6984
6633
2017
6720
6738
1738
3555
1357
2736
3194
145
1545
4071
1447
1455
3392
3881
4434
6048
2365
1058
1150
2594
4775
768
5772
4263
2953
1886
5755
6494
6508
6151
6597
6947
4781
1615
1984
6024
7482
3354
8107
1007
833
2850
5708
5457
3399
2820
6972
315
4225
5163
7524
3646
590
532
2362
3132
2078
549
3794
4532
8695
594
6209
8484
7009
2434
4571
8163
2901
2069
7854
450
6649
7431
6943
5779
1130
9228
8627
5761
3484
2209
5096
6404
5662
8642
1464
3309
2465
1344
3976
7539
9413
4449
7948
7137
9646
3849
8671
2648
5475
5257
3876
2613
6240
8640
8712
6403
55
4799
8323
6041
7286
3104
7770
4772
2725
9458
1642
7716
5978
8687
7757
7568
479
4835
1519
10351
3111
8837
5151
10939
3398
9122
2131
3323
6203
9721
9995
12044
1535
3283
4621
3908
3925
3227
2806
11944
10103
5637
6109
11065
13180
3013
2226
10649
9773
3716
10194
11505
9891
7846
4053
13517
11787
6081
7700
6977
14169
14917
10588
13902
6601
15179
7342
77
10252
11122
1066
9
11449
13785
7172
8444
11344
13941
918
5327
18618
19290
19965
3962
11139
12646
9297
13013
12294
9711
14892
14133
4089
5901
6235
2311
17172
14530
21123
16823
5482
9010
49890
58885
70043
21455
