276565 960928283 998244353
25869
27
325
380
268
321
353
263
119
33
370
320
314
130
154
344
69
52
127
67
277
337
165
263
335
150
285
210
337
224
193
51
252
131
44
383
315
260
122
298
293
355
231
84
99
386
291
168
51
281
98
191
95
263
318
43
276
216
116
90
303
172
141
31
166
145
224
258
355
37
261
349
151
193
302
42
83
161
329
235
265
305
119
210
147
181
237
70
299
227
357
173
206
265
301
194
150
265
192
117
303
193
78
194
386
120
236
82
282
177
57
159
222
176
109
370
97
346
180
8
313
277
310
260
282
351
66
44
228
258
289
271
191
368
77
189
228
53
11
250
231
69
149
65
373
258
175
83
345
355
219
270
372
141
142
266
104
336
310
73
334
212
84
137
320
162
327
160
215
78
23
186
275
172
252
261
171
167
84
128
135
43
138
247
313
281
126
29
357
176
230
304
128
315
53
60
217
120
349
44
199
112
359
86
122
51
54
29
344
56
180
355
179
126
258
176
194
126
296
120
57
209
48
29
298
177
170
45
0
88
280
77
224
108
189
146
347
42
363
102
287
155
68
77
281
125
253
86
50
348
5
296
168
54
325
265
30
106
310
30
383
202
108
218
109
96
163
68
326
138
170
224
92
37
100
172
351
353
57
200
112
62
107
79
304
43
345
334
338
266
365
332
267
272
349
176
167
312
244
104
61
213
128
341
250
228
124
11
381
181
212
104
243
118
183
347
162
327
292
299
4
67
41
271
339
1
58
388
286
215
148
51
11
283
348
64
179
146
260
65
295
99
34
16
133
268
281
177
84
133
168
296
351
156
51
2
100
124
1
387
340
149
310
223
304
141
159
93
159
30
31
65
1
65
343
6
205
106
55
290
239
223
68
200
379
119
203
90
244
204
349
66
225
141
289
11
282
59
104
52
351
7
379
352
73
204
359
278
310
24
50
31
248
119
232
109
110
307
71
354
383
292
292
90
44
64
101
198
385
205
122
346
85
373
308
158
187
149
308
369
174
231
11
294
350
115
13
332
294
347
297
287
267
27
12
286
335
312
140
176
16
370
203
105
42
208
177
294
289
9
28
303
87
151
267
224
280
287
292
285
342
87
73
5
115
85
292
59
184
219
23
378
198
13
271
240
221
57
144
120
244
350
210
331
110
87
164
390
161
66
71
290
331
144
295
55
16
374
293
200
202
316
187
188
329
67
37
338
303
359
245
334
318
64
62
215
329
226
1
277
79
72
354
20
216
46
253
232
29
155
219
19
258
16
207
197
261
31
322
351
0
176
82
105
27
144
321
357
370
109
30
237
182
385
44
7
24
302
89
351
69
114
344
268
39
285
288
127
285
225
102
227
8
40
366
71
313
64
95
244
237
378
351
357
384
107
201
16
169
290
368
390
165
80
27
204
126
75
91
19
301
194
246
309
234
372
140
156
197
235
8
194
222
119
159
366
378
360
383
155
19
119
154
184
199
181
148
325
256
240
104
317
42
110
235
36
91
375
192
48
371
352
242
353
231
161
327
217
281
318
133
300
45
287
92
5
228
1
90
244
241
347
170
43
65
165
79
308
300
32
356
279
144
358
0
376
279
88
201
169
166
334
77
364
381
322
129
369
323
371
222
324
326
152
165
242
186
220
291
292
312
173
260
351
227
121
73
229
217
118
204
166
306
178
90
360
384
276
108
105
292
4
53
245
126
218
94
312
53
385
218
365
172
85
330
7
207
10
236
38
129
47
204
49
225
301
16
224
191
131
329
91
135
383
336
261
215
37
187
268
36
13
248
216
98
185
223
312
196
73
351
332
127
169
381
352
85
11
190
276
143
127
374
278
124
324
147
339
368
334
222
19
354
84
235
60
269
65
379
79
138
344
25
265
128
13
231
213
32
36
103
175
163
92
67
294
23
221
363
194
8
88
104
289
188
14
112
305
132
368
136
37
284
8
176
286
155
345
252
153
181
144
86
188
67
309
293
296
385
263
52
393
307
156
245
102
126
357
363
258
331
105
251
222
69
33
70
225
335
323
378
78
73
71
223
96
336
122
348
327
341
7
283
211
119
134
269
246
53
194
66
385
255
318
169
325
307
239
156
248
168
96
283
197
123
112
293
65
190
248
349
94
211
194
261
286
328
92
138
337
286
161
328
103
41
59
34
348
299
146
203
29
199
92
227
322
160
126
388
306
330
299
6
103
99
267
390
383
315
90
201
364
220
110
316
36
307
81
172
200
383
367
346
109
263
202
32
95
9
307
140
121
111
136
95
345
143
91
207
44
191
14
13
228
124
146
265
36
228
254
54
33
226
217
354
306
24
386
218
33
116
358
366
227
311
67
390
60
370
202
104
166
33
329
0
369
81
82
11
126
336
277
371
379
99
147
107
335
350
325
368
71
105
340
299
22
224
111
82
199
130
3
183
376
332
183
350
230
265
178
173
23
60
149
7
371
296
114
311
252
256
285
323
361
47
44
200
88
367
99
287
315
102
75
386
380
270
325
13
88
183
355
42
140
230
306
137
125
244
49
343
20
85
86
119
55
46
83
106
53
256
36
377
314
340
167
98
215
97
112
303
280
71
146
220
101
56
357
26
301
207
369
121
92
256
240
148
302
124
54
355
380
90
137
298
231
304
1
246
201
309
153
281
380
99
106
85
156
67
112
257
74
281
378
363
141
223
311
243
147
365
203
131
256
340
229
91
48
30
337
250
339
290
135
323
390
241
209
346
109
121
207
379
202
385
346
344
212
261
191
159
31
194
290
287
334
320
178
383
350
119
37
94
209
368
105
390
249
11
264
292
323
277
312
235
150
181
379
25
122
120
211
221
130
246
20
203
152
292
41
149
280
103
348
245
216
171
238
68
183
106
78
224
383
390
62
136
174
44
277
297
280
206
236
13
55
257
331
208
152
373
357
36
194
26
396
13
197
237
81
380
61
159
323
163
268
385
17
160
148
12
175
31
218
15
159
274
387
93
200
257
69
275
11
379
301
10
392
216
363
77
200
27
351
126
305
222
229
323
101
377
53
276
11
272
9
170
264
396
264
182
257
51
175
268
33
194
394
144
188
152
201
241
176
85
202
177
319
304
322
205
370
282
353
122
7
158
2
120
362
210
103
7
314
223
295
361
308
2
224
99
154
27
118
108
289
321
63
210
5
163
193
375
48
148
99
55
84
278
176
225
90
57
232
6
281
129
146
367
307
370
244
63
176
363
348
243
286
13
231
291
177
26
268
225
350
146
280
213
202
234
40
292
292
272
77
351
180
1
320
89
371
167
329
325
308
279
170
196
292
3
89
71
205
135
74
334
59
133
149
261
367
189
156
39
239
11
168
21
207
236
156
81
349
28
239
216
327
221
148
157
200
21
121
69
39
201
287
383
40
246
263
291
181
225
61
296
344
99
23
152
335
179
22
73
207
261
289
322
270
225
81
71
34
389
141
260
191
216
244
232
64
296
311
33
309
160
329
255
47
353
195
382
320
5
243
129
54
133
239
325
146
320
396
367
310
325
229
290
330
74
310
394
158
10
215
69
357
146
112
6
287
307
388
208
313
21
125
155
154
365
81
89
74
266
57
173
192
286
251
123
149
162
305
307
359
122
376
317
56
89
323
131
283
140
201
316
276
126
280
210
263
167
46
55
285
328
369
378
395
372
376
65
394
129
202
327
275
248
259
108
309
290
260
192
30
62
60
306
188
340
117
3
107
163
10
392
43
380
323
39
304
299
56
251
380
210
130
256
59
341
316
320
232
177
112
262
191
124
169
331
16
238
286
76
1
296
20
397
228
343
388
85
194
44
336
175
207
66
383
266
8
299
186
240
28
250
54
171
374
223
54
390
61
340
18
15
237
39
364
65
382
352
150
177
348
38
304
155
57
287
373
65
138
111
257
167
361
263
290
287
376
314
250
220
215
369
246
346
147
62
57
175
332
363
252
323
237
145
355
122
237
257
169
145
370
122
25
339
3
141
257
51
54
106
272
342
148
190
288
368
326
17
142
330
52
394
252
362
138
207
83
47
136
325
266
178
119
291
116
123
104
46
174
158
225
45
173
373
309
60
341
234
150
155
163
202
149
88
164
360
295
247
7
103
172
273
281
291
236
70
13
341
116
188
171
13
306
344
387
287
76
400
120
226
154
357
28
376
44
192
336
11
111
343
114
356
288
67
247
196
210
333
136
399
193
82
109
370
202
400
332
319
182
140
378
288
200
316
350
338
175
378
35
76
312
181
361
48
216
159
379
162
87
222
71
385
254
180
303
54
178
234
373
310
324
350
197
122
214
145
58
340
121
43
366
31
174
325
29
390
33
358
100
120
178
172
103
30
352
357
85
79
189
6
389
111
306
134
183
69
279
241
359
350
234
323
331
6
246
360
396
279
317
95
349
43
217
1
24
117
358
59
196
95
65
134
206
322
268
389
391
96
178
348
44
362
269
376
368
63
284
362
293
149
5
240
193
222
241
167
290
147
226
34
322
222
78
250
138
105
176
74
161
66
38
279
45
351
33
336
177
323
57
49
20
75
72
326
173
132
398
0
11
138
225
115
142
85
365
61
190
323
136
351
170
358
227
400
307
42
114
265
146
355
314
166
28
167
274
201
80
269
201
92
189
23
207
331
108
353
392
79
54
309
211
225
265
220
3
353
43
117
399
189
70
310
136
98
258
191
80
339
58
281
28
247
85
235
359
378
369
348
54
21
255
266
27
301
83
30
251
126
331
247
89
162
68
233
262
130
290
276
129
26
296
102
119
223
89
12
205
41
375
238
353
88
98
69
188
143
208
378
203
152
134
292
79
370
290
341
97
176
214
394
370
274
93
85
93
182
265
62
391
236
301
340
325
399
173
277
307
145
252
106
62
150
399
141
117
285
78
214
225
56
372
359
331
61
208
188
8
69
251
399
69
148
100
158
311
37
32
214
183
48
321
9
198
80
150
315
129
396
293
118
49
262
73
380
87
281
164
263
114
11
259
183
327
123
242
301
117
294
246
300
225
13
154
231
94
350
225
144
116
364
368
155
107
163
172
260
217
392
62
138
401
282
165
388
147
99
381
362
393
223
354
310
333
104
136
23
146
361
264
262
13
228
109
217
391
378
72
301
366
232
34
54
109
296
37
354
395
111
3
75
26
49
385
359
153
117
382
300
170
339
254
183
162
56
401
245
126
165
141
184
89
273
238
199
164
373
245
252
79
345
327
105
394
0
156
240
214
231
135
384
165
81
260
327
234
256
264
53
113
1
237
203
371
168
94
227
136
117
372
278
397
268
86
148
153
143
390
261
195
86
95
288
315
217
378
184
405
392
303
101
341
109
364
125
28
120
222
323
237
355
195
394
217
41
302
370
184
47
225
380
299
80
22
208
58
401
153
57
147
50
324
248
325
282
373
353
162
355
270
159
64
225
147
281
266
210
5
211
257
396
185
150
71
207
119
295
368
272
352
275
322
31
117
2
73
250
355
402
366
386
155
24
371
63
306
232
273
311
37
290
62
388
34
299
355
153
188
78
185
300
353
102
331
231
104
165
241
219
161
201
365
76
226
331
139
126
406
182
281
336
216
64
111
63
21
263
218
393
352
142
15
162
265
197
101
340
60
96
198
248
4
406
368
4
380
237
392
379
176
22
64
392
250
175
211
27
31
23
14
140
328
29
302
186
389
403
119
43
255
73
291
15
235
8
182
208
246
330
180
15
353
244
163
359
175
375
386
207
154
400
103
75
185
405
17
168
157
299
374
168
128
14
184
364
23
366
165
269
46
102
40
399
346
203
351
278
334
86
241
81
243
344
156
184
342
336
108
255
228
75
16
184
333
164
193
211
78
297
23
163
246
210
70
69
381
357
384
130
16
158
380
289
1
398
252
276
295
154
288
96
101
313
280
306
70
345
389
148
106
284
311
353
86
253
14
59
74
398
189
370
20
34
252
301
24
96
169
191
250
329
287
223
234
31
401
176
376
382
196
75
130
379
20
216
224
314
148
170
176
209
133
196
115
385
89
139
73
130
331
195
51
82
291
157
114
284
206
362
131
402
29
261
246
329
350
342
107
370
105
283
43
238
351
159
215
312
298
160
322
132
1
243
350
322
32
407
95
107
134
220
115
32
176
378
289
102
301
158
365
331
139
209
111
58
274
288
63
210
191
386
234
192
220
175
406
143
64
92
250
89
312
257
121
79
226
302
73
118
351
29
40
81
129
42
139
294
330
94
396
112
71
221
196
182
287
193
326
351
285
167
31
79
15
44
49
133
346
13
251
288
43
183
369
63
225
400
358
38
85
345
150
156
48
346
229
335
21
146
168
306
205
90
276
111
103
382
323
123
93
360
64
170
293
167
52
129
7
374
315
409
223
239
206
329
51
202
124
61
80
124
124
285
351
45
409
45
17
323
168
110
275
235
281
158
402
335
289
409
299
195
408
114
24
204
33
77
408
157
138
80
283
263
365
224
308
365
269
327
280
30
29
145
265
310
305
259
237
184
258
126
381
258
240
407
54
273
75
52
22
213
133
305
66
88
122
376
43
391
293
323
13
323
60
280
225
367
129
53
142
387
181
115
237
14
113
291
289
188
222
408
57
275
298
112
82
187
125
284
324
277
315
230
150
135
253
197
390
55
91
50
261
19
405
318
186
257
36
74
321
258
54
361
105
336
45
187
95
171
43
402
20
342
222
170
66
64
350
45
102
31
79
346
50
73
237
219
330
273
276
223
103
314
156
208
239
185
378
334
356
11
326
359
336
120
101
402
167
40
19
252
71
98
188
104
154
14
306
56
270
155
262
373
58
8
153
280
176
120
186
104
114
84
291
358
85
139
265
255
295
15
96
116
117
125
255
389
176
67
188
404
129
109
52
340
39
104
176
327
177
264
90
41
48
381
7
133
128
273
409
31
308
93
147
13
218
403
10
394
78
199
406
227
308
46
175
347
170
351
262
347
223
372
388
271
361
396
13
77
277
10
108
173
123
276
186
341
287
217
343
385
4
357
200
332
403
375
267
181
334
137
116
165
117
113
45
66
97
78
163
394
88
271
155
211
155
341
160
30
166
91
23
331
151
287
383
40
68
383
17
202
99
258
269
33
260
299
335
35
276
302
383
221
262
46
19
357
194
172
105
8
72
26
226
109
200
196
35
154
53
351
357
38
196
213
72
44
398
407
378
147
183
349
368
331
281
387
275
62
32
266
370
403
179
69
398
379
265
319
6
204
257
249
243
40
49
315
383
333
195
349
67
264
171
22
182
39
295
344
401
213
197
358
89
376
14
74
228
165
393
121
256
237
370
86
164
7
287
20
226
368
255
294
106
338
202
94
260
321
393
301
306
142
267
184
283
122
38
241
380
158
106
362
44
372
328
38
406
18
192
111
350
225
254
401
328
220
81
174
127
239
61
20
381
328
382
14
214
184
255
358
342
361
71
151
84
399
189
76
182
381
365
296
371
205
283
285
190
128
45
317
367
284
101
98
376
69
113
176
18
368
298
360
80
369
97
342
119
287
4
301
18
370
183
389
339
230
24
115
358
247
197
312
295
298
174
257
132
287
19
150
6
82
274
264
37
372
192
156
9
238
407
257
235
221
294
103
232
225
80
170
75
18
329
41
312
246
333
233
173
246
57
281
394
405
229
233
50
62
305
271
300
135
114
373
356
245
61
11
55
393
181
382
249
347
9
146
15
179
216
188
262
273
306
242
100
120
312
151
19
39
7
157
174
373
115
116
203
13
127
96
406
145
63
240
329
324
223
181
340
276
370
188
386
98
267
72
56
164
60
75
40
67
69
215
278
21
168
66
34
132
223
104
273
89
142
134
106
136
52
318
143
319
263
234
270
87
143
303
355
28
345
242
405
145
72
169
27
108
291
313
18
98
289
291
59
303
297
38
23
222
356
167
125
203
273
395
162
0
154
101
316
84
215
305
101
288
347
128
268
222
313
159
192
58
322
124
362
204
162
385
298
102
8
295
177
281
147
339
153
301
24
53
385
239
231
70
399
162
71
124
256
256
283
320
315
189
28
261
265
62
230
19
164
129
139
221
267
382
279
366
270
201
101
79
341
23
388
124
93
97
298
56
49
412
378
192
243
332
388
4
256
390
62
41
102
201
312
2
166
174
368
68
8
52
196
349
125
168
56
218
265
355
275
363
399
285
138
274
200
109
279
88
132
390
179
234
174
74
236
389
248
236
89
305
338
286
237
46
37
343
264
351
330
171
347
361
39
68
219
289
227
130
377
359
103
188
225
326
262
94
347
143
379
19
31
300
354
318
346
23
293
243
375
255
414
305
199
288
385
366
271
272
105
104
105
291
139
143
252
34
408
36
331
119
91
411
198
206
394
342
93
137
280
327
18
4
258
235
4
355
314
275
210
1
379
27
293
100
300
257
265
290
294
178
122
97
171
320
303
277
244
108
414
237
147
144
241
405
380
375
343
406
232
265
407
323
292
412
6
305
382
401
177
388
161
11
197
45
331
212
34
288
321
31
237
50
175
190
168
267
147
223
385
91
70
375
414
74
81
132
379
175
115
269
145
407
280
342
34
324
137
198
192
21
178
350
245
216
208
130
316
286
274
209
28
166
323
343
234
377
170
319
366
376
375
340
253
344
76
325
81
234
12
273
255
63
77
373
152
158
85
50
25
359
132
53
399
328
396
214
286
20
406
233
270
236
155
104
161
104
303
242
211
188
96
339
251
46
293
277
204
378
200
229
319
332
282
172
241
132
259
400
153
246
215
4
63
243
400
224
220
157
339
12
345
308
224
51
354
98
328
139
350
109
241
123
314
104
295
9
237
135
409
263
176
419
114
330
7
91
393
18
157
182
109
359
198
225
193
25
156
128
304
339
368
412
380
115
181
118
324
54
210
213
296
258
84
282
168
92
374
14
402
403
68
384
342
266
189
408
291
217
116
176
136
357
40
388
52
221
86
249
148
168
334
24
7
418
179
175
90
133
61
365
408
129
329
330
396
390
190
139
188
179
187
196
116
227
165
40
321
251
161
49
292
75
365
171
74
124
346
36
129
280
401
117
409
182
320
385
25
194
289
249
68
229
152
184
92
57
148
188
407
47
50
62
224
356
162
205
401
27
18
311
386
203
308
220
417
367
407
115
140
275
247
209
84
283
393
59
223
3
130
209
355
180
154
158
419
199
246
282
227
264
173
75
46
60
178
347
310
165
345
29
19
55
121
407
338
398
349
140
401
58
233
218
238
387
259
120
49
84
402
159
232
154
117
278
97
296
87
407
40
12
320
363
67
20
233
288
418
161
311
282
220
84
242
358
392
161
3
392
35
413
356
307
36
93
292
395
111
338
149
358
63
197
364
354
406
82
256
409
126
197
412
318
361
233
335
411
52
338
381
167
409
315
53
104
67
3
77
178
421
306
115
63
162
137
75
146
219
332
213
3
187
204
322
126
95
315
196
147
311
235
394
299
209
105
61
276
108
138
32
108
22
227
171
184
22
246
410
241
236
202
245
1
64
225
208
159
118
404
386
7
217
358
386
4
42
23
57
129
152
344
252
334
38
59
230
299
278
199
260
311
6
65
76
178
236
409
61
17
263
399
270
400
15
9
50
257
33
321
178
185
242
7
310
281
281
332
157
136
108
208
238
328
274
105
83
301
91
144
319
354
334
380
123
140
389
173
398
422
71
153
399
105
374
77
177
232
409
125
159
308
124
189
4
398
294
87
68
386
22
387
108
147
344
231
288
310
195
54
101
58
421
291
163
372
368
131
54
250
240
58
310
243
320
379
386
398
340
98
51
191
86
131
310
406
311
85
350
167
108
349
157
122
264
362
119
375
118
205
201
390
263
119
242
192
74
204
166
415
334
249
214
28
412
100
10
299
218
360
75
358
318
264
89
158
203
208
109
353
413
342
352
284
38
170
52
144
406
250
167
348
107
381
376
96
90
418
395
340
354
78
274
280
343
363
47
154
179
156
115
200
107
43
61
145
245
145
321
259
396
65
215
79
54
406
222
52
274
190
313
120
250
312
230
380
48
286
178
68
352
58
14
51
106
328
15
47
213
180
29
83
131
215
208
156
323
6
335
173
196
351
420
148
238
225
104
286
214
409
354
268
42
71
319
149
399
36
323
314
343
352
397
177
142
181
35
168
314
72
341
85
423
336
360
236
263
166
98
179
151
154
22
193
225
43
44
327
79
367
216
125
422
316
302
266
72
337
9
88
409
52
300
110
236
156
182
70
141
119
52
307
196
356
202
422
131
217
164
23
45
11
226
270
49
411
118
151
219
215
73
311
96
320
154
332
294
337
402
9
274
273
316
288
203
337
103
152
128
267
419
417
278
37
80
145
22
198
114
241
231
187
371
327
325
99
52
12
254
28
21
347
119
156
209
322
67
312
293
13
154
104
4
250
142
84
214
408
282
328
42
332
334
231
233
233
148
285
110
400
32
319
311
232
273
366
359
185
175
388
89
303
326
274
359
295
185
423
344
181
216
36
26
216
368
79
361
203
221
169
176
377
61
184
307
31
124
239
340
423
200
2
299
99
400
355
92
282
352
9
161
265
169
187
54
110
390
112
313
309
281
187
259
39
371
139
194
192
75
107
188
275
233
184
72
207
113
164
62
38
297
347
303
39
108
54
273
195
290
283
77
269
43
337
308
112
173
76
213
402
299
316
0
195
192
124
407
189
225
233
113
367
173
193
334
126
342
5
306
329
260
384
199
100
234
55
357
375
56
75
281
288
323
282
55
87
338
394
209
136
131
322
7
304
88
274
362
362
279
173
263
111
61
34
212
227
22
73
174
10
80
28
298
403
242
285
63
84
183
204
220
315
98
160
123
186
6
58
53
285
163
248
397
224
283
113
23
237
186
129
295
105
128
57
87
297
264
254
194
207
426
297
104
103
376
76
158
29
226
285
328
391
346
304
39
204
265
396
418
82
219
284
187
347
174
108
49
272
362
243
50
193
111
416
129
321
63
120
183
123
406
82
85
323
219
387
98
55
354
349
400
144
37
420
325
45
99
374
317
295
188
200
321
132
20
21
24
345
141
41
301
118
385
220
274
9
178
205
64
365
125
297
343
425
289
239
303
221
184
24
352
329
184
121
304
164
395
249
193
247
415
96
105
20
110
103
110
100
76
119
271
48
52
257
1
308
246
231
313
14
165
235
335
349
349
210
75
306
29
268
115
6
356
221
26
36
316
129
128
392
248
400
10
292
227
3
163
36
234
46
50
399
273
386
318
192
158
393
61
187
224
176
185
150
389
203
179
275
332
299
238
142
269
240
427
59
244
160
87
40
102
58
341
183
386
226
394
214
94
264
297
287
202
75
290
149
366
358
223
299
338
107
206
355
418
140
381
167
136
95
273
381
297
326
276
252
265
382
179
359
215
188
215
130
407
74
279
342
145
71
353
195
179
128
262
166
268
213
45
116
308
30
209
174
69
55
139
334
6
318
262
365
75
189
64
51
406
343
393
120
126
28
27
17
156
290
326
137
72
371
396
92
114
175
267
183
230
406
201
144
140
421
293
313
317
33
294
371
317
58
138
424
182
97
403
350
402
1
120
408
199
143
306
52
121
63
153
350
229
354
63
369
343
372
266
244
422
144
184
307
203
338
315
401
3
303
319
422
320
23
398
87
167
288
156
304
367
309
223
164
232
302
117
143
242
384
388
232
112
156
124
331
78
7
301
97
310
204
87
198
244
70
302
411
374
26
283
310
335
90
58
151
392
176
311
219
144
283
19
256
23
159
99
387
179
74
118
329
288
48
124
19
44
113
197
247
148
431
155
235
223
198
174
168
416
293
276
338
154
18
194
172
383
63
329
129
137
217
25
196
35
352
418
79
32
183
97
383
384
252
186
174
17
360
112
203
423
388
108
144
407
73
86
357
339
185
53
44
172
281
240
208
201
428
57
3
178
154
387
129
177
343
74
397
40
186
168
30
345
46
98
63
359
171
39
208
409
235
79
24
222
198
309
261
298
224
106
185
166
214
197
79
395
198
74
420
255
295
265
73
299
363
136
223
98
173
431
73
406
76
97
194
272
407
22
136
195
128
319
361
340
83
5
299
279
79
285
100
372
114
173
235
43
307
24
139
46
21
212
18
97
309
211
367
280
231
70
39
357
389
399
263
36
404
126
316
49
409
416
421
89
392
103
314
86
270
71
425
29
132
182
240
420
220
353
112
392
263
238
337
410
86
268
278
48
144
360
164
419
406
310
208
355
406
87
433
241
158
423
262
282
171
59
268
383
413
380
333
241
175
235
208
254
69
52
302
205
412
24
182
375
326
390
295
297
35
294
95
193
274
358
41
2
409
309
378
387
246
276
186
413
68
394
224
137
11
84
335
416
100
82
356
418
29
209
273
64
60
368
250
326
283
291
329
258
157
264
210
395
105
184
308
344
89
137
133
16
301
26
412
409
123
275
34
176
146
369
59
153
179
104
137
378
154
109
317
82
54
43
72
368
135
380
185
132
425
318
149
290
252
125
171
375
308
206
23
362
47
82
79
226
94
125
77
248
234
394
238
197
345
310
129
45
255
314
177
244
104
234
7
356
268
178
295
140
292
319
411
248
309
54
382
404
87
23
216
322
326
363
83
124
411
23
11
241
312
388
298
392
236
418
229
153
358
256
251
378
1
63
366
105
345
320
325
63
68
116
350
198
138
19
322
113
42
236
256
256
89
19
212
325
339
343
42
261
162
293
104
164
258
33
171
166
255
398
229
225
77
44
423
118
63
211
133
8
10
291
166
99
213
378
424
115
186
368
376
349
126
382
415
384
317
51
114
136
12
343
263
428
290
250
11
293
291
39
59
437
362
146
286
157
234
12
430
325
149
201
311
214
105
7
209
351
313
361
423
103
300
50
201
57
224
56
351
207
95
102
206
19
378
184
306
175
197
429
62
38
192
65
252
427
202
23
340
77
76
17
180
69
68
381
256
422
437
299
192
225
402
90
374
34
275
243
209
34
364
271
202
248
336
16
237
230
170
270
307
376
287
49
7
16
111
385
72
275
332
87
218
320
200
164
165
274
19
116
214
133
407
151
152
386
338
322
99
348
52
326
227
90
339
218
106
11
164
48
156
57
135
375
248
336
100
413
41
428
90
126
431
367
277
144
185
46
27
284
394
389
171
183
40
71
271
16
391
305
65
109
232
200
45
41
406
15
15
318
313
415
5
305
343
282
319
398
329
216
243
154
166
303
309
139
8
348
111
156
355
40
134
248
102
14
343
249
422
142
57
297
341
286
392
255
225
298
269
413
427
9
106
317
312
415
168
33
36
279
341
391
31
35
351
134
49
255
95
31
109
152
328
10
438
432
417
375
2
246
61
429
408
319
306
280
294
187
25
42
26
366
434
210
401
57
56
162
312
151
345
421
303
385
143
13
377
121
100
91
79
161
81
76
113
352
394
113
383
178
9
302
136
147
134
335
175
289
50
181
389
360
60
249
249
407
51
19
206
259
88
173
140
275
58
253
186
11
175
379
190
185
240
135
141
183
279
316
31
329
57
229
58
367
37
307
333
338
326
349
406
414
81
355
57
389
168
244
401
152
432
400
337
231
344
38
223
182
163
63
321
29
292
379
396
138
54
98
285
189
6
250
163
89
273
90
0
441
98
66
42
109
430
57
264
244
344
290
182
412
52
217
318
278
283
103
263
57
317
187
87
49
151
250
138
424
341
11
423
311
77
23
293
380
394
115
182
168
278
236
139
202
325
329
353
166
432
174
223
180
362
183
229
71
433
240
53
204
251
34
74
200
371
367
138
324
354
193
50
62
429
61
265
313
390
176
351
253
222
5
433
142
205
302
437
119
311
373
79
442
387
37
320
362
86
277
43
199
29
315
360
40
192
184
322
39
113
337
106
432
41
201
27
246
61
72
366
372
54
53
423
441
90
351
411
227
185
11
34
266
378
394
306
178
135
236
217
299
181
324
289
223
133
367
26
194
439
0
175
50
53
155
100
194
63
68
421
299
80
64
122
66
15
36
203
204
300
80
304
182
49
132
336
315
0
108
3
20
175
353
431
69
132
351
34
20
142
307
120
361
129
88
33
328
123
236
140
31
368
0
265
26
133
209
393
185
318
396
205
49
306
245
170
46
152
204
67
294
68
239
263
249
379
296
185
110
140
325
142
117
378
407
195
119
173
144
304
99
96
118
200
220
425
29
159
48
2
280
382
350
176
305
164
14
77
281
192
135
228
442
192
57
95
106
328
157
424
315
265
197
169
220
417
149
272
153
197
274
10
156
201
186
17
365
223
116
223
437
251
7
434
444
64
106
127
415
264
129
285
106
326
31
327
320
180
154
29
399
5
61
111
206
248
150
148
48
288
372
40
94
401
29
428
59
154
330
330
90
82
164
337
251
199
280
191
24
138
404
127
236
318
221
199
17
140
139
444
350
365
332
85
396
40
68
118
302
60
110
393
142
275
392
55
28
334
354
161
26
313
288
370
293
171
123
418
419
370
78
431
290
410
70
348
112
246
128
414
306
239
23
110
68
77
165
204
411
182
365
99
157
315
23
4
148
254
84
121
379
177
184
290
50
360
413
376
356
141
326
356
44
69
264
247
168
379
237
346
360
289
166
166
408
268
45
283
12
171
74
391
358
269
244
408
182
211
347
101
362
226
10
406
305
275
206
37
217
6
393
130
295
112
306
267
380
351
113
393
75
197
347
433
19
155
404
211
366
304
323
291
93
343
250
399
171
19
436
398
35
382
91
341
47
397
171
438
301
284
394
386
34
304
382
64
12
339
364
212
331
439
175
381
212
311
436
210
153
94
297
77
330
385
101
210
47
206
125
292
83
285
191
152
274
155
79
7
427
444
92
310
307
267
243
71
3
103
154
156
69
3
105
399
260
78
34
307
284
159
152
367
445
343
392
143
370
23
22
221
339
114
84
199
254
199
270
257
175
424
413
244
299
391
68
112
21
102
291
178
133
315
338
334
70
163
224
91
111
212
272
225
139
371
429
368
314
177
12
146
69
94
405
173
293
236
358
27
49
207
167
431
416
344
154
324
58
379
415
7
429
239
71
119
161
51
39
313
66
338
297
136
270
254
147
114
328
56
429
216
263
147
36
68
329
190
393
226
407
359
71
225
436
142
345
436
194
222
300
98
398
149
72
220
241
219
334
407
275
115
231
135
207
131
315
251
427
351
234
225
434
193
47
381
95
148
282
115
223
43
37
229
98
90
334
311
144
70
381
413
237
163
98
444
294
16
298
323
367
82
99
403
327
146
335
25
346
219
192
119
262
229
348
360
320
285
273
66
355
205
29
142
368
180
189
264
196
89
138
165
223
237
119
101
435
56
126
383
275
318
52
140
117
420
393
412
207
364
258
258
127
399
13
331
189
8
16
108
166
73
85
330
281
343
429
100
354
313
160
116
357
418
16
23
388
410
435
144
323
449
159
206
153
172
86
99
180
309
207
102
383
48
188
420
391
374
70
294
236
230
167
142
405
183
165
342
349
356
242
221
110
401
183
264
122
269
363
58
128
326
160
267
131
105
236
71
28
306
78
24
264
443
261
346
181
437
93
230
174
340
392
408
139
384
106
213
247
449
406
128
163
283
310
96
214
164
424
298
290
50
315
94
33
116
432
215
101
73
437
267
414
377
224
93
301
322
306
97
320
252
217
23
84
68
119
290
232
91
137
62
134
0
149
167
108
129
374
209
203
359
17
157
277
241
242
126
111
96
215
59
144
120
310
131
427
124
206
147
287
393
303
9
230
162
234
251
326
20
366
103
33
270
130
229
122
232
435
118
330
130
178
19
250
33
150
224
156
355
369
443
295
220
450
73
382
229
324
253
249
235
354
281
50
31
57
172
261
37
291
137
168
14
156
416
47
305
186
203
207
102
191
49
320
186
120
187
316
143
443
244
250
261
439
147
444
312
143
172
192
267
64
132
266
321
51
73
449
305
126
135
373
98
302
274
6
179
7
322
322
362
25
31
169
376
90
160
146
233
244
339
413
308
383
225
87
434
298
83
197
337
218
117
347
432
303
353
158
310
134
392
218
71
423
300
447
59
6
52
205
250
391
164
16
320
389
103
213
146
186
322
159
3
145
289
252
16
168
10
44
232
404
83
40
74
43
15
58
450
367
75
364
39
241
54
120
129
32
57
77
36
111
236
39
256
397
291
145
111
302
61
343
123
16
256
69
386
271
127
381
183
74
162
222
315
88
214
317
121
272
394
157
383
48
68
56
445
359
73
319
364
43
73
385
139
419
164
47
449
51
17
243
115
285
300
230
291
124
55
366
145
154
206
117
77
112
154
338
416
151
218
340
210
291
270
366
270
434
429
263
45
446
50
176
291
350
407
127
34
22
37
180
192
260
297
269
372
11
168
348
179
386
233
389
237
63
299
51
41
272
314
102
263
380
279
114
290
230
241
24
294
328
116
23
340
183
74
170
216
9
44
169
152
224
99
424
283
11
379
312
231
231
300
132
373
278
36
233
348
219
283
186
115
424
234
455
150
333
168
392
368
237
104
63
29
228
56
312
240
435
192
14
235
36
171
151
339
207
410
231
451
236
442
109
228
219
107
379
120
301
339
31
81
11
120
436
343
244
325
364
427
438
37
409
328
185
456
172
428
161
249
367
51
103
211
440
291
87
39
428
407
175
47
349
413
150
361
332
428
263
238
398
243
309
383
147
70
381
319
40
118
145
441
169
282
195
186
116
282
225
86
265
435
167
156
390
352
60
264
322
357
78
296
142
387
222
289
457
145
184
73
298
329
57
9
154
286
195
304
110
455
424
409
432
167
107
398
61
402
299
397
27
109
337
57
368
121
412
287
172
448
60
274
347
223
319
191
230
453
421
80
447
200
215
189
104
294
67
184
415
85
300
162
194
357
219
281
197
351
109
369
59
169
362
406
112
401
317
342
395
279
142
102
199
76
291
303
89
77
206
46
340
226
386
253
124
324
75
40
216
362
410
275
250
32
401
362
433
259
424
369
257
285
190
175
398
9
54
421
417
393
150
315
298
122
369
78
125
378
251
302
340
278
25
129
345
263
236
236
163
161
254
27
130
125
253
69
135
440
162
92
373
312
80
343
106
121
93
231
40
16
205
52
295
363
313
312
166
222
220
2
383
146
29
186
272
282
387
407
262
89
39
307
73
251
190
179
373
283
82
153
146
128
102
183
353
440
193
274
30
23
448
371
450
322
306
374
344
226
386
414
281
144
338
309
16
32
98
434
405
295
154
118
423
256
301
343
263
61
156
321
112
144
260
101
33
105
14
377
360
428
331
208
140
236
57
156
268
155
157
240
17
339
358
440
162
226
322
426
287
46
314
400
190
113
68
251
247
111
168
143
412
275
73
60
6
279
192
356
400
197
388
23
238
360
334
411
269
314
94
12
218
48
136
179
203
363
320
380
272
329
59
222
140
132
281
144
410
11
38
346
209
426
369
445
323
241
394
128
92
24
138
308
73
275
26
276
176
346
192
446
213
251
204
353
381
23
35
327
33
71
209
242
34
117
225
444
137
309
30
408
144
216
231
220
445
118
38
44
311
184
417
132
140
235
356
224
73
123
326
430
301
230
307
140
195
298
295
43
144
36
163
462
253
394
394
409
49
432
165
71
154
119
203
5
65
270
403
139
393
267
106
405
208
125
257
114
423
263
157
278
300
320
277
264
425
208
384
185
352
260
430
217
380
344
222
445
151
271
304
309
255
34
434
300
303
226
405
221
342
32
370
170
189
76
421
185
418
154
303
456
426
284
114
393
454
304
182
184
335
22
254
126
56
224
186
119
210
127
340
312
384
246
243
333
83
424
54
261
114
117
253
301
162
127
230
152
431
412
96
63
195
350
189
251
110
376
131
80
39
7
393
183
14
396
52
45
380
363
422
18
464
281
212
405
67
219
355
62
2
68
203
454
63
284
328
222
195
218
53
11
406
369
464
228
114
302
273
307
12
230
325
12
323
349
417
202
380
308
76
382
376
280
371
251
376
47
8
106
265
339
117
18
243
116
246
170
231
331
12
243
96
149
255
231
310
20
433
225
328
45
420
51
266
286
60
442
66
167
310
395
282
79
37
274
312
94
228
262
217
206
222
106
435
338
58
333
465
445
363
148
275
217
256
75
37
312
47
100
9
353
29
291
432
62
96
278
156
324
70
370
65
289
10
30
161
64
364
156
43
257
304
318
4
90
389
41
398
436
137
408
323
166
229
20
410
44
277
144
173
137
1
465
363
326
449
443
205
275
459
44
103
197
380
274
139
152
253
39
250
18
175
53
188
72
47
105
116
299
249
263
436
251
261
332
110
218
282
315
26
248
334
130
445
221
378
91
373
164
104
130
157
280
158
345
352
205
450
442
11
232
239
447
457
7
286
101
225
73
397
23
216
378
138
234
37
403
209
252
113
120
302
38
46
208
341
317
126
247
132
91
355
16
122
240
8
339
296
36
285
97
59
33
348
69
140
385
345
349
41
458
341
344
368
387
84
241
236
82
360
241
174
119
129
168
231
9
39
59
46
324
29
445
358
377
178
412
18
451
347
216
265
179
461
352
43
125
250
166
98
14
89
193
91
46
165
362
365
240
170
283
382
16
439
72
172
148
15
7
130
178
223
395
357
31
94
401
156
344
383
254
358
288
447
266
334
428
444
230
200
430
329
398
447
300
1
435
264
301
442
211
10
12
422
368
43
48
116
200
392
315
270
98
243
378
133
441
215
15
193
57
320
159
156
34
460
80
298
201
123
239
115
247
441
8
430
274
137
53
454
75
197
362
466
440
270
61
343
15
76
66
5
328
158
161
295
80
242
123
281
365
294
328
74
197
337
34
2
406
87
456
11
216
348
7
186
80
0
60
283
443
153
407
310
286
121
304
99
324
203
423
400
212
24
234
170
29
359
402
459
119
422
229
457
64
408
49
427
308
39
114
155
68
50
340
229
47
173
328
371
376
156
175
464
180
285
163
209
173
440
197
292
391
301
278
330
114
328
162
422
242
276
106
185
202
447
415
249
24
147
149
401
303
325
269
12
139
256
384
386
466
392
266
125
175
150
31
244
151
337
185
235
421
141
336
431
192
435
109
314
37
16
49
292
17
384
291
369
408
444
283
170
364
317
64
67
467
95
80
386
200
265
390
389
406
22
117
126
457
226
441
22
242
258
82
27
411
374
164
347
346
215
286
6
61
350
73
296
213
153
451
413
419
369
330
121
156
194
85
35
63
244
94
446
382
147
321
41
467
224
36
17
200
90
248
189
118
131
299
395
167
432
455
438
166
437
108
56
366
400
91
163
171
186
136
81
67
191
122
61
416
365
285
143
455
267
66
307
132
365
229
299
325
418
471
225
117
314
282
10
241
373
380
147
293
250
435
360
442
291
248
161
21
38
318
264
363
324
124
19
115
234
390
143
343
283
133
88
104
433
159
407
85
300
390
81
187
218
384
183
266
55
240
183
93
454
447
353
304
97
372
316
228
288
459
97
467
14
81
467
343
136
401
429
436
213
36
45
328
316
229
16
371
365
199
361
346
68
136
176
166
34
30
33
138
388
270
12
452
82
386
112
320
401
238
214
136
407
179
11
440
315
121
141
375
268
17
194
188
179
381
58
427
412
91
467
227
263
381
106
345
293
218
190
121
358
306
257
192
11
170
158
228
193
201
30
461
218
224
77
299
33
135
153
445
227
145
99
15
52
474
75
409
182
113
77
316
48
328
24
460
208
269
8
411
251
153
62
233
133
203
185
112
32
159
232
440
361
425
438
180
424
37
113
130
151
63
318
71
391
214
55
471
7
63
406
130
88
469
363
222
68
72
334
100
103
439
412
465
388
375
169
208
284
155
338
435
218
53
339
471
366
239
371
338
452
174
132
79
296
346
462
98
413
100
311
299
202
339
41
462
59
123
174
136
256
146
318
193
117
107
113
7
272
8
271
247
108
403
253
404
198
164
25
135
190
262
360
318
125
401
304
110
47
404
246
230
476
14
423
117
121
60
50
393
471
321
90
28
391
14
423
304
440
428
418
445
205
367
270
379
198
271
325
252
44
285
253
46
51
339
55
164
366
337
215
265
295
108
7
208
122
136
218
269
86
158
236
475
231
212
82
429
6
114
204
234
105
457
280
156
24
335
320
390
378
241
361
195
350
74
110
178
210
328
153
3
193
245
295
217
142
265
41
253
53
66
180
140
259
43
463
4
145
446
386
7
152
273
104
214
150
184
166
88
113
121
52
257
367
155
282
30
420
131
91
281
197
271
421
457
314
405
461
268
372
176
275
333
449
187
68
408
372
234
17
293
164
356
358
339
32
161
369
261
293
178
342
385
273
41
409
224
191
233
399
422
414
127
74
200
315
273
109
416
353
279
146
56
319
274
78
16
155
389
260
136
87
122
393
360
163
195
456
227
428
375
41
362
374
467
435
82
260
64
18
5
344
37
61
55
183
139
423
338
48
203
346
7
198
132
240
233
28
358
140
358
16
366
447
272
337
128
14
374
348
310
455
442
380
128
230
62
25
377
320
77
157
286
194
351
91
421
265
119
314
406
478
330
291
459
136
163
106
166
56
469
476
45
431
390
188
195
467
214
106
306
306
263
127
19
148
218
456
414
338
289
354
350
153
179
343
304
342
449
470
413
437
480
459
402
389
166
131
376
395
238
126
121
257
38
174
254
227
200
410
305
372
0
32
170
99
126
336
113
288
232
311
171
363
45
480
133
107
64
330
273
295
456
395
425
13
441
197
112
159
479
289
49
479
193
91
96
319
299
81
479
403
393
168
285
438
38
290
417
103
138
209
398
466
476
213
351
307
410
463
466
279
142
387
276
260
241
432
198
276
349
200
402
248
7
67
233
211
60
208
174
147
429
481
259
482
108
268
313
273
172
289
345
412
117
82
189
398
31
428
232
380
145
151
186
152
258
459
404
358
184
95
22
171
133
321
170
242
106
41
72
319
370
457
248
45
56
477
443
127
422
232
65
125
120
40
219
287
27
15
134
85
179
269
292
270
235
10
151
426
377
98
231
337
261
324
336
443
21
348
221
251
413
414
357
202
454
93
157
481
260
292
234
439
77
43
378
464
205
45
407
98
296
306
435
73
299
440
184
320
456
405
87
385
3
113
255
457
206
81
122
466
373
25
175
78
303
119
325
349
273
349
244
77
400
20
450
313
85
381
71
408
169
164
196
343
318
197
198
94
120
251
270
413
378
282
329
196
401
169
382
190
33
141
267
270
483
70
99
84
288
170
329
457
171
362
152
4
397
188
420
354
439
206
283
169
325
449
365
242
455
99
269
325
240
66
185
65
298
438
333
167
307
400
403
136
328
212
464
482
237
307
145
390
357
215
78
440
271
261
223
36
322
198
412
184
264
111
428
255
242
275
422
63
189
31
377
210
422
355
206
173
355
43
256
226
258
334
358
221
288
273
257
302
471
361
1
428
473
429
197
407
396
133
470
278
343
361
180
279
409
386
452
456
430
222
374
162
373
80
53
200
210
458
270
414
326
67
382
485
300
197
221
445
17
123
372
285
354
371
16
235
247
88
221
427
324
290
421
210
201
474
410
242
276
25
169
433
92
382
262
393
92
314
182
110
268
67
395
136
438
243
202
29
162
424
288
486
58
53
41
259
358
282
332
465
307
15
30
152
444
319
221
331
196
26
126
457
415
150
219
186
245
11
347
123
356
275
37
65
480
369
403
96
218
232
311
475
259
341
139
216
52
360
427
248
266
433
218
193
95
317
259
341
208
486
344
76
274
381
141
146
142
56
243
361
169
66
348
428
287
367
36
339
119
215
435
187
166
211
20
4
30
155
338
386
72
150
451
245
217
44
242
248
313
87
408
465
412
48
31
150
478
65
432
17
281
378
154
397
50
124
351
31
229
200
367
302
301
329
8
29
323
250
227
148
337
97
74
210
95
55
360
85
250
17
286
486
120
210
148
396
277
239
97
138
448
230
284
169
457
117
209
387
261
123
121
303
193
194
7
167
232
470
437
144
487
386
140
118
106
440
24
45
189
273
183
148
165
467
469
132
247
189
181
18
464
454
473
167
311
480
334
205
461
434
349
458
330
489
238
98
101
414
248
202
389
212
27
169
21
135
249
336
40
125
260
243
232
125
19
327
335
132
145
136
120
320
76
35
66
307
295
100
171
158
408
175
476
50
345
7
186
103
449
332
228
325
85
75
450
104
402
400
342
56
46
77
482
228
112
74
334
198
473
488
321
242
136
236
283
474
60
274
453
18
448
32
149
268
83
329
311
195
110
52
331
292
131
346
337
488
421
100
195
322
96
436
72
152
180
355
54
161
57
15
179
426
460
248
122
463
85
433
166
115
486
417
408
45
272
173
453
121
273
156
487
69
169
139
89
24
230
393
272
490
156
91
445
186
297
488
457
115
396
458
105
482
363
386
347
237
113
354
142
255
389
331
26
261
471
116
285
208
16
259
400
367
350
353
61
349
348
220
464
251
380
271
436
251
165
290
488
473
151
333
430
48
171
457
11
149
275
296
59
291
62
460
360
299
344
124
348
418
183
1
134
133
261
275
371
153
474
367
92
419
131
176
448
150
474
369
21
119
327
159
380
284
446
263
143
296
388
51
220
131
52
409
318
314
190
196
27
224
69
120
204
254
350
212
404
330
88
479
9
469
145
443
314
97
212
457
448
160
15
233
316
251
118
427
384
84
348
389
90
89
398
388
480
178
16
403
82
285
50
140
304
64
95
252
467
58
238
374
340
447
210
161
300
328
93
190
412
43
181
105
132
181
493
117
456
14
26
140
396
173
280
206
237
375
60
209
35
298
57
424
112
147
300
153
430
455
101
380
433
418
246
177
34
442
1
193
20
34
493
190
312
319
437
248
322
65
459
4
70
20
429
119
103
233
272
38
128
373
418
1
295
104
179
265
50
116
458
6
86
391
197
398
214
74
86
425
39
207
94
381
364
424
410
135
388
409
323
423
440
417
315
476
391
330
251
250
163
35
155
230
263
256
337
418
359
185
22
398
69
116
455
109
217
368
244
281
453
244
207
396
337
26
51
232
32
475
158
196
13
486
102
276
419
440
370
281
301
68
182
46
185
141
328
272
152
99
9
476
367
270
281
470
33
188
21
335
208
268
227
85
216
277
328
393
64
71
390
180
92
474
308
451
370
336
225
443
355
235
421
224
7
204
117
458
312
138
215
441
327
443
28
463
142
276
358
126
267
170
306
360
146
36
233
19
293
459
462
150
441
264
402
466
92
333
18
142
77
191
225
194
425
471
78
89
43
174
121
311
414
15
167
101
177
139
376
281
211
89
325
153
353
228
397
445
339
415
365
194
385
91
167
311
340
245
179
162
198
78
473
390
93
418
491
271
335
146
330
48
235
156
249
352
403
214
85
340
179
201
302
281
307
263
499
419
34
252
415
338
266
192
485
397
304
142
476
447
420
276
369
173
485
118
26
240
332
463
81
12
16
383
145
323
498
144
95
384
248
362
223
15
55
208
412
211
202
240
10
122
368
379
148
353
498
26
446
182
276
350
347
115
54
319
98
427
193
173
48
410
261
436
55
89
204
475
458
328
404
120
295
74
35
421
453
118
247
187
42
269
36
136
131
337
455
476
9
394
148
304
49
155
240
104
245
444
78
449
17
228
68
59
303
350
480
1
236
454
118
156
139
303
196
198
454
194
330
3
472
142
316
196
57
171
495
113
58
317
350
250
272
48
139
280
480
165
106
278
117
224
434
320
25
192
81
41
450
411
44
421
116
361
179
173
94
172
350
152
51
198
403
372
331
281
265
407
98
438
341
131
138
266
162
99
240
181
90
291
18
328
49
416
437
146
368
386
230
306
277
455
279
439
229
108
217
400
420
221
335
258
352
473
430
11
477
167
192
65
458
116
393
413
29
232
464
398
115
96
106
297
457
386
138
183
399
356
80
452
246
63
367
142
441
271
410
99
441
401
324
367
234
500
57
473
132
482
32
127
167
479
372
59
371
386
110
222
308
189
43
50
253
282
64
190
49
474
289
362
244
110
225
478
482
283
319
487
133
223
110
300
199
482
232
66
236
342
289
416
27
204
466
50
94
340
85
357
268
451
108
167
391
393
14
121
235
9
264
141
445
153
197
120
445
331
168
479
312
464
455
243
36
269
294
130
104
379
49
373
392
224
102
278
113
116
400
348
126
159
52
133
380
316
320
320
142
488
294
454
10
311
177
255
40
126
185
42
14
133
168
447
217
50
105
137
117
341
154
74
276
386
274
267
39
76
236
1
419
58
288
499
26
46
248
66
258
13
195
272
233
449
214
30
499
405
167
197
326
321
271
96
369
338
202
261
149
159
139
440
128
120
258
156
197
112
378
69
500
119
393
148
219
356
446
32
142
159
442
390
117
355
48
486
214
250
268
391
409
435
325
59
49
76
215
246
216
114
343
210
234
230
358
481
107
326
6
250
379
70
377
451
326
259
195
326
89
71
266
40
153
186
319
487
217
75
399
330
0
224
20
250
442
412
70
129
209
414
55
80
476
432
24
286
176
211
104
257
282
362
297
436
33
100
415
250
167
306
72
168
15
85
322
497
180
295
465
233
287
464
293
285
406
233
347
5
125
330
75
441
71
220
309
485
26
363
410
273
84
357
451
434
381
264
500
129
127
456
362
414
489
146
267
463
457
105
468
150
3
34
159
152
331
469
128
358
400
30
199
52
464
141
55
336
482
46
33
485
205
376
296
242
73
33
431
297
322
54
487
463
305
268
389
146
71
199
425
168
380
387
87
444
414
280
52
111
470
381
86
38
119
254
280
193
287
74
362
100
128
340
53
433
480
442
452
423
3
367
81
384
117
168
318
21
321
243
273
84
412
92
168
165
52
424
388
350
89
402
182
291
502
95
349
482
79
112
383
495
469
390
170
464
227
14
44
382
182
317
466
68
394
108
233
430
5
110
253
94
1
436
385
488
4
223
443
84
319
316
52
278
179
222
215
434
321
274
299
426
435
178
389
186
502
416
370
94
420
2
352
445
403
192
70
170
337
213
224
211
238
405
223
276
177
216
199
498
490
498
412
413
164
289
87
154
193
457
248
101
460
88
35
351
281
105
9
106
318
233
317
44
126
29
321
263
325
373
291
330
412
430
412
105
450
391
91
495
467
486
82
273
41
169
246
76
294
224
510
285
88
425
58
63
39
46
342
364
435
136
197
351
54
112
456
7
504
50
502
458
23
87
234
81
256
496
157
38
207
155
339
312
187
345
500
191
169
432
338
118
283
478
286
254
364
187
511
160
116
193
110
316
51
494
321
382
167
470
175
418
384
388
61
185
220
47
376
389
93
200
121
376
164
22
116
142
337
241
302
453
435
26
384
486
134
191
354
430
275
16
334
273
397
492
134
304
207
378
428
435
389
338
112
411
145
163
179
261
350
163
97
455
220
54
247
479
107
94
11
323
64
267
169
379
161
304
168
285
84
514
122
391
337
234
287
399
398
383
62
150
463
159
90
169
130
337
133
155
367
501
89
347
386
427
297
118
332
255
274
306
77
331
338
174
401
227
448
321
277
217
197
422
163
270
181
338
164
137
136
7
122
225
346
500
128
127
102
453
375
368
243
444
175
65
95
52
284
27
365
45
236
46
275
126
195
316
399
193
467
433
78
49
228
43
275
290
416
262
126
366
294
448
510
451
462
208
329
177
331
317
144
464
327
351
73
455
83
404
131
33
320
209
83
480
185
290
254
84
36
312
450
262
244
375
196
121
67
458
299
330
41
504
50
276
407
355
126
303
87
49
391
34
483
250
241
62
174
74
61
90
444
395
508
369
433
300
418
485
26
336
323
415
152
373
174
42
210
130
175
128
179
48
162
493
128
403
37
133
308
447
223
234
154
335
263
441
305
113
385
318
277
267
42
384
404
294
316
274
274
280
14
206
413
243
166
160
391
6
188
321
305
26
469
12
362
511
453
148
105
99
245
161
145
66
27
30
360
122
84
116
181
98
101
169
195
377
276
56
513
200
425
255
3
118
281
506
10
316
27
399
412
225
193
314
168
351
340
432
401
450
28
466
392
502
115
459
359
263
515
224
463
292
479
338
282
112
325
292
301
352
43
193
57
108
507
98
459
200
10
213
130
130
12
464
189
301
179
335
428
284
28
200
323
303
291
265
14
228
372
503
290
117
509
444
270
460
287
507
126
167
384
219
297
77
162
167
59
342
183
487
307
212
368
312
196
138
56
210
367
110
193
338
227
383
261
178
202
398
486
502
45
267
346
133
11
160
126
97
354
19
246
101
369
349
330
124
221
247
112
244
107
93
155
233
302
203
228
323
79
192
303
465
460
467
76
289
105
202
387
460
39
111
379
408
279
187
136
443
126
239
465
433
301
21
30
239
0
167
306
49
116
502
180
137
153
31
278
325
126
232
250
161
228
260
102
334
141
239
254
268
331
49
178
109
446
61
348
446
229
507
348
198
486
5
188
157
252
402
211
368
105
228
103
383
255
42
484
144
172
427
182
35
198
36
491
390
38
65
120
505
82
455
196
373
520
457
407
125
335
494
493
440
198
472
299
453
514
259
474
163
162
132
198
236
45
41
102
83
507
99
396
463
277
238
317
199
129
381
71
494
206
153
57
218
394
444
34
347
467
521
432
223
99
463
96
288
426
332
458
340
118
329
278
395
42
70
47
171
429
118
117
110
249
174
305
95
71
317
419
13
313
326
377
378
189
256
27
105
114
471
212
492
145
162
275
7
96
110
500
212
154
348
506
313
26
17
451
327
476
369
170
331
216
22
183
125
278
457
476
112
402
408
325
268
44
74
521
140
184
496
73
58
318
118
267
43
325
30
502
409
111
410
233
241
269
195
360
433
402
57
494
42
134
99
204
156
170
1
517
524
270
154
218
3
518
204
47
35
234
22
444
64
151
396
306
421
65
139
46
186
212
226
362
331
105
525
507
1
500
87
244
520
486
45
89
408
10
412
104
94
193
330
296
0
87
375
510
74
140
433
390
416
196
224
219
301
286
262
366
322
349
146
314
371
191
403
315
265
351
420
359
16
222
128
390
182
1
17
373
492
388
316
200
296
404
28
455
469
225
319
172
63
228
457
301
384
473
457
349
296
351
180
313
283
404
174
252
193
508
96
472
367
199
144
450
75
172
163
331
397
482
291
247
181
219
20
37
163
477
173
26
370
90
225
304
54
320
231
507
465
217
25
301
288
117
206
148
218
215
439
53
187
424
4
237
326
498
230
440
152
309
467
522
400
194
328
454
16
30
463
482
279
520
253
37
140
492
186
358
177
127
411
8
348
334
157
315
426
395
312
108
362
264
320
427
463
69
293
233
62
384
243
402
498
20
343
473
337
445
158
187
357
526
195
1
329
352
316
225
44
98
160
233
362
307
129
122
376
249
182
265
460
252
494
254
272
412
279
259
378
221
63
20
112
181
476
260
448
326
14
79
105
79
142
116
379
367
366
248
30
457
514
124
501
88
101
386
500
380
433
134
69
496
154
502
465
419
18
381
213
352
460
318
219
390
222
66
13
359
139
224
108
343
228
407
460
331
489
527
141
39
107
3
483
366
532
377
149
409
436
303
42
139
286
523
473
177
115
59
3
257
284
112
69
514
521
531
312
477
525
454
518
99
459
468
467
460
314
85
336
219
388
380
359
143
372
299
321
487
186
520
391
38
26
17
180
384
204
332
406
280
42
257
454
217
125
7
251
440
42
530
194
140
38
187
115
100
131
376
375
340
384
254
378
411
294
46
261
498
379
156
245
443
413
165
127
5
25
12
16
126
292
126
201
375
194
20
56
331
83
415
5
32
322
325
151
367
284
367
66
366
471
464
216
515
62
37
202
19
49
218
146
273
345
279
46
471
299
34
115
128
131
172
426
176
195
66
98
62
11
148
459
262
17
89
418
261
416
38
247
495
56
320
50
138
118
244
39
30
182
507
158
313
143
401
489
338
283
403
216
199
165
304
484
44
298
118
229
423
360
68
536
126
220
484
446
429
82
519
475
273
483
58
274
233
204
426
83
15
147
210
509
312
273
456
357
34
332
344
216
451
170
510
335
391
457
244
41
2
226
274
33
395
199
233
402
527
39
235
206
531
425
163
127
340
416
79
325
144
416
467
390
505
217
13
377
293
269
389
475
437
413
179
294
75
254
159
444
294
236
113
129
123
118
256
305
535
177
93
141
56
402
373
23
529
526
278
377
327
434
63
22
266
82
493
532
438
293
355
250
470
124
398
413
22
389
58
145
533
524
149
185
52
442
231
194
429
509
32
370
404
95
5
284
178
111
277
229
404
93
92
488
217
490
362
392
492
420
369
88
422
175
138
389
259
184
174
416
143
232
104
246
216
100
81
444
306
211
425
313
404
467
191
45
343
279
142
487
443
512
35
17
379
405
98
330
49
272
438
425
196
2
363
104
103
475
204
525
398
80
251
351
143
536
356
90
365
534
506
508
151
306
475
20
309
334
41
316
540
471
158
414
399
168
395
413
265
59
19
122
302
270
96
68
428
74
158
253
230
286
383
4
214
481
24
523
274
137
12
339
231
528
473
259
489
163
342
188
244
136
383
303
214
469
102
15
234
487
423
242
411
177
416
209
525
41
14
401
178
27
198
409
13
129
152
529
318
520
201
21
114
68
350
161
185
267
328
8
477
210
213
98
283
435
98
321
414
114
488
396
132
248
252
261
508
483
247
395
156
338
454
204
495
350
365
137
519
150
48
453
360
163
453
2
500
8
225
372
25
170
127
157
125
495
167
35
321
102
304
206
393
33
469
156
9
187
48
422
519
112
429
244
422
489
133
329
121
433
261
428
141
383
103
267
334
143
174
112
245
350
318
94
384
115
122
265
70
276
457
486
534
509
39
147
390
425
423
499
338
179
302
262
150
91
177
289
282
61
159
365
20
460
475
293
511
404
437
36
135
366
539
141
331
33
288
176
459
183
147
252
379
449
531
529
12
163
291
312
146
313
387
139
115
46
432
505
418
220
418
477
293
447
268
345
476
4
445
515
8
36
267
7
86
193
438
163
296
82
303
442
267
16
453
254
480
211
214
225
303
504
156
51
405
424
396
207
301
492
448
193
92
171
400
40
442
359
476
47
430
35
508
394
67
388
421
468
320
248
484
115
456
477
153
304
111
359
75
541
366
39
187
458
210
103
13
167
462
489
276
408
524
237
255
106
141
191
28
449
510
449
65
336
58
111
336
458
29
162
276
139
150
334
519
154
474
67
533
30
434
327
245
377
474
446
198
194
410
57
215
372
507
280
280
137
391
189
167
420
351
444
131
501
350
103
107
298
418
352
425
92
180
296
59
204
254
217
397
335
72
442
437
290
403
342
62
16
310
111
244
246
27
313
340
304
172
7
53
41
359
479
258
114
350
441
443
179
109
291
515
306
510
497
477
549
304
33
523
404
459
14
517
376
67
495
464
30
394
331
298
455
329
434
348
297
505
262
344
349
83
69
68
195
16
147
194
473
181
168
327
242
334
447
68
401
392
134
432
237
68
332
294
93
370
478
355
490
445
219
262
474
199
84
270
52
52
341
299
409
204
493
88
451
310
269
79
85
323
26
5
326
353
357
419
172
284
223
111
179
173
105
384
372
189
385
156
198
34
401
455
70
74
78
477
410
480
433
453
104
83
90
346
227
80
455
457
325
132
286
528
143
170
363
503
447
251
333
93
286
182
549
396
297
115
321
155
43
242
96
147
325
65
78
299
481
36
290
525
519
373
507
310
505
409
124
143
351
213
188
329
398
116
83
15
485
479
68
58
270
125
135
435
244
268
181
226
304
526
253
324
346
261
81
352
172
206
517
484
384
184
499
289
38
0
9
81
319
287
80
175
77
465
386
8
281
33
90
508
352
61
384
165
399
350
469
210
494
432
140
325
62
85
60
502
487
472
29
253
205
64
138
91
508
442
550
423
382
246
188
341
404
50
211
182
0
180
345
439
428
338
157
277
88
108
541
414
364
543
305
476
52
495
12
57
434
59
480
262
306
165
100
207
215
311
131
537
110
480
28
204
123
246
349
383
125
283
500
341
299
143
477
275
315
160
456
498
52
247
226
526
102
64
40
161
37
171
331
147
283
359
540
406
238
521
421
363
436
365
148
368
140
326
403
55
362
127
528
92
389
370
354
410
93
256
250
35
31
523
217
541
519
317
325
475
215
48
253
77
429
392
426
101
162
47
487
298
505
232
164
337
45
518
190
138
548
441
504
22
45
463
20
241
196
404
145
272
99
348
467
297
288
387
506
447
105
125
310
537
482
487
383
521
458
324
396
389
179
255
17
223
158
37
462
353
439
48
67
538
396
534
275
126
362
222
13
315
491
24
518
113
460
464
334
531
57
103
187
106
307
5
238
161
432
268
424
362
99
369
288
234
283
321
506
412
57
460
169
548
484
128
102
386
412
437
178
469
540
186
16
108
191
24
393
434
204
142
284
335
226
443
301
514
351
32
487
461
530
9
72
125
440
434
161
473
411
538
24
58
272
26
536
472
50
241
218
126
383
503
462
481
386
75
436
49
107
363
293
557
156
99
433
196
21
411
391
130
360
52
482
385
92
443
550
500
26
78
512
309
138
276
386
411
106
42
130
446
76
91
443
232
420
544
96
441
394
487
11
423
539
161
247
300
439
510
417
176
182
423
274
308
152
130
541
156
106
142
107
433
544
556
406
24
202
171
328
533
491
396
526
65
232
203
420
513
152
117
531
176
540
243
326
130
216
305
128
322
290
78
171
212
375
36
479
170
522
465
465
390
247
37
12
346
338
111
50
419
133
255
376
196
113
28
355
74
373
112
557
154
302
165
272
114
107
94
190
66
398
382
461
37
218
237
118
272
134
88
61
465
497
219
199
449
497
550
542
94
101
483
226
402
368
275
221
103
119
298
135
449
116
528
486
267
201
536
539
335
60
36
169
489
356
191
501
366
192
209
82
111
514
323
268
543
438
45
281
115
498
241
434
75
438
3
437
236
253
466
550
509
31
542
405
379
168
342
181
361
543
255
464
493
13
168
463
443
213
171
559
146
270
112
57
128
313
2
6
35
555
319
186
379
365
75
39
559
129
29
468
504
12
283
198
360
155
393
554
324
148
176
256
10
289
471
297
36
65
244
14
490
401
457
425
201
257
298
469
313
110
506
13
344
565
516
232
252
353
149
163
202
502
345
374
116
48
187
2
399
366
17
322
200
409
115
401
99
349
304
348
9
87
27
234
559
384
414
288
344
87
517
328
337
382
202
383
64
88
458
10
44
290
213
295
271
315
226
554
368
110
567
337
197
554
3
148
330
418
436
106
465
345
414
267
63
475
480
141
411
77
47
383
73
42
314
34
466
410
28
498
376
546
323
71
111
109
509
201
239
263
253
533
329
98
232
129
4
143
270
415
525
317
520
528
529
458
311
110
37
33
43
307
63
202
554
482
508
375
566
284
527
562
87
363
40
551
52
96
117
431
58
55
224
480
13
86
369
227
98
308
260
142
211
560
153
445
544
262
102
422
343
487
268
427
265
438
348
542
449
44
55
235
216
173
467
241
522
34
565
389
442
118
11
41
108
123
446
40
344
548
462
116
423
118
503
77
36
326
282
103
566
9
38
352
530
397
66
77
474
150
496
543
121
426
317
159
243
13
79
555
342
315
376
344
263
183
31
299
509
313
378
480
298
416
236
232
242
484
393
285
410
113
473
167
344
223
234
566
308
444
59
368
559
61
451
68
356
488
181
16
487
326
43
419
290
309
32
270
221
447
4
80
9
477
247
353
150
503
369
112
517
31
354
514
82
7
60
131
286
107
85
483
75
343
463
432
465
185
264
412
184
513
252
224
536
212
3
410
33
164
114
550
362
61
82
444
324
519
380
58
366
426
169
561
483
39
417
255
175
353
211
371
264
345
40
283
331
261
269
320
239
327
182
471
49
185
52
373
31
334
334
299
88
503
286
571
444
30
291
219
16
65
385
237
497
570
403
485
148
43
125
274
489
272
27
471
467
298
284
42
482
174
300
447
154
297
408
17
3
571
236
20
508
494
129
429
488
404
575
327
202
157
431
114
103
68
476
201
551
551
522
512
447
257
95
156
6
22
320
336
425
504
39
97
433
53
514
433
478
80
328
104
382
183
363
486
251
407
255
371
559
480
11
498
162
126
8
35
378
499
74
61
262
502
218
8
432
73
197
227
47
423
265
374
197
442
363
144
343
229
141
536
132
152
457
506
491
99
502
18
159
342
341
377
428
59
198
29
242
200
33
457
390
466
454
561
382
140
403
196
87
58
454
30
235
292
249
322
68
172
479
227
514
380
165
503
0
453
428
563
293
498
308
226
323
362
88
540
494
461
522
424
569
234
164
203
362
209
401
190
267
519
317
224
118
78
69
201
531
497
184
237
407
484
463
150
266
552
102
173
425
36
122
308
483
188
306
112
499
150
165
318
394
208
540
365
186
494
158
426
350
37
353
100
473
159
41
100
314
457
385
139
416
507
284
319
532
427
268
287
578
270
25
477
431
154
323
417
220
576
553
450
341
17
440
50
85
547
88
101
407
223
290
332
216
405
422
412
532
567
488
303
2
118
520
434
272
1
9
232
577
302
101
76
574
77
379
332
394
477
2
91
575
238
67
580
11
465
328
565
323
203
360
312
413
333
74
431
314
68
342
253
439
501
288
430
578
84
179
156
561
531
248
321
187
82
428
155
368
523
12
568
20
540
494
561
10
308
203
17
297
229
41
371
64
259
17
464
233
349
174
47
469
448
147
13
334
559
152
119
483
164
281
1
443
69
5
350
444
153
557
321
76
502
48
445
123
471
116
391
581
492
86
282
399
550
8
295
101
465
279
403
495
432
277
354
373
282
576
232
307
549
426
383
111
485
330
137
490
567
324
449
236
60
251
108
349
130
303
439
498
546
109
373
479
302
54
362
448
61
319
358
278
188
29
470
87
439
101
71
420
425
14
315
335
426
196
265
81
257
154
202
201
2
253
313
171
333
353
204
290
337
244
528
263
488
438
489
493
135
542
72
553
140
388
388
66
84
66
113
40
320
530
476
514
479
242
5
395
142
381
124
495
190
69
226
481
447
130
512
119
477
202
151
539
345
157
57
241
6
126
237
282
68
187
330
121
465
142
232
36
327
530
249
370
52
219
34
172
420
515
284
559
422
139
51
75
126
399
336
289
91
277
391
332
214
472
453
90
471
505
445
570
232
96
25
420
549
46
68
564
490
145
45
57
411
471
356
208
272
104
500
405
95
77
283
205
517
373
306
521
410
284
501
174
380
527
127
462
105
535
507
111
187
105
103
332
119
98
60
551
12
23
141
424
126
110
415
228
306
432
459
231
14
255
297
234
445
222
204
390
122
269
390
356
568
565
517
255
578
122
27
289
414
135
208
407
241
397
97
138
305
339
523
165
76
61
148
110
408
90
225
76
359
23
336
178
405
319
512
481
450
439
308
137
517
57
127
365
468
588
4
85
69
220
588
252
487
83
50
438
531
205
501
335
380
243
542
221
563
490
138
420
337
446
586
261
532
120
38
395
0
55
583
418
579
334
107
245
538
237
328
468
585
409
147
407
428
343
404
353
473
55
62
166
46
305
1
503
291
433
304
92
488
93
310
69
568
170
569
484
589
287
584
590
338
45
251
398
411
406
427
325
315
471
450
466
537
563
334
389
261
194
338
255
274
362
196
120
404
171
476
399
330
466
266
74
383
389
344
199
200
370
244
248
207
178
542
360
150
62
316
341
343
242
354
568
182
158
205
413
181
70
21
211
38
83
76
481
161
98
354
217
391
88
447
265
463
336
246
227
392
591
456
307
99
246
317
487
2
13
71
18
85
58
110
1
417
583
3
584
49
98
92
153
142
127
469
375
104
94
74
222
564
378
14
59
426
301
405
361
192
403
214
210
7
509
269
316
309
130
286
405
430
378
558
106
28
468
515
507
180
331
99
279
596
222
251
267
210
185
459
22
364
358
593
561
62
118
115
359
482
368
324
473
219
586
121
247
94
274
393
274
32
500
223
167
213
118
473
314
551
561
476
363
598
361
390
293
379
423
58
350
374
363
82
219
359
405
353
505
258
51
71
43
303
46
562
517
165
435
86
324
403
175
199
529
346
301
525
432
60
196
382
512
262
10
108
312
29
179
525
349
479
258
31
44
267
18
444
256
292
466
516
30
294
144
366
243
491
464
130
19
301
202
39
371
495
203
523
295
325
374
206
63
578
481
2
508
223
34
100
297
415
395
505
107
540
269
127
131
346
234
89
526
216
68
263
208
119
76
410
406
429
378
367
305
88
252
238
42
519
518
326
185
161
33
99
103
151
133
535
253
418
88
241
12
601
464
603
46
540
81
263
468
304
37
106
410
101
362
533
541
259
56
330
221
272
497
153
119
326
369
253
390
493
330
344
377
588
524
41
424
138
24
506
34
36
127
312
396
339
586
351
494
11
91
92
543
157
323
116
32
88
521
574
581
398
550
541
275
444
597
245
292
465
117
63
283
233
113
582
32
448
212
497
561
419
440
480
331
287
216
376
531
90
359
166
349
68
101
389
512
463
398
198
322
323
444
433
434
313
242
418
395
34
181
175
238
395
37
372
14
428
498
410
217
165
354
67
162
283
210
50
306
254
159
210
47
239
9
419
306
352
290
237
192
371
313
224
160
511
23
473
456
68
393
292
414
445
456
331
469
93
390
60
51
537
42
98
165
235
449
364
414
376
114
331
354
399
5
344
264
390
339
23
448
218
380
148
185
558
121
568
33
72
261
125
430
477
332
595
103
83
608
438
491
389
132
413
234
554
277
144
27
124
100
246
330
254
421
447
597
542
28
398
126
342
377
200
517
597
43
406
71
44
42
245
282
605
274
432
83
552
67
446
282
589
106
419
195
501
482
583
496
480
414
100
258
472
208
0
66
489
501
564
475
543
84
31
422
243
464
390
185
329
223
32
131
12
587
59
234
335
592
183
169
408
560
580
185
61
50
573
212
518
409
297
110
547
370
32
514
138
446
238
339
289
581
567
112
596
429
452
537
48
73
131
442
145
267
16
562
404
416
450
253
377
492
70
5
35
610
500
323
477
519
573
173
507
548
285
490
364
125
434
432
574
522
503
249
4
562
181
389
335
121
453
608
557
376
125
583
46
46
579
31
105
299
124
246
577
281
56
216
573
190
388
305
484
49
554
488
360
369
207
245
545
120
56
177
309
518
614
75
478
376
245
120
405
506
286
1
236
555
440
562
482
229
221
556
518
434
423
60
600
15
102
530
547
128
66
446
272
234
160
63
47
424
153
304
451
243
251
441
495
515
410
34
99
321
132
137
154
419
496
126
356
247
215
114
509
20
37
395
573
548
482
349
457
518
555
377
176
32
605
488
575
144
47
582
299
240
330
256
600
332
368
198
350
583
589
519
603
286
298
219
494
163
569
368
379
104
262
17
401
409
193
248
605
501
326
300
458
257
89
510
192
65
12
23
50
3
156
156
509
501
377
434
423
4
7
471
133
520
603
489
501
6
596
96
575
514
365
101
379
606
285
531
175
464
463
303
69
515
308
283
355
492
485
11
497
546
482
64
447
519
553
329
578
531
380
161
409
600
141
281
495
450
257
180
82
416
263
12
615
148
109
536
78
355
490
617
243
64
475
251
92
282
412
540
149
172
488
226
298
236
562
122
603
39
556
329
497
533
476
366
200
192
105
37
526
474
187
160
441
268
566
269
17
78
299
504
352
344
109
207
46
435
314
255
171
420
303
26
392
419
108
43
36
34
60
131
615
200
142
577
240
335
542
186
454
464
297
177
427
1
163
36
500
456
91
169
420
119
205
215
598
581
165
90
586
423
108
28
211
31
307
590
189
261
203
403
511
71
309
11
120
20
196
404
1
10
236
272
245
231
219
13
495
42
235
75
144
61
595
408
589
607
190
13
367
536
595
431
426
355
48
474
194
249
241
602
343
194
552
201
35
593
232
102
294
491
473
487
184
443
372
148
527
39
264
522
318
541
78
333
291
197
602
119
380
171
332
25
505
111
519
494
22
136
544
40
524
453
291
220
88
80
536
117
111
448
511
476
550
340
243
38
378
414
402
391
67
420
141
551
602
465
254
561
395
293
547
450
447
313
549
278
424
543
413
1
365
427
607
288
271
223
456
22
113
316
98
40
341
337
337
201
184
535
467
306
544
139
77
301
55
62
282
33
488
514
235
311
389
526
417
2
282
453
280
117
64
586
261
599
518
532
359
230
434
363
76
79
230
149
608
124
71
108
126
539
374
186
141
191
107
144
68
126
59
18
554
435
212
447
326
568
101
196
283
440
253
335
215
102
599
274
66
237
284
145
336
470
337
545
521
398
51
593
485
300
405
433
553
212
451
347
299
408
167
293
250
270
579
430
58
203
4
84
566
452
370
271
205
76
200
463
580
388
345
59
184
489
534
49
565
523
238
246
454
316
58
578
306
307
483
41
358
272
341
519
121
228
510
162
609
606
521
453
33
264
81
268
107
117
190
506
136
288
187
369
67
89
94
611
622
600
217
40
530
572
205
162
547
486
86
233
576
500
493
253
420
99
254
42
298
42
297
445
75
50
373
352
407
395
341
75
212
355
348
221
425
492
0
428
387
414
51
303
184
335
465
95
234
236
201
568
250
495
92
191
294
624
214
452
372
33
405
447
524
462
600
388
574
37
370
318
61
295
475
59
509
365
418
445
507
545
313
26
397
187
164
273
510
40
262
84
179
369
407
464
147
552
29
264
371
218
629
581
540
313
91
151
459
66
458
268
54
397
305
509
1
612
134
630
50
414
599
336
46
122
604
621
338
174
124
474
28
575
370
38
283
619
550
391
172
362
365
49
457
468
140
527
293
62
7
152
262
313
325
626
473
584
159
553
377
456
498
405
612
134
12
130
166
553
449
173
320
258
385
147
629
80
550
277
259
559
71
527
148
353
268
4
47
218
375
110
452
325
611
464
331
276
438
460
146
230
300
10
14
495
295
313
112
379
278
531
602
21
610
105
211
178
539
630
544
232
100
32
181
545
346
375
101
249
125
342
21
374
327
386
247
565
63
75
73
38
186
608
132
298
193
404
42
442
348
571
361
447
482
97
2
487
444
146
92
406
123
376
388
242
350
63
84
378
216
82
287
67
518
105
301
107
350
534
541
145
29
141
583
398
460
83
605
191
470
500
516
181
390
592
53
354
89
36
175
628
604
536
529
9
574
388
90
272
263
577
145
628
343
488
242
290
206
564
435
227
212
249
600
112
510
452
165
570
594
380
554
594
313
479
553
201
471
453
637
30
42
416
87
637
143
194
614
604
524
618
335
594
309
215
638
401
565
153
526
288
548
244
454
246
578
354
439
404
154
431
434
441
269
244
413
339
538
291
579
9
414
616
249
341
533
385
372
361
476
79
324
270
521
172
633
14
382
230
534
544
618
70
279
182
20
544
633
93
450
588
456
144
29
578
82
388
428
270
11
72
588
177
418
207
107
0
235
480
522
580
415
594
543
594
599
577
522
68
102
298
540
614
624
238
159
109
245
539
73
70
369
145
645
538
379
22
275
224
562
351
305
123
4
494
632
596
514
185
459
509
581
281
579
217
297
485
592
2
553
99
263
603
52
182
607
488
186
82
326
382
1
29
97
276
468
379
508
239
156
481
547
502
557
596
291
228
543
8
219
72
29
156
297
136
634
373
503
631
85
40
258
175
478
277
15
76
538
4
153
150
528
533
609
337
173
7
391
486
388
212
596
332
195
235
353
289
122
328
316
115
521
476
168
271
102
348
128
343
62
364
95
422
179
398
230
378
483
197
627
273
302
296
615
421
588
636
568
243
580
473
183
551
359
62
179
215
182
388
604
529
578
470
226
438
414
270
182
160
122
204
22
277
14
645
165
130
241
610
126
274
193
363
336
462
199
154
76
549
349
554
251
627
504
122
259
563
205
524
524
329
128
241
45
326
453
93
457
255
594
319
166
205
179
508
105
19
337
456
58
208
418
238
533
481
463
249
221
651
315
459
117
90
501
415
354
279
134
455
647
604
467
350
156
226
65
157
230
154
151
169
258
360
111
235
538
512
375
348
29
247
34
627
405
452
72
51
203
165
302
231
634
335
611
641
218
70
9
10
46
199
318
21
333
326
25
88
56
144
424
457
46
255
324
453
312
563
640
630
531
18
501
336
42
497
179
625
288
291
538
441
349
434
181
186
479
215
613
25
59
364
221
28
551
265
484
331
83
97
330
20
580
149
521
484
574
153
283
66
113
24
518
120
392
477
615
393
27
641
105
355
392
270
303
583
31
327
98
60
195
566
613
646
591
486
305
481
188
480
300
327
426
644
191
210
567
116
28
288
616
78
199
291
59
330
183
402
293
613
363
476
481
255
554
514
56
549
64
544
163
500
460
19
398
407
62
101
448
265
154
85
379
610
145
61
183
77
13
645
222
90
365
413
266
194
408
457
164
521
529
42
159
473
146
53
20
38
115
73
418
498
412
531
27
539
119
164
582
107
510
55
209
237
85
448
578
117
384
457
247
461
119
625
15
91
51
384
113
282
70
199
406
254
180
496
631
505
544
364
201
530
287
304
577
257
313
485
420
255
323
467
426
464
79
249
386
438
418
634
309
498
206
466
158
354
296
578
533
226
221
392
426
543
574
38
622
229
631
594
568
450
559
577
330
370
623
321
219
102
426
533
131
483
1
453
532
560
588
622
119
142
261
20
219
60
518
5
537
26
548
399
579
157
15
42
220
157
604
479
322
105
449
496
19
214
190
266
155
38
603
616
487
634
133
599
122
149
412
522
376
3
228
541
149
648
598
576
438
301
168
217
13
18
313
390
267
139
310
318
583
461
341
265
601
602
508
265
44
271
547
62
173
27
399
515
511
154
350
549
265
599
670
42
598
284
158
203
375
246
216
88
307
644
639
309
122
395
188
646
145
465
628
639
584
485
328
390
640
120
426
553
168
312
540
3
4
374
14
55
393
312
149
88
118
47
324
56
136
580
215
472
545
279
193
7
243
178
92
483
626
370
325
472
595
119
31
438
673
621
538
134
469
268
284
583
33
573
379
345
668
500
31
496
357
223
461
501
74
317
36
257
56
634
33
274
335
396
42
453
80
456
635
201
583
233
174
275
334
469
190
338
519
256
227
397
649
589
209
274
591
418
373
462
227
50
208
664
558
615
570
190
347
250
240
373
321
145
421
517
419
674
457
85
140
210
242
381
447
218
386
399
374
145
65
177
89
601
619
276
124
509
141
199
57
593
59
522
288
469
279
536
533
370
63
31
360
597
399
7
77
574
107
335
289
205
358
35
543
243
82
590
167
503
633
206
532
115
415
415
462
106
454
64
523
366
276
505
10
287
26
569
517
538
514
220
620
605
409
274
279
67
277
213
415
420
205
234
80
126
23
478
646
247
599
110
525
631
225
429
85
254
148
134
567
57
178
466
497
468
460
353
173
585
385
12
474
504
86
228
106
532
494
159
598
13
611
45
35
212
472
562
556
92
637
21
2
176
554
602
1
189
260
99
221
126
588
669
122
185
18
331
436
156
226
622
346
643
493
379
282
491
65
406
353
488
510
489
583
456
299
477
651
120
477
292
279
219
643
109
185
269
107
474
325
519
681
16
225
44
463
40
471
359
644
322
484
170
388
623
633
679
572
7
641
591
314
337
7
548
666
47
585
230
283
498
622
358
100
269
526
481
341
65
173
616
32
634
306
133
553
107
198
50
657
233
196
247
278
511
673
523
360
313
234
266
588
558
17
52
569
324
248
433
367
603
3
223
110
608
201
442
431
147
18
16
157
577
190
686
541
660
201
562
259
642
2
168
226
447
666
263
647
585
18
105
228
494
139
127
203
111
415
685
262
233
479
364
334
521
546
634
322
380
624
199
394
488
585
438
668
683
336
234
567
384
529
135
325
334
65
359
666
107
264
111
340
338
128
509
37
160
444
116
201
286
507
97
309
83
11
422
552
0
454
263
666
332
555
379
132
666
175
646
657
215
618
394
17
158
134
283
422
46
5
349
16
170
311
660
324
160
339
156
306
80
279
492
496
382
416
580
392
545
241
139
100
627
184
618
103
485
310
347
608
313
420
43
263
390
451
63
569
180
157
377
361
497
355
623
450
371
71
65
644
13
220
98
417
582
238
342
282
537
114
2
252
350
8
469
95
539
140
291
133
372
315
692
376
222
191
93
68
228
162
202
84
320
454
627
679
341
509
470
413
55
184
297
470
107
508
45
422
194
538
320
199
174
62
42
606
280
327
405
78
632
229
144
309
64
547
664
358
509
561
267
498
369
402
342
635
50
130
310
86
528
450
670
480
182
523
504
11
300
223
373
246
204
227
162
244
276
464
415
393
624
270
176
75
359
95
393
280
11
222
348
359
138
218
361
261
655
185
308
28
327
361
534
252
346
333
548
180
11
616
400
148
368
344
103
693
16
387
124
140
687
383
630
147
458
615
89
521
192
328
209
641
321
297
286
18
254
20
392
69
297
469
491
204
220
28
214
342
651
374
172
445
227
626
212
401
182
340
409
311
132
441
6
50
668
555
383
543
63
114
418
387
496
382
366
499
284
556
526
315
637
20
506
28
297
163
547
545
465
261
458
559
458
556
27
390
413
201
34
468
684
508
537
204
598
413
575
457
33
331
66
222
108
228
344
182
602
218
462
234
88
278
226
410
621
428
83
503
531
147
490
229
616
659
80
388
30
297
639
256
664
446
190
468
374
224
483
519
285
585
487
432
27
344
689
612
535
350
401
140
641
158
24
112
265
392
632
223
307
117
425
108
675
489
652
642
653
269
205
318
633
44
128
22
609
359
358
642
689
472
635
465
431
427
111
497
203
633
127
290
537
172
627
660
460
133
600
207
212
37
146
88
350
566
92
696
129
608
404
489
52
443
268
152
218
692
335
388
630
72
442
157
334
423
677
285
681
106
248
498
400
665
370
413
112
504
703
288
105
44
516
655
447
659
46
18
59
643
530
167
109
175
548
103
28
177
3
480
233
211
334
319
528
314
472
486
540
566
648
300
34
428
480
441
74
93
424
39
114
88
477
656
712
396
569
279
164
620
580
297
144
347
407
239
470
526
5
431
475
114
189
72
671
541
105
202
660
175
589
13
515
58
591
51
14
404
263
48
341
415
407
257
348
559
429
114
569
262
76
258
474
332
466
671
709
241
628
186
463
218
121
205
485
93
251
127
16
78
352
677
528
268
156
27
319
641
592
53
364
556
61
120
430
354
167
432
665
25
584
223
714
534
657
634
633
271
265
581
665
255
121
582
555
524
243
361
276
96
245
190
276
368
184
241
404
48
528
676
541
411
465
79
459
540
462
17
620
582
555
124
685
365
647
519
409
24
643
0
107
705
297
590
629
23
205
376
61
107
259
474
78
694
261
680
411
265
613
203
25
63
86
74
77
552
320
482
266
668
682
645
678
94
169
500
47
681
87
125
537
384
265
414
659
443
235
232
372
681
322
349
466
212
261
705
117
139
326
83
472
55
288
1
471
542
235
319
529
103
488
140
388
442
105
463
703
180
347
329
447
116
593
427
464
292
500
228
31
431
615
449
362
69
258
461
301
231
451
221
684
370
424
456
124
269
586
343
175
511
541
468
636
236
280
612
139
50
291
632
121
570
698
653
42
328
356
41
630
204
317
292
119
255
525
654
574
493
133
697
481
669
507
531
611
546
197
311
178
273
490
100
544
432
325
223
518
179
137
700
258
393
668
497
569
186
277
207
179
602
257
316
287
640
560
317
14
593
546
500
76
415
387
561
23
440
651
534
278
593
523
324
552
239
111
689
481
104
493
155
170
226
533
300
581
253
466
439
185
516
92
68
92
499
109
628
493
79
483
387
66
428
427
405
669
486
172
81
424
174
198
335
298
54
231
446
317
406
708
47
454
390
701
21
344
303
562
571
539
651
722
62
554
399
305
77
610
409
220
149
631
372
414
101
30
593
130
0
672
628
37
565
8
445
161
727
545
297
472
29
420
675
168
241
65
245
184
431
342
711
355
6
234
353
400
24
608
511
552
423
55
187
560
353
573
642
259
386
542
496
640
187
266
99
233
40
10
494
92
531
671
687
261
509
617
697
274
267
330
401
527
447
201
53
180
659
667
38
199
87
12
547
547
152
409
486
550
672
350
219
45
125
254
553
707
247
494
543
343
296
129
256
547
733
736
638
543
85
306
234
342
487
355
450
681
672
606
251
618
446
467
175
19
707
648
450
406
377
389
696
340
657
276
438
503
214
613
110
227
331
436
617
578
154
568
85
302
201
517
531
189
546
271
128
230
70
641
220
576
670
136
606
465
380
413
561
659
160
307
243
557
440
108
114
429
430
321
653
300
123
80
689
459
361
46
587
203
159
22
62
577
213
732
8
90
409
303
231
247
460
88
122
670
616
324
568
55
192
301
229
494
593
631
312
230
380
297
729
187
704
694
559
367
671
563
514
426
364
119
537
292
537
66
560
641
254
252
484
365
273
335
471
349
365
647
491
125
162
667
303
721
657
673
508
468
678
707
126
611
333
18
571
21
181
112
646
208
262
419
612
487
187
84
389
414
490
686
317
54
614
488
204
79
390
474
173
312
566
478
533
456
561
429
241
273
742
593
244
592
314
455
245
629
33
308
27
546
239
10
248
117
174
240
112
614
456
373
452
454
224
355
149
419
290
367
444
497
155
256
140
657
392
465
437
183
495
490
170
745
277
129
635
423
24
497
205
358
484
723
655
416
181
364
263
333
459
684
253
511
363
702
53
24
104
310
151
530
65
31
384
212
176
335
454
379
342
110
748
241
457
322
566
232
256
246
474
737
46
101
492
453
649
10
575
199
715
623
521
681
387
424
685
386
720
422
372
296
80
588
75
325
361
744
717
504
81
595
28
271
315
143
394
232
751
135
740
666
722
357
343
219
651
515
655
312
354
249
223
170
252
675
79
458
177
243
442
627
671
185
249
303
571
300
71
513
155
121
282
148
262
675
246
396
123
329
212
107
448
53
597
142
304
102
313
594
166
682
483
689
680
548
256
530
29
522
485
684
612
215
622
464
385
284
467
607
493
3
430
166
105
295
10
338
219
626
77
753
181
490
640
644
507
556
634
737
722
422
613
415
563
529
498
661
419
676
520
26
163
350
753
11
117
414
160
309
404
348
112
441
368
495
11
558
535
609
356
227
282
37
465
679
519
308
65
50
417
576
593
460
430
392
574
323
684
208
596
665
411
172
261
523
35
694
113
616
154
298
471
576
234
82
450
563
524
662
53
735
755
213
150
39
677
263
295
590
175
324
128
422
166
317
102
264
608
337
594
164
333
724
247
188
740
269
335
523
133
413
373
264
632
108
1
711
615
376
688
191
230
201
426
696
95
730
724
18
352
247
568
248
545
733
378
148
334
195
121
116
218
236
429
47
237
5
581
454
642
525
142
305
20
96
427
51
424
535
695
184
510
477
728
349
526
148
541
553
383
452
497
500
161
72
73
267
231
658
172
628
238
338
711
67
367
761
334
473
59
473
135
330
539
718
612
339
276
156
358
99
62
303
297
485
638
627
192
716
64
651
628
239
576
314
565
56
452
138
173
345
648
514
493
614
215
525
94
743
748
701
561
709
35
486
502
613
9
191
437
675
506
199
414
89
513
663
652
103
178
700
701
393
622
483
290
94
408
41
364
366
537
534
640
663
518
64
377
563
19
146
219
519
273
149
578
382
689
599
303
405
353
637
540
396
204
603
93
415
320
62
582
486
347
385
177
455
506
658
513
237
496
634
628
434
675
489
576
72
58
302
686
581
319
184
773
51
401
317
317
666
776
320
601
715
736
68
255
571
576
69
571
179
98
360
470
332
616
243
759
111
248
733
448
742
17
275
453
193
420
572
397
517
214
272
195
23
607
572
188
406
436
267
395
340
401
510
741
697
222
730
100
408
110
447
420
362
24
103
415
623
775
22
112
29
484
573
306
438
346
696
312
41
438
54
467
9
767
437
557
332
66
454
122
404
497
138
206
192
417
67
575
374
619
191
405
380
355
430
313
641
8
539
576
150
293
394
466
355
471
75
334
105
587
400
645
284
603
163
518
780
692
727
513
319
509
778
386
733
754
2
737
515
536
180
781
686
362
413
79
478
174
581
445
574
503
418
259
228
439
692
398
681
375
373
10
288
352
735
387
558
213
495
625
425
710
99
362
743
601
745
145
346
36
578
444
234
127
201
403
106
697
102
283
617
332
355
333
778
742
411
110
731
590
449
265
120
353
323
216
652
472
778
714
464
545
28
711
466
438
703
522
147
500
74
480
352
730
55
731
240
269
33
161
51
91
322
416
252
436
722
132
359
492
14
551
106
573
112
212
324
354
778
286
128
316
583
230
173
382
345
45
455
243
381
751
558
121
759
382
540
664
264
751
433
128
35
432
692
642
660
438
247
592
581
668
512
163
397
371
63
261
88
499
568
673
14
536
369
719
626
778
74
670
278
564
514
675
242
385
145
516
565
638
433
374
428
244
506
411
133
517
743
235
78
555
205
38
414
476
693
494
452
635
651
189
16
458
775
724
289
274
505
640
194
120
47
471
777
541
459
83
319
74
471
681
274
294
209
92
726
250
736
331
269
383
484
79
129
434
123
146
475
543
458
738
80
769
42
323
753
662
775
521
271
439
412
657
635
458
705
664
668
703
469
386
445
275
687
741
381
306
150
495
423
88
637
491
291
175
701
89
656
219
63
658
725
235
503
334
398
145
332
754
220
39
302
325
232
492
188
745
4
191
496
654
124
377
644
9
741
526
111
372
161
65
601
485
589
157
433
639
554
721
782
379
102
198
168
702
482
19
691
769
493
665
456
477
550
396
583
421
248
699
165
278
614
341
348
86
336
680
416
331
33
144
22
633
142
412
241
432
725
784
275
376
261
802
294
158
699
158
274
555
361
513
75
555
609
476
551
168
362
523
497
661
585
213
498
726
185
113
460
220
384
577
163
350
324
126
457
377
535
604
195
676
688
267
602
28
534
796
678
486
649
79
204
781
322
604
243
521
654
336
372
410
215
31
604
74
505
174
373
39
640
348
778
458
405
727
690
737
571
378
492
338
87
388
803
553
306
658
624
34
470
729
743
650
421
237
189
314
324
446
430
163
334
733
442
781
203
511
646
382
399
344
783
778
794
82
285
642
253
776
151
49
621
249
6
476
217
418
253
689
776
478
344
69
805
216
719
310
402
384
726
11
304
275
504
240
335
533
583
666
179
116
235
412
423
807
480
108
275
684
596
257
361
310
745
555
503
506
43
25
39
259
679
189
792
243
274
568
616
737
353
626
520
383
356
191
746
762
267
581
485
805
263
483
789
738
797
5
331
97
104
470
119
287
381
535
386
517
451
747
520
726
435
45
175
347
548
273
507
543
290
482
200
430
749
463
263
495
527
694
554
117
136
625
187
148
111
505
449
286
171
721
804
81
226
39
103
283
760
280
810
722
371
799
438
42
379
424
567
792
132
337
778
679
727
663
395
232
254
603
66
427
525
220
581
489
543
684
714
442
630
402
194
657
667
175
712
811
195
313
745
71
111
691
468
290
730
327
132
742
61
598
597
476
526
801
650
100
324
78
279
122
162
45
304
25
530
808
758
547
40
283
160
269
730
755
415
34
673
458
405
697
476
577
802
564
329
587
66
609
212
365
244
682
524
176
499
648
101
791
209
291
241
283
558
532
245
180
659
369
449
325
265
277
354
829
152
505
2
597
396
97
674
57
607
516
13
239
294
598
721
182
609
27
327
280
231
60
802
183
8
828
521
165
626
575
348
442
717
742
115
789
119
687
792
790
87
229
723
365
465
615
197
110
330
540
440
683
686
469
184
608
740
441
605
502
324
251
255
469
795
400
815
564
456
749
665
831
745
460
90
46
662
94
228
825
259
332
718
526
809
254
140
772
646
164
816
254
169
445
582
67
478
27
247
67
184
749
42
9
422
760
152
57
240
26
695
334
107
348
157
213
815
607
235
181
220
399
814
344
474
548
60
253
402
343
40
255
722
492
141
373
191
453
834
223
519
690
281
414
146
292
249
264
24
68
834
359
833
21
62
189
797
704
416
708
838
567
582
144
714
23
87
843
17
384
488
348
641
587
357
295
241
684
341
389
440
169
793
465
485
434
588
710
250
111
521
496
664
205
698
695
738
249
241
657
428
368
559
671
28
735
829
217
646
74
315
45
594
634
410
489
476
429
669
731
568
634
387
514
69
285
754
677
573
24
484
759
68
391
570
731
287
144
312
460
560
367
103
224
599
616
521
730
769
290
587
116
719
822
461
157
776
196
140
749
524
86
534
821
509
811
330
300
675
214
58
701
109
570
189
114
81
752
594
348
188
673
747
110
693
590
285
405
367
142
110
639
280
583
342
284
36
198
142
667
10
116
688
180
735
748
436
180
356
430
142
184
613
568
629
39
755
849
742
7
764
324
386
692
362
36
832
343
141
625
688
201
839
5
811
826
399
657
330
415
155
440
643
604
372
586
568
809
412
748
297
840
358
140
102
520
741
519
290
734
732
795
498
331
838
72
849
508
105
533
466
170
15
553
521
553
573
823
702
51
756
217
825
536
244
662
25
416
742
125
400
184
607
726
245
358
381
580
627
150
813
103
195
98
357
661
99
283
406
518
364
103
659
311
600
818
195
847
239
500
64
546
843
771
225
510
134
828
234
631
612
280
463
746
126
642
723
624
17
700
517
117
320
584
142
46
474
137
785
35
465
369
427
513
259
530
429
34
782
84
579
124
403
85
367
290
349
174
550
814
465
601
821
837
48
708
830
804
459
726
724
732
274
489
783
118
229
228
706
563
740
18
675
28
708
4
534
667
849
132
153
334
426
31
250
758
332
129
787
114
343
124
308
793
58
470
68
743
697
158
127
552
516
307
263
220
320
516
159
396
34
247
846
422
598
564
598
295
491
473
710
446
229
650
819
635
719
664
769
568
84
524
646
519
209
497
39
770
648
175
840
65
312
152
335
713
36
434
460
281
218
712
462
317
523
345
533
114
268
208
833
15
741
572
589
593
280
402
568
459
281
752
485
89
503
848
547
689
62
309
269
20
225
513
55
425
663
317
438
669
69
393
581
401
36
707
484
152
530
702
165
90
780
663
420
15
570
269
637
228
860
490
234
447
296
634
81
609
287
523
655
286
850
202
743
786
717
278
788
282
80
647
156
285
750
141
100
510
133
225
612
170
454
835
56
563
419
473
138
268
247
880
630
26
94
331
696
724
135
20
814
724
834
686
447
98
743
381
870
152
535
137
728
133
660
615
585
133
238
804
666
666
382
848
252
284
208
705
534
691
855
565
714
154
625
119
100
176
11
584
18
239
591
845
149
218
398
756
348
491
807
674
710
878
506
59
752
262
169
384
638
32
363
748
371
463
83
164
275
59
54
278
112
856
320
382
756
319
367
811
217
311
858
295
206
496
860
779
784
778
44
851
437
662
855
477
390
410
40
696
790
221
522
254
441
202
668
277
87
520
181
536
589
81
522
880
237
250
418
714
863
172
230
894
384
208
608
177
264
620
847
575
709
381
816
739
647
25
457
312
119
76
650
250
127
462
720
312
664
216
128
727
248
663
634
240
755
85
393
427
657
202
140
117
50
73
140
523
756
728
800
808
43
532
812
532
549
77
526
298
34
122
845
717
649
534
4
625
126
492
711
24
876
855
702
125
405
24
537
528
877
66
882
689
10
356
321
25
873
43
31
866
527
107
564
168
787
861
248
770
419
631
210
254
233
467
411
642
323
753
476
302
634
152
372
402
179
234
398
791
368
110
603
310
356
220
903
767
46
255
61
278
56
357
818
187
712
124
207
733
338
24
395
496
878
338
514
665
334
300
498
180
481
227
275
349
483
313
197
263
734
857
865
462
372
522
473
861
596
514
901
443
686
358
319
842
117
0
512
265
915
658
524
463
745
110
40
734
323
515
614
491
860
273
774
448
231
450
334
17
298
183
489
727
574
833
703
522
209
652
819
210
201
504
889
914
355
541
368
334
110
252
574
576
293
178
705
229
226
834
116
293
336
445
64
892
219
315
915
57
899
673
649
61
721
639
353
591
585
440
257
791
380
384
713
28
620
154
662
460
219
29
691
474
22
549
893
106
484
355
483
423
588
830
598
802
520
893
779
318
117
404
710
231
62
666
709
889
325
834
476
388
4
588
602
852
478
797
877
14
679
336
182
172
620
176
277
238
127
521
585
801
570
405
813
626
697
793
476
382
561
247
697
158
196
235
95
401
133
689
88
496
764
81
450
176
860
507
867
76
565
585
412
742
894
794
378
620
180
702
602
917
308
136
531
819
423
255
401
773
279
671
371
744
498
209
355
199
607
365
598
480
444
98
550
781
449
491
907
928
822
515
572
369
76
788
357
833
933
156
163
213
884
164
271
481
172
680
113
475
718
19
513
319
179
206
593
315
657
319
230
256
769
913
302
543
289
338
929
909
870
881
683
56
796
25
823
716
796
490
362
109
712
736
317
488
815
554
303
453
650
768
224
279
548
655
445
750
705
797
251
786
800
925
791
658
688
480
609
552
390
323
211
417
674
741
146
779
328
500
612
888
450
328
752
3
536
14
649
333
658
444
166
184
794
675
172
303
49
689
133
128
414
590
651
410
738
194
61
166
810
905
714
820
425
142
556
559
252
350
491
222
254
593
915
723
889
129
427
35
104
255
380
878
275
887
157
103
3
422
426
837
941
514
878
901
212
406
292
270
313
409
356
552
0
304
783
545
893
344
717
832
231
445
545
733
619
259
24
310
478
35
218
460
786
109
818
548
626
788
918
307
466
943
612
380
308
349
756
3
659
175
593
369
312
875
881
721
700
182
738
435
787
82
702
672
108
378
685
270
329
466
425
118
538
136
908
526
722
644
702
800
393
629
357
327
669
657
925
295
410
365
309
737
445
632
38
343
34
924
709
462
789
355
526
116
479
717
809
457
286
99
414
115
61
39
295
204
20
112
562
706
76
772
556
782
515
572
935
151
678
670
218
780
418
310
899
796
734
3
436
364
521
590
864
690
939
127
895
609
857
578
737
838
636
371
944
305
874
747
170
823
314
808
883
340
566
779
623
586
112
713
887
920
53
787
456
957
624
243
97
30
267
17
708
65
616
375
829
455
352
786
460
897
811
930
455
845
619
391
950
749
139
855
776
949
411
919
881
919
260
502
93
23
217
280
67
242
505
529
733
182
733
781
557
217
529
103
578
848
104
24
389
717
213
766
40
590
62
802
199
462
488
666
646
82
320
204
953
801
354
152
675
191
649
511
249
38
550
183
938
806
266
409
95
887
944
694
827
657
959
568
887
692
833
770
50
327
927
858
977
750
218
63
19
370
542
714
90
849
287
703
97
94
974
836
362
497
870
569
42
321
10
16
868
749
615
763
560
44
717
11
902
947
540
586
846
977
288
886
687
41
863
862
926
557
490
922
122
849
323
58
751
42
158
955
814
717
603
239
899
769
414
538
670
836
838
272
617
816
606
863
137
678
23
379
697
327
23
920
947
136
694
265
937
260
705
366
723
126
109
209
515
435
0
274
381
776
690
559
338
374
278
94
787
50
655
492
155
232
853
394
901
155
65
838
95
875
394
984
422
914
746
819
310
378
151
26
371
204
661
286
974
831
158
668
220
674
566
508
368
862
302
932
756
860
850
35
467
367
118
692
597
582
245
731
8
183
513
382
368
284
968
503
197
237
179
28
781
746
149
82
127
334
74
785
911
111
542
568
820
131
510
834
205
722
967
110
329
532
360
509
674
624
810
759
56
415
1005
637
347
358
788
203
740
658
826
263
852
324
524
677
552
339
507
76
562
403
455
581
638
713
452
154
680
961
62
705
534
706
885
116
69
949
287
601
848
930
733
839
155
531
757
110
326
705
790
563
296
49
755
946
530
684
353
605
130
192
775
88
964
681
259
839
800
6
785
428
268
786
723
163
875
881
386
50
928
411
97
520
261
189
514
303
140
405
631
736
423
225
57
863
180
663
479
636
557
1019
966
629
978
547
946
530
584
83
388
293
754
744
589
837
380
926
457
193
594
984
885
533
561
987
45
688
154
163
1007
346
307
959
515
245
348
312
281
254
967
513
904
1001
413
243
156
549
573
465
314
711
301
711
508
693
619
333
395
878
336
386
840
63
799
722
105
159
356
423
902
532
173
700
167
0
319
1007
89
882
490
82
494
1028
966
555
896
959
45
999
277
377
533
62
661
357
952
702
719
256
376
911
212
373
981
9
140
207
97
997
618
684
199
272
660
177
663
829
512
764
507
318
734
663
9
145
838
659
1004
563
643
608
377
969
398
771
60
89
330
688
4
137
564
24
966
1036
603
733
693
447
671
218
299
841
587
265
894
259
830
651
798
1038
647
256
164
501
439
213
29
996
901
938
1021
302
190
297
358
227
243
17
346
697
212
781
533
2
779
989
549
877
137
529
782
792
106
835
695
127
776
856
519
549
802
501
47
177
45
532
634
523
271
212
219
486
276
614
296
433
885
837
275
400
201
877
598
488
101
913
925
602
438
844
75
682
566
466
168
596
3
1016
654
574
908
363
459
677
700
72
886
782
161
604
168
975
450
757
729
130
395
478
69
852
34
474
573
696
587
1006
628
768
822
430
224
0
88
457
316
777
921
436
147
649
61
1003
174
647
681
275
974
240
280
865
209
860
696
407
448
1054
4
104
4
190
499
934
177
575
99
943
786
881
319
629
197
184
778
565
677
518
797
579
311
734
721
579
504
12
96
17
601
472
406
379
508
821
53
800
512
1032
617
525
2
191
85
959
262
909
770
381
1011
391
974
581
690
827
989
905
540
605
996
200
207
694
121
210
682
895
963
130
972
728
311
447
1017
568
34
895
688
471
39
458
601
115
46
634
160
418
762
962
91
67
814
475
796
863
521
436
13
698
353
841
23
649
232
966
701
601
241
795
586
358
1003
748
514
50
1062
198
628
922
1063
420
54
907
391
1059
864
641
802
374
817
759
717
362
859
377
320
186
149
769
175
1036
1059
874
833
588
594
503
125
551
95
5
1031
323
927
257
524
216
1041
14
417
253
96
1066
891
692
325
808
675
810
1080
551
335
934
993
338
499
356
72
976
913
717
984
1047
99
320
946
196
178
505
775
592
692
605
449
49
733
260
306
691
126
537
1072
859
248
47
707
404
633
1074
119
1088
1086
17
690
450
282
68
869
253
624
910
803
831
332
377
795
1074
539
473
111
1076
906
387
731
701
420
374
108
592
120
346
303
900
131
707
555
945
232
778
1001
513
855
784
531
563
231
190
21
1068
382
1079
174
698
745
866
310
587
1004
72
664
677
453
814
380
1028
833
919
39
1073
343
407
167
290
569
362
64
59
113
650
560
203
199
950
632
695
260
338
814
175
694
514
423
181
143
57
114
821
16
368
847
928
278
645
1066
183
15
26
883
274
528
982
112
652
142
308
1077
1039
620
1061
100
953
637
381
802
200
320
559
209
1066
480
118
937
874
314
630
559
738
869
339
191
558
693
821
72
1120
294
5
533
409
709
43
267
715
122
95
243
54
650
991
680
587
88
553
609
512
1129
399
187
968
353
728
180
731
574
863
1044
836
991
811
653
736
35
917
330
189
674
998
277
266
888
84
213
204
1057
501
823
536
479
632
44
80
225
125
1080
566
637
1038
417
634
459
924
1099
760
513
244
170
295
933
636
231
205
27
853
57
145
946
1076
1052
1050
960
1052
216
271
725
373
375
756
1086
857
471
578
992
34
964
489
432
216
315
96
876
135
777
611
808
538
984
776
397
1112
527
678
1069
179
645
762
621
57
720
418
885
771
1094
756
1123
1028
845
856
397
407
1004
471
343
1126
1059
369
840
219
783
269
1073
1068
688
582
466
376
603
526
1119
444
86
797
132
1083
172
1154
509
82
615
1106
1103
729
589
600
1139
618
936
208
224
987
907
923
392
752
49
191
735
556
385
738
425
428
1120
540
599
252
153
1065
672
1002
160
847
960
369
217
665
312
680
764
897
685
907
211
283
366
1093
190
88
406
64
570
650
91
1024
1080
1062
589
586
778
7
493
64
296
620
519
539
1041
189
835
949
89
60
393
439
805
1014
269
879
142
712
1110
351
1069
472
822
218
1033
1124
865
667
539
226
327
1131
610
870
467
495
109
134
957
934
44
1051
355
902
834
445
615
684
248
485
598
703
402
757
760
475
696
331
572
901
700
1032
758
1110
1145
521
845
1056
442
760
113
583
795
552
520
698
924
737
476
1173
1058
315
492
1118
82
480
260
508
363
397
948
314
59
295
401
956
89
990
939
350
211
126
396
817
1111
509
198
299
809
681
573
779
626
428
6
36
456
30
793
888
261
586
448
1017
977
259
101
1165
803
1002
379
1010
739
110
762
177
1024
631
38
528
772
525
266
531
469
398
282
226
569
599
368
116
844
408
1138
45
840
293
27
1029
224
789
631
291
276
569
1149
998
470
701
413
1044
678
175
538
860
172
93
874
1051
931
132
1159
543
1015
172
595
680
981
645
336
437
424
205
148
614
158
1145
110
397
759
267
293
964
590
155
265
432
463
612
400
378
859
975
598
51
743
1053
315
1012
966
293
449
963
71
559
251
669
1146
304
319
372
802
838
1081
156
868
1105
768
1167
826
221
1155
115
1052
610
209
1062
71
870
1106
1129
134
474
281
551
893
144
751
950
693
1
148
926
636
1067
1105
201
1222
848
788
199
557
679
291
1187
1197
175
566
1077
1020
982
1175
620
970
1178
284
856
971
1125
274
63
712
290
588
706
421
1183
381
210
1164
1140
312
928
1075
465
547
52
186
772
610
982
318
881
45
960
287
89
37
991
584
482
1141
178
1227
185
432
1074
1122
991
312
869
544
1130
365
143
983
1140
841
520
287
792
915
462
509
1167
1127
113
94
104
149
81
600
47
147
598
1154
1076
626
411
296
728
662
550
987
220
1190
388
129
202
751
45
1214
7
779
332
394
136
193
64
232
1230
524
1077
648
1011
24
1039
379
1173
231
476
330
783
1161
477
329
1221
862
255
1065
1159
0
1220
1173
906
1166
127
665
824
440
927
1214
841
602
258
410
268
921
610
1104
593
552
991
815
286
406
37
1058
861
961
888
1136
1107
201
196
736
1014
24
636
564
796
649
352
672
956
212
701
188
475
64
1245
807
941
403
669
1005
657
500
978
523
198
204
738
623
926
937
26
547
1264
686
359
459
498
742
851
1255
1099
945
27
394
794
929
859
1028
703
643
315
1191
53
397
273
694
1102
569
855
1213
989
785
683
580
239
327
139
728
277
1147
160
95
153
855
520
408
555
302
468
850
885
715
622
1021
939
748
204
571
950
642
1208
971
292
928
160
282
317
918
284
841
488
961
984
1286
1023
205
119
266
223
296
1123
365
1014
325
586
984
905
531
269
1027
221
220
221
773
459
67
659
337
415
515
118
645
288
407
355
907
1014
642
1287
685
1070
230
535
101
385
100
474
961
584
844
805
308
904
198
785
958
1049
412
417
418
280
1291
735
1148
30
1272
1144
1066
709
233
85
238
884
724
1198
420
1142
237
25
762
818
206
1281
923
328
59
866
824
1270
498
974
500
546
829
606
471
76
114
839
1094
82
761
1243
953
738
287
36
1088
347
266
173
993
817
59
839
675
928
759
962
742
249
492
430
977
1033
31
568
663
1010
225
1188
967
315
955
297
1046
398
501
1049
342
160
1028
456
860
113
356
377
960
1246
1122
544
698
281
80
1025
1040
384
340
615
969
417
211
1286
1197
616
50
754
265
492
596
467
427
220
434
1130
843
94
536
928
442
701
1241
655
477
677
206
397
1259
850
85
713
900
356
144
937
1014
478
171
954
490
953
1074
277
440
299
833
236
732
389
184
1319
191
700
97
341
594
675
868
122
949
1144
1310
1074
1164
596
1046
81
1177
780
746
1067
1238
46
654
938
121
1206
970
144
647
227
1273
1022
800
1063
1106
218
220
342
1130
172
675
579
125
141
309
212
525
761
683
446
189
1263
1321
612
63
712
852
35
1362
345
1307
1094
1272
1241
1321
531
848
281
327
916
723
170
121
553
135
803
1376
1019
996
321
1054
381
661
1185
1290
1
1211
1062
355
1107
325
1193
920
333
45
991
364
216
823
1099
1065
1226
853
710
1081
1336
748
813
286
403
1355
455
416
64
1263
196
831
629
1189
587
159
1063
253
660
714
1298
1264
237
1270
111
220
1047
1330
238
162
1353
3
279
67
251
396
312
169
959
1238
40
712
933
735
849
1280
1263
740
832
521
1035
1121
589
172
888
178
584
1372
179
875
100
1347
435
754
938
285
463
1009
517
1130
541
1142
182
311
245
1127
949
584
779
1422
92
535
151
833
1302
882
548
1029
1281
1336
973
877
432
428
1242
793
601
1155
687
549
387
1271
1320
476
1395
73
1290
373
136
499
489
789
1096
502
1289
1326
810
1332
939
500
63
999
1358
578
289
673
2
834
374
649
1114
595
848
193
1371
569
1175
1074
38
53
535
310
1008
1121
228
1231
83
1382
863
435
1058
981
261
178
915
918
1201
19
279
127
673
1153
400
499
628
1367
850
1290
33
174
1153
1392
889
761
124
1055
325
1000
1214
1249
156
596
446
74
1314
1419
1262
1351
811
100
1468
992
42
1258
804
1118
888
309
110
1031
349
455
1472
577
1264
508
1168
338
158
541
695
367
234
1416
1070
1486
1000
470
1439
1426
761
222
625
1282
164
850
230
308
321
56
184
1362
1122
744
113
1071
114
237
861
1178
1334
1119
775
1443
1058
592
842
576
1491
0
634
889
152
288
1309
1402
1471
1487
1383
1444
44
494
335
755
656
776
1090
309
990
29
313
233
187
974
519
384
1086
1058
1330
578
1264
825
782
544
151
342
162
796
237
1449
103
514
800
1144
328
918
835
184
499
876
1135
457
1397
1250
216
1148
393
1344
252
640
854
1444
752
827
460
1475
528
95
555
1009
640
1416
1300
15
1096
1144
804
392
466
1329
1537
285
520
110
396
192
1355
87
720
1301
434
57
143
1192
1213
249
381
1453
1037
820
380
1540
1002
490
1107
321
322
575
817
1416
1340
424
322
112
310
872
450
371
1106
25
73
1043
167
1435
213
139
1501
1407
1168
771
365
1200
539
1047
768
1096
45
415
840
772
1496
350
784
408
971
540
1018
1486
186
477
364
749
159
499
426
415
432
376
632
336
1119
1548
783
629
1444
3
1493
1081
651
129
294
125
93
1558
1463
954
1397
316
869
1234
0
8
269
1105
910
119
789
652
1335
68
1007
881
1200
1291
221
377
502
237
594
88
1571
852
426
366
1140
621
1070
1159
400
37
1031
886
1192
353
76
702
1063
1401
1488
1114
1236
1439
1263
1108
975
1329
757
285
320
295
1480
837
173
15
1432
592
270
1609
1339
847
938
1258
1313
182
1431
969
1186
904
1306
172
619
781
1130
392
128
919
344
1442
1021
469
430
499
1305
1058
241
367
1014
1085
18
985
933
1387
928
660
800
946
1027
1029
772
61
1582
674
729
1241
823
1470
1236
251
969
1633
1042
550
656
871
1135
606
751
1380
1596
831
335
1248
1369
173
1512
704
788
1548
1299
954
1395
1020
929
1497
34
690
1347
1292
281
1307
377
742
1197
1007
270
1619
873
287
465
1265
934
180
740
60
1356
135
520
370
1601
456
191
1004
1204
623
731
49
489
1628
1254
145
83
1625
388
1543
906
1483
1548
1428
1473
1213
713
101
1323
1579
1659
77
855
1150
1284
942
1399
1124
1130
1456
411
180
585
643
1068
589
1157
1614
197
486
1441
614
748
195
485
622
1013
1298
86
1362
1453
1219
660
126
1663
1260
746
113
350
1625
1380
6
1141
847
111
1283
381
499
1068
850
1389
549
548
276
1058
823
776
1407
588
422
246
470
908
201
774
1015
455
17
165
233
626
58
471
262
785
1538
1477
323
784
512
592
737
1252
642
1044
34
742
1684
1363
384
715
1239
799
1447
20
965
25
1593
862
347
356
320
1074
1
416
875
1583
485
679
550
1648
545
1753
134
429
1392
488
1402
175
814
560
26
304
1696
1586
708
513
1686
1335
226
508
82
302
1083
1317
1462
1197
210
1156
1119
1533
1474
1712
6
326
55
1145
978
289
64
1434
225
367
22
1777
939
1054
343
889
1425
886
614
136
209
1117
29
86
966
1260
55
1670
313
1498
858
64
1722
1643
488
311
791
1432
707
632
870
1360
144
1543
1725
1206
1252
828
1632
92
673
1707
1382
479
304
314
1023
53
1240
1733
763
14
1313
161
461
1590
236
1149
1256
751
518
1810
24
76
988
65
814
1636
498
1654
75
1670
1069
619
615
910
1423
273
1691
1351
1637
511
1447
1237
685
1392
498
1721
1413
925
1078
1308
1518
1112
1428
440
195
692
1464
111
1855
740
227
440
497
603
807
104
319
1872
1664
1436
618
1095
1900
1289
751
1798
1872
1804
101
810
1385
940
1432
1567
1566
152
1517
1229
1541
1397
16
1588
742
532
1374
1592
522
322
1017
662
1819
1905
1112
1477
219
170
534
1153
1430
1508
1869
31
925
463
1436
661
1625
5
80
58
1049
1755
1229
1429
518
1161
967
652
1023
1039
1169
1033
1200
1280
982
1932
57
411
1001
86
1923
378
730
440
1179
1900
430
1377
362
550
1644
634
834
153
1773
5
1742
638
1252
1946
549
1773
461
1692
1310
749
1765
1573
1744
1583
169
1103
1496
1504
611
890
1722
1577
185
503
961
1976
1183
760
1172
652
1864
1359
1638
43
1772
997
332
416
695
1964
887
1708
714
1102
154
1556
903
1066
356
27
853
386
956
427
849
1431
1917
56
1729
1864
337
1304
1057
1621
1379
1859
1202
745
441
439
983
1556
815
354
1744
1439
307
1494
1317
1862
372
1525
988
920
1245
1923
1357
1712
1727
499
798
1716
1296
1356
1224
838
1272
1934
2038
1452
969
661
1213
1777
1714
2002
805
1793
1202
158
426
1068
1681
1032
1501
724
1623
568
1350
1796
882
336
1162
895
182
654
623
619
999
1971
1729
1645
1900
622
1463
397
1624
1595
1626
1219
256
1078
742
936
1783
1723
860
410
735
875
1919
247
935
1301
1556
735
480
1684
2063
532
123
1804
1271
654
319
1402
1479
811
1183
1494
43
1543
600
436
1663
368
877
1760
365
1013
582
484
1949
702
434
2080
1718
989
1634
164
1849
802
1269
1236
1713
615
396
413
1613
1420
300
721
1489
1945
443
450
345
0
13
1220
678
1513
974
1794
666
1269
417
1225
1584
2190
195
891
1081
978
2054
1127
698
493
2155
482
1704
1512
306
931
1443
1393
2160
1550
1725
659
238
1005
485
34
2238
316
1168
202
100
269
1823
1947
1984
2193
341
1948
1788
1120
1228
274
2070
2042
492
1091
948
2275
753
1553
104
1862
1742
1705
1023
504
1100
2096
183
1844
1677
872
749
606
565
1774
399
1121
2248
1908
789
2082
1736
1117
845
1894
996
148
1814
674
945
1311
1037
1716
1699
836
1541
1604
1966
1581
1962
1877
2029
1387
2228
128
2076
276
519
1733
81
480
1454
505
444
1561
1864
2036
1007
675
932
874
174
153
1641
905
26
993
1883
461
16
1865
1335
1105
2380
844
1666
175
864
2200
255
48
613
327
287
1895
1119
2181
2295
1614
1266
2307
326
739
2
1104
1055
2196
1944
2206
297
862
1799
2005
2232
849
444
157
1227
1674
1497
1974
2320
2485
847
2191
2163
0
2210
1649
270
213
1182
1179
530
407
2302
1843
2382
22
529
588
410
646
737
532
259
919
776
1235
268
2470
1820
1424
772
298
1338
809
477
1944
540
2087
1045
470
810
1953
576
1857
2216
2029
175
209
445
87
203
715
1156
1905
333
426
1527
2411
2634
2516
342
815
310
224
694
1444
2313
58
758
2529
114
2677
270
1838
1946
2475
337
265
2618
2319
1140
2685
2143
300
535
1049
6
1468
574
2430
1332
932
1235
158
1796
1388
437
2040
657
347
1933
2389
339
193
1938
878
2558
1919
1917
2523
1212
1604
2491
2678
363
478
635
2682
1501
2134
1500
1370
389
1452
325
1767
2173
1246
661
909
1103
2598
733
279
2366
1314
1211
820
2156
1836
1174
2581
1180
897
2367
1366
1004
2123
2013
2886
71
425
1287
453
1904
597
522
604
2290
2296
1581
680
1267
1080
1387
892
1853
374
1085
1634
706
2453
958
2293
2543
1275
1487
506
1937
2275
2384
1736
1511
1529
1827
1710
1289
140
1423
2768
2232
2864
176
1604
1589
713
2022
154
2605
2803
2608
1039
2846
1687
2779
1004
696
1206
762
1254
2935
1641
2157
2191
601
1360
2326
986
2944
2771
2737
1759
198
80
1851
354
1775
947
1761
2535
1568
1673
1012
1102
756
2997
2328
2394
2268
814
1895
962
896
1271
411
1511
2702
209
3174
946
1246
1723
1583
2554
3022
296
614
670
3218
1895
493
3198
2195
1406
2219
853
3249
519
2185
3091
1447
3242
2312
1489
263
958
791
1440
3102
215
1907
2989
8
3070
612
2104
1031
2682
3416
2083
199
1893
3156
1702
1465
2271
1395
1204
1880
686
1308
2956
623
614
2312
754
3183
2377
1931
2114
3240
3445
1976
3502
1511
1528
1584
402
1569
2780
405
3424
2187
1998
2810
1404
3243
2163
1190
260
2667
2609
2520
1499
2075
3375
1395
821
3056
1779
2132
2855
245
3096
3255
205
1608
3636
222
633
1695
2077
1176
2123
591
3487
3452
2493
1304
1964
3850
353
3262
3301
1245
2971
204
3024
0
259
731
1865
1099
3868
2725
3444
1298
2433
308
3187
3920
3308
1217
3567
3586
145
2298
544
1516
1765
1467
3040
2889
34
639
268
2989
1986
325
2267
801
1965
3267
2113
636
200
1565
2437
1552
366
1385
4250
92
190
1860
3346
3697
2049
2783
1381
2488
1967
3282
2855
1391
2897
2425
2243
3855
461
3627
1333
3673
2992
706
985
2158
3202
201
2454
955
3408
1177
414
584
1173
804
90
4521
297
3971
1059
709
286
1420
2052
2547
3630
3367
587
676
1244
718
3821
580
1054
2988
4330
2183
1300
2770
4109
2264
4803
4443
2142
5213
1506
3981
4518
2028
4507
64
781
4736
330
1219
4011
4448
5421
3077
4330
3831
1831
880
3467
3482
1350
2037
2399
4195
2742
5880
4370
3676
5088
3840
4113
173
5104
4987
1684
3113
181
2545
5071
819
1727
5617
1058
1380
2325
2157
2981
3498
193
5804
4427
57
4046
1601
898
1863
6879
4974
1374
4033
1920
790
6668
4391
6750
2395
651
7079
5362
7223
6082
769
6665
1111
1825
3481
5779
3896
3164
5810
509
2974
6783
3318
2528
2178
630
2557
6807
2419
7806
2688
2552
6998
9225
6182
8427
8391
7318
1908
784
8117
9699
10011
1227
3169
3238
10847
4763
9393
8518
2718
2657
7178
318
2308
12691
2525
12232
6115
12600
5718
13702
10529
6571
4183
5663
14948
7824
7971
12980
4524
15560
2036
4624
16425
1585
22947
23204
34220
44868
