4412 26707 117831285
4185
2111
637
1438
185
2347
2296
1984
636
1351
1016
308
1557
1182
1415
297
2374
292
487
2392
824
220
1118
84
237
199
911
1514
364
153
1314
73
1551
1823
1943
1223
1209
1081
2147
606
260
2089
2097
114
2118
2065
302
491
2043
1570
1782
1268
921
896
1475
954
1771
849
1103
1441
1978
451
358
1493
416
1509
2170
627
1249
1737
1811
2060
1797
400
1213
999
995
2016
1566
544
1693
2254
431
992
2293
1558
1837
1304
1336
2018
1950
1992
313
428
2289
1061
1478
2271
989
2164
1562
273
2338
2221
890
2278
434
1667
31
826
170
2412
2105
1309
267
1833
2008
497
618
460
61
1528
921
884
388
2214
1590
1896
314
1862
15
622
2170
840
2064
1136
1895
1681
1048
1657
1906
1209
2211
2309
1619
1495
1389
1609
1537
1910
2386
2402
1968
2071
801
857
1271
1062
1921
941
1372
2262
2133
1025
1471
85
2335
1428
1354
263
724
2203
817
1906
1623
2354
90
526
1515
463
2412
2065
214
1873
562
1875
735
620
230
1567
165
679
1849
1620
2050
1425
1758
1646
2165
1154
30
1726
649
1712
1790
1145
808
1989
1497
206
1558
1416
1451
1744
758
179
1530
155
454
161
1204
2251
437
910
1114
1384
829
2017
566
1970
2060
2264
1981
1017
728
324
793
2389
1637
709
571
2281
2134
1708
957
2238
2429
1120
1177
1360
786
1630
1753
1920
28
400
1966
499
565
2061
245
1242
453
488
667
1302
624
722
1361
2203
1872
1646
1567
1368
250
1386
1562
2043
985
157
2043
2263
2156
1362
1183
2255
336
2413
616
626
1916
755
2397
786
1470
1861
986
380
2385
1202
2175
1778
2036
1764
347
2211
2319
1120
1691
344
1432
808
1233
1115
2168
2407
1924
2053
101
628
1627
1226
1871
1384
2447
477
1664
1068
1994
2222
1740
844
1940
316
682
933
1593
17
988
1583
151
1314
1474
1617
2237
1000
620
2415
566
1412
1053
2169
2072
800
58
1865
1606
1478
1803
1928
1515
1330
543
1820
1413
1384
2061
1170
417
2232
1186
1746
1481
555
1678
1264
2030
2458
2375
76
2120
2347
1167
232
695
693
995
1526
1447
1853
544
1051
664
387
2036
2439
2417
1494
1753
84
474
984
1246
277
1609
1063
1277
2467
124
2503
110
1695
561
1385
2414
2403
1953
1619
1926
1504
463
99
1014
1524
577
1553
1276
478
2080
185
1987
1034
1714
187
424
1249
2341
904
1615
2219
1235
66
731
2506
636
197
844
1110
1216
1144
1740
128
2336
2157
1422
977
1988
434
487
2335
1048
461
804
1134
1076
462
1907
1159
1664
1795
766
1
742
1466
166
608
1085
949
14
1249
1600
444
1718
1061
313
2396
1705
1321
1155
864
1927
97
2216
2069
1104
1358
2247
1748
1054
309
332
918
2138
1738
15
2411
144
1674
2155
1106
1719
2407
511
2135
1870
1735
2061
1376
1208
2030
1911
316
2435
2393
2188
940
2229
2430
5
433
630
1394
1466
1446
319
1220
1486
1435
1209
269
1740
2366
2437
828
1416
956
381
2441
118
1457
1329
1011
0
906
230
2423
1767
546
418
1602
222
251
1000
1409
647
1811
482
1976
259
2146
85
459
2470
1373
1390
859
1735
1352
203
800
316
1483
156
2550
2542
1080
823
424
832
1569
1575
1248
1717
2278
1587
2469
619
1413
1318
2258
1777
1600
1579
865
242
21
1897
659
56
1566
1954
1013
2535
2467
909
1256
2251
2287
2477
1873
592
1780
294
1607
1547
452
1377
2238
196
981
516
2124
2480
1292
501
1034
492
756
1809
1020
1457
224
465
187
749
118
813
524
429
1805
853
2303
1181
2167
1343
452
2055
1241
2243
1170
653
2419
1142
192
1460
1342
52
2119
1607
1836
235
911
152
788
1840
288
476
2254
1701
2254
1833
446
1628
886
796
1077
802
2533
1850
1780
2358
1202
71
647
2560
1248
1319
84
1056
1450
742
1154
243
1020
1942
1429
747
471
2541
1669
2416
2002
2160
2468
2222
157
828
579
862
1738
1429
328
610
1121
247
2252
43
287
588
1374
1893
2445
1086
930
231
1672
1627
1614
2372
796
884
190
395
1397
120
89
2034
2500
343
2246
2037
687
1981
24
1571
1840
1055
1080
1817
449
721
51
1210
95
2046
1436
1340
1715
1481
596
519
2219
364
1125
1065
2054
1223
2287
2273
1085
173
2347
1657
1099
855
1464
2296
501
646
1880
1437
857
617
822
1714
2493
1978
1491
326
1463
2358
20
1392
562
2610
771
1209
2274
2415
1965
1100
693
1846
2328
639
34
1210
787
979
1006
65
2411
991
2324
2386
2522
659
1234
748
76
415
629
559
445
1399
776
2296
1692
2150
2205
581
1456
2479
2217
1318
1413
1031
2373
1031
2222
255
779
2205
919
1543
1782
774
1629
572
1063
1361
2476
433
1743
1318
2453
1515
2542
2164
1038
626
827
1434
2413
2301
861
1930
2001
1561
1343
815
1890
2484
837
2306
203
2352
2183
38
2543
1176
325
2044
169
915
1553
121
2304
913
765
1652
195
1440
1341
1889
418
564
952
178
23
1703
2103
1986
1228
1922
2078
1985
2236
1722
1686
1885
203
1046
521
715
245
1032
644
2321
2391
527
1654
890
1029
1173
1326
1167
1447
1348
1785
2439
1406
291
2046
210
1409
2084
2684
180
565
311
216
2432
71
1013
1745
2549
2258
1212
1973
611
2117
463
1170
2087
627
4
332
1113
2399
1611
1245
1307
1569
1073
1395
304
761
1562
390
2454
1053
2642
1494
1123
701
246
1834
2681
2509
1064
1493
1538
1922
2519
1606
980
1355
2522
40
988
2521
234
1089
213
1631
728
1559
2469
443
1339
1095
50
1154
505
1173
1440
1884
1807
1568
903
1696
867
1365
2282
1994
2072
1176
480
905
609
1852
2201
713
1917
1874
633
1609
540
528
321
520
2179
2505
246
1279
87
2739
15
2616
1111
999
2101
586
1137
986
1794
2095
1737
1986
2517
1686
530
965
366
1573
674
2670
2523
1846
516
1600
1948
8
2258
1515
2494
1271
298
1188
87
2567
457
778
1078
1784
2210
1935
1121
2074
2025
1064
383
756
2467
727
1254
1396
2378
476
2137
2486
554
1211
1744
2546
2746
985
2517
627
793
199
1909
1249
2709
878
1404
1001
804
21
1588
2734
1705
2760
723
1845
428
1481
1419
354
2065
184
1227
2683
1136
1074
2540
2446
2372
2681
2655
691
1017
1757
726
1455
1707
2304
2525
2506
388
918
1250
408
1768
1558
475
2493
2423
2643
559
2343
2799
2256
768
1145
2447
614
573
1495
221
2534
700
938
2636
2148
2185
1815
2440
1353
2680
329
442
2512
102
862
218
1571
1003
892
2126
1731
1129
312
1766
507
1024
1631
2185
2447
1849
1362
1946
304
2818
1837
2728
2507
1472
1263
1422
799
1428
1120
1986
2681
10
553
2284
2512
2069
881
1254
2070
2497
439
984
2261
2089
1660
2602
794
2526
2717
108
711
606
397
2409
109
137
758
1944
2680
1013
170
1213
1085
2541
1355
2089
942
2108
288
1039
1095
926
1321
804
2465
2517
1944
1977
2695
635
867
1458
850
561
257
870
1569
2029
1637
1803
1840
2299
162
1731
401
614
2673
2767
1416
2179
1269
774
185
140
886
356
497
1715
423
164
1306
452
70
198
2194
2219
642
66
1798
2646
1155
2379
1453
1426
1011
1548
1312
1499
2144
2015
668
2110
1364
46
2350
562
791
1276
908
2259
727
2791
2672
180
2681
2465
872
321
1610
2092
626
1351
2087
2783
206
323
1051
2362
730
1463
393
307
90
1519
1812
1096
2108
688
405
1992
846
2304
652
783
2166
667
1864
485
2503
1156
1139
761
1090
1887
1942
268
182
1308
2857
2319
314
2633
1152
326
554
2825
2616
697
282
2004
1080
2688
1494
2037
648
2633
2260
679
798
2703
154
2764
2327
255
695
1681
467
1848
135
1199
2184
1668
1485
1989
411
1628
894
1774
2195
1891
2246
2418
2620
1361
2475
472
1967
554
2432
1939
2577
1469
2468
744
1926
673
1078
2612
442
2391
1482
199
81
1929
2481
2306
2075
949
2477
1970
992
456
180
979
1348
1
2063
236
870
686
1534
2081
238
372
2615
118
54
1515
1648
398
2247
1509
2624
2007
2957
692
196
1509
2512
669
2270
2407
1249
2730
1667
308
2419
363
1390
1471
605
1771
82
2010
2789
1989
2477
971
2834
2737
2594
1131
443
1879
2021
538
572
1261
496
2376
2467
1653
2809
2301
526
2232
754
799
281
1691
1689
330
1568
1663
1988
1196
2989
2502
64
1351
1070
302
982
1417
2702
2319
2293
2725
1233
1924
2992
1886
1055
1399
2021
419
639
320
2308
2075
1617
1962
2722
1858
2593
2915
703
1836
1569
70
59
1438
2206
2914
1533
1355
55
809
1268
512
912
1362
2497
843
2920
2670
2072
1245
318
1213
2759
1785
678
673
2828
1309
2104
1718
1128
1752
682
186
1116
922
2540
1529
2974
33
1767
338
1488
2573
116
2727
106
2618
2356
90
2135
2668
289
1649
242
43
390
2579
1459
772
668
2047
1678
2256
1683
2896
1179
1192
2610
1193
2728
2637
753
30
1838
1382
1167
1340
1275
1630
190
851
1386
2969
1144
2264
1375
1838
3010
953
430
447
2761
1474
998
1303
175
1061
2304
154
499
1146
2469
417
413
2785
1744
2229
1762
78
2216
428
1109
1978
1215
2779
894
2777
2192
189
1591
1641
2267
2611
2582
2050
1782
2166
2156
244
715
670
1250
268
303
1758
2316
3084
2128
901
641
499
278
2973
584
2342
1190
1807
202
2998
1611
1745
1359
214
318
102
752
1465
1534
1831
1747
1264
936
1739
3084
2469
2986
248
89
2313
1356
2091
344
2787
1996
2440
1333
2238
2574
3025
2233
1239
719
427
1103
1037
1225
397
1292
674
376
1607
62
395
1526
14
2721
2938
278
2715
604
953
2806
2164
1278
3087
1466
1493
753
1144
2199
82
1036
750
1596
1497
1164
2143
3130
1202
629
1638
2292
1589
790
818
535
556
945
2413
2754
896
2846
1950
288
2528
2336
1724
2489
433
363
2088
1564
2363
3119
1739
1702
1212
1776
476
1879
2207
1703
522
2214
256
1427
1214
1256
3070
2628
1420
453
1381
411
2321
1931
3177
466
2594
2931
1131
429
852
159
1942
1650
2723
356
1902
1822
894
27
2413
694
2743
2341
2212
2596
2543
1263
3015
2630
421
1730
1175
1529
54
870
2094
2151
462
2006
3150
538
2263
902
2666
1003
782
2087
1520
517
1135
1357
268
2318
744
1354
821
340
2294
2977
3162
1363
1784
2908
3014
2120
2567
1306
1415
1225
1149
1831
3101
1899
2591
78
908
1297
1453
916
382
3084
2785
1219
2441
3176
9
1135
1294
862
2037
630
1968
3018
1793
2755
1271
2356
292
2432
1688
584
2268
719
2966
2886
1099
272
360
433
292
1160
1890
2884
566
1055
882
2177
2250
3138
2856
2892
2821
2285
2811
2115
2908
254
3004
30
2458
2239
1686
2053
2203
1488
2512
1344
1360
523
425
465
1135
2319
829
3098
87
213
3171
400
90
330
522
2134
1463
2648
2370
3059
1526
2396
885
1214
2515
2391
1186
3023
2407
1903
2435
1568
312
2554
1307
126
2032
545
1684
2483
2627
806
180
2266
3253
1061
2535
872
1177
262
1159
3111
1890
2532
499
764
1122
2641
1080
2761
1253
701
508
1816
1656
2615
2269
985
2422
2235
834
1876
306
52
989
3098
3293
3017
3089
2278
1992
122
3230
839
2262
1045
1655
3232
2553
887
1995
2899
1794
1463
159
2533
2307
767
399
2121
1468
2229
1589
3125
1467
2732
3052
2005
1779
2127
1319
1703
2501
486
970
1141
2783
143
1096
757
466
401
597
1005
2488
1660
836
1455
3211
1201
1632
2842
3293
2696
3132
2271
409
2589
1043
1638
1692
1777
2941
1225
3297
1433
1518
316
2360
1837
1926
1703
1158
563
669
1713
2985
3378
285
431
3347
60
3267
733
119
2355
2067
32
2770
439
420
2270
346
2552
2334
817
2231
1030
2421
1010
1105
1871
1426
791
903
1724
578
1971
1456
143
2431
369
802
2751
2751
1807
609
2328
2600
2851
2498
1743
1234
13
2832
2740
2951
2117
1782
456
2731
1757
1784
285
1436
2249
3397
3099
1792
1291
2202
1522
1107
2484
1631
2681
881
25
2631
3433
3412
678
871
3210
1498
1471
2549
1762
460
2560
3452
493
3184
665
1489
2713
2226
770
2166
1644
563
355
2129
58
1983
2316
2707
866
237
37
709
1039
1113
3473
1357
743
2092
3386
2358
752
1045
155
902
1027
780
1494
3046
1038
3451
452
3039
192
556
1360
3008
360
2922
96
1845
284
2287
3429
1684
1817
2164
3462
933
439
866
472
805
2417
1515
3443
1297
3000
3379
1100
1242
2978
1841
2209
677
124
2169
699
2233
1419
2489
2236
2181
553
399
272
2464
118
1772
2654
1896
1137
3034
795
2663
3184
2777
1414
2843
2092
390
1467
456
347
2147
2053
2987
1321
1828
3323
3159
383
3325
2013
1473
2086
2496
379
1561
2411
2185
150
468
3240
1367
587
685
731
899
2695
3193
2219
2553
657
2880
3434
3432
3037
1132
1782
792
2302
3266
300
1806
1228
525
2540
584
25
1646
50
2045
301
2734
1696
1180
472
962
2710
3206
1277
1923
2660
2164
1550
3342
1416
1705
1089
1088
44
496
2597
1029
1734
42
1858
772
964
1794
1279
3569
492
2590
1660
1742
981
2247
2742
234
448
3555
1239
470
2552
2045
2503
729
3219
2702
1321
528
1987
1449
2423
1816
862
91
1762
2746
2592
2842
1343
1511
1661
711
1177
1978
3321
3093
1011
3373
2216
1591
2526
3142
3010
2839
412
256
2710
3023
3326
1182
2402
2486
3293
1102
1270
337
2289
2851
813
777
626
188
3319
2727
2729
3014
1498
1412
1459
692
531
1126
3133
1964
3476
2161
1447
210
1324
2898
775
767
3137
552
762
2542
779
167
1780
1470
2054
3428
1376
185
3620
405
181
1962
2948
1947
1195
2611
552
1232
833
535
3392
2273
3030
868
2079
3667
9
3647
732
2809
2878
2017
1216
2402
2679
2997
295
3391
2158
3025
2513
2418
3263
2635
3293
834
663
3575
2956
2406
79
785
693
2053
2995
804
3126
1850
3255
858
2743
3687
1982
1719
2558
1681
3251
2111
2356
2029
1418
248
924
3008
2158
240
140
1450
3031
37
566
3021
2741
390
539
95
2899
3465
359
1217
2393
2646
823
2494
1331
3346
3708
726
2630
3291
2041
2954
410
2618
3252
1816
2253
3089
390
166
3669
3102
719
3698
3165
381
2348
3585
2322
3195
2547
2607
1466
1870
433
1790
3344
3738
1633
3669
3435
186
1499
2700
3053
2111
3719
2448
398
638
1232
656
2648
2293
413
602
3628
1553
1357
1446
840
1211
579
3618
2146
482
923
1180
2702
2863
1246
825
1296
1885
2810
1341
3433
1552
195
3904
838
3051
2933
152
919
1720
145
1090
3097
772
1495
3027
1500
1021
3666
78
872
3584
2419
2038
971
1702
3308
936
1693
1517
1177
1828
3860
740
3400
1510
3305
3441
3402
1944
3830
104
2365
927
1953
3280
1734
1341
2636
527
1402
1275
1297
2663
1259
844
266
202
3536
3050
1657
3082
2657
2895
1900
2920
2127
1544
1685
1257
1013
899
3192
1424
1756
2787
3397
1932
305
2927
3650
2859
483
1799
2609
1721
3414
3595
2081
2116
169
1235
2691
278
2760
170
3804
3116
2390
2215
723
2212
128
1953
2823
3435
3027
3654
2796
3361
1147
2880
3191
3550
2317
104
3696
2870
2823
2225
1424
623
53
2033
4064
2872
428
2217
2124
2371
3497
728
3493
4051
2122
2787
3567
1495
2653
2264
3181
796
1576
2432
1278
1688
1738
1060
8
1820
2371
1746
1414
1067
3723
734
3382
958
336
549
4140
3775
2699
4050
3713
1002
3315
3531
2943
2100
1157
148
289
2147
3194
2517
108
1241
727
671
976
3955
1131
3623
1023
3856
4012
2448
1448
2668
1588
2704
3749
1997
188
2066
1111
3266
1482
3696
745
2351
414
669
1302
2821
766
718
2146
2547
589
2662
3144
1877
3101
1749
1739
3230
978
1107
1910
3776
3870
802
3553
3655
3771
4047
3134
1528
60
2342
3631
775
427
3854
3305
639
2191
3358
1082
3637
3300
2474
1989
1071
3153
2872
2837
50
4001
615
3038
2593
1592
3556
4
3746
2802
3281
2990
2464
4225
3940
151
2233
21
1682
1419
3396
2408
530
2675
828
4121
2181
2683
1046
3738
3021
2373
2477
1428
2943
3355
711
265
3764
2935
3097
236
2324
473
1209
3518
1688
3380
2217
3078
195
522
3751
2539
3389
1195
876
3190
3800
1446
441
2014
3905
1608
2579
2478
2198
849
909
2375
2362
3590
1133
1128
2517
1639
1132
3092
2697
3895
3689
212
1379
678
1572
2934
2344
3869
3677
558
3059
2447
2062
3528
3703
3315
4026
2720
1846
1949
1571
4195
2047
3728
4364
4339
4017
664
2333
2152
2437
577
4074
3108
1186
3446
2625
1400
1231
2669
3593
2220
1550
3030
1881
1032
3926
4247
1981
4481
69
3678
1061
4191
1230
2493
2431
3741
3625
1270
1512
1098
11
3127
503
3052
1701
768
209
1509
1876
365
3705
2735
4426
1429
1534
2922
473
673
2777
4076
208
1754
807
638
1629
3711
2177
1152
160
797
1305
3035
4009
1708
609
2636
4155
618
2423
977
3852
621
3067
4513
951
469
526
3905
2828
861
1824
4090
3093
1255
985
1997
4036
2614
2589
2056
2941
1884
1738
2990
3858
4208
3484
1993
695
3197
1455
2877
2869
1396
2234
1562
2951
42
818
554
4271
1155
4677
2027
2988
1865
2668
4218
440
3451
4305
2963
583
3717
357
4331
3353
3716
2106
1103
111
1778
2821
4378
2692
2016
632
79
3746
695
2282
1274
2928
3869
564
1972
1603
772
3764
1580
878
3544
952
1233
3308
3981
175
4448
1811
1954
4234
3889
2172
3441
3754
1752
2778
2652
3261
2421
4321
1263
2239
4615
3044
671
4499
759
1527
3342
1273
2533
911
6
3207
4752
2501
2306
3302
660
3656
4826
1084
2965
1664
3700
3098
1986
2928
1409
2469
2666
3877
3172
4044
491
2403
2004
4296
470
793
3717
736
3427
2209
1386
3824
4896
2315
4767
4230
4894
2519
4085
3591
1777
1168
3041
566
4883
2997
3354
3099
4142
470
2667
3559
2887
2162
1010
3992
3310
1141
3583
2591
2346
3279
4744
4794
2596
1781
4877
1021
465
2336
1900
176
632
4788
3643
430
3220
3692
517
4978
1590
1281
4634
1504
1709
1578
676
4564
23
3050
1814
2371
1879
2194
793
849
3278
3540
1094
3607
1529
2652
4479
2647
2617
2232
520
2034
3056
2326
3194
191
3035
4635
4265
325
3846
3165
2812
5096
2863
3935
3282
3873
1671
49
3613
2861
970
2804
2378
508
2153
3309
3420
148
3116
2980
4637
5076
2482
3434
1040
2723
3787
5222
3041
4433
4853
1095
361
1053
4295
2119
3298
2862
4218
4343
4071
1368
3888
2635
4190
157
585
3479
4369
2501
3170
708
1681
188
2103
5085
4993
3367
4043
86
3420
1453
4647
412
2668
4558
3255
4130
4320
2158
3197
3045
4934
3688
868
1222
747
1965
2084
5287
3037
907
122
4777
4224
2037
3724
4793
3964
4876
3133
4937
1213
5095
3824
5131
3160
2025
3330
138
3533
790
5353
5401
2700
5209
915
5281
788
2204
1425
4345
3822
2014
5348
1767
2242
3166
4806
4987
3212
3381
1569
3093
1599
3225
769
339
4266
3894
4303
2852
1498
1405
1248
667
4298
5116
1476
2627
4776
635
2705
2515
1645
2769
2926
5084
5218
1616
3469
3682
3721
216
4720
5142
1531
3092
5361
5159
4532
1863
597
5428
3711
2274
2615
5505
4197
5229
2787
4346
2020
3158
5337
623
3322
3184
3775
210
210
3928
1986
39
2089
4734
686
2982
2897
4254
4302
4731
2201
2694
2542
5090
1459
5151
56
2571
4304
3555
1709
3386
206
1411
4061
2205
4988
1413
4174
3048
2074
5820
1017
4410
747
4706
45
5765
3615
1211
2392
1237
3353
1246
3929
4681
4662
471
5598
1287
180
5476
3385
4258
5297
4420
1406
864
387
2768
1882
2927
5849
4005
1097
3992
5551
313
3099
4150
792
4509
3656
1422
2000
3899
3488
5076
3962
214
2409
55
688
2883
2097
2130
2391
3327
2650
784
1410
1974
2073
3777
5827
1175
4880
5419
1201
1596
3397
2372
5660
4605
3404
6061
989
3564
2871
336
530
4572
3623
5302
3825
6100
534
4413
3976
2922
3446
1947
1773
5778
3646
527
3580
5358
5706
512
975
4747
5584
4257
5060
19
4605
3344
5444
157
3134
3570
1454
6362
124
1094
6402
5569
2000
2210
3587
6376
3683
1872
680
2166
2827
5508
4070
1672
1618
731
3065
5364
2924
949
5416
513
472
2131
1631
2545
1398
2930
3012
5829
389
5874
2141
2014
4137
3071
917
1610
2554
3213
5242
2618
211
5962
1206
2684
2550
2787
4732
1987
1920
2459
6720
3373
4236
5234
6399
5125
2545
3561
6070
16
1167
1264
6057
3296
2941
2147
2750
4064
4252
5376
1000
779
17
4354
6157
1253
6535
3537
395
6956
2668
1518
397
2377
4497
6245
1142
2606
5939
5391
5337
323
943
2730
3945
3626
997
6713
4752
2421
5216
7126
2020
522
257
911
905
5552
3368
3355
2347
3906
6290
5573
2988
6298
2041
5061
1493
5618
4524
5385
1575
2670
5579
1170
6883
290
588
2931
1667
4900
3532
4127
6937
5805
5902
2855
4520
4635
2758
6498
3143
4587
3106
3618
3246
1195
1000
1295
5841
5547
2211
159
2096
1265
6400
2481
2469
71
2460
7375
5971
7226
1175
954
1021
1909
3665
1171
4172
5084
3739
6028
3374
3538
1703
5798
4416
3085
1982
5552
2808
3513
2630
1771
7060
1740
3180
952
2776
6012
7250
2741
3511
2254
2056
2563
3973
8086
1104
6855
4489
2555
6001
7761
2706
6612
4486
28
4766
5223
808
1824
1687
7079
1751
1689
5601
4376
473
3614
3966
1380
4441
3313
53
6169
743
2286
4284
2314
5245
1629
1487
5600
3173
6542
8661
5293
7667
1542
4542
1829
1979
6953
1918
1154
2973
6165
5423
3573
5699
125
814
803
1209
3966
1838
312
3207
8070
7043
7237
7072
845
6792
4399
4324
8900
1125
62
3956
8206
4874
360
6301
1136
8319
902
3386
7195
3664
7026
8957
37
1757
5717
9364
1647
814
8520
4890
1279
2680
8061
6369
416
1199
7997
7927
913
4046
5640
3928
6435
9345
2293
4170
8658
7832
9010
568
5209
6450
7067
6656
6421
8709
7652
988
6655
116
2823
596
4145
1251
9183
6374
288
5232
9690
4062
5571
5667
758
6529
4987
6554
7584
2639
6842
8261
8242
5797
1255
9818
10577
4230
3554
7133
10406
1088
1227
4
8625
6542
3142
4197
162
3032
2956
10660
9686
9211
10638
3732
6746
9798
8221
640
1026
3078
7404
2388
1223
876
11373
8232
1429
8225
3929
5237
85
4926
1461
116
1691
5161
1196
5103
5711
4894
4575
1779
12410
1899
6327
5288
8278
7607
9862
7299
11741
8711
11980
7969
11432
1390
2544
1354
4059
6807
2943
4236
6780
7539
10414
4736
12853
3477
3371
4581
2850
3873
11340
7541
214
1901
9532
8135
2943
6411
4194
8035
13634
12585
5703
7554
1789
2348
3220
5715
10979
11799
49
11934
12284
7849
14593
378
13770
6376
3705
4463
9222
15628
3188
2456
1961
1800
639
2322
869
412
13488
16202
10720
8201
6638
12156
2934
9138
12398
9163
15911
6976
5434
6890
10957
678
13617
13279
17177
3556
14711
3901
11399
2844
11162
10719
11555
14872
11161
11120
7757
13495
1715
847
11049
19198
7727
627
12960
10367
1481
18129
11105
22226
5512
10921
19703
441
7591
7142
4516
3920
17425
20872
23846
2281
3157
24276
892
25362
4005
1586
24178
5288
2221
12581
18805
30963
26763
1763
17099
9929
22415
5624
6187
34444
8514
30209
15657
32350
15581
15953
32617
15510
22293
3834
49987
4884
39525
41948
34738
62622
9485
52572
36844
52281
69489
13604
