1 2 998244353
19390
184
203
102
87
501
432
86
291
146
282
477
435
58
120
406
193
82
441
211
429
201
270
168
466
506
477
350
229
343
415
388
158
430
269
365
66
93
230
375
101
194
449
333
62
470
494
345
363
471
102
47
164
373
147
114
362
107
396
75
382
295
463
23
140
147
389
138
240
102
514
274
228
378
22
222
331
448
50
177
402
153
156
50
458
303
96
235
410
424
242
275
134
121
231
274
268
103
366
297
478
33
334
28
50
313
329
407
30
354
368
228
264
260
393
448
511
310
455
350
424
138
79
516
508
472
292
485
165
488
94
125
3
258
154
401
53
313
120
83
149
318
311
414
408
17
174
401
157
111
233
411
250
142
240
70
97
362
37
262
332
479
218
335
219
202
48
102
515
168
15
494
486
157
223
335
145
18
475
184
437
391
8
340
499
473
503
366
297
422
173
310
150
427
58
440
193
438
220
194
16
498
216
120
269
219
455
193
16
190
378
453
62
386
275
42
119
259
188
416
162
361
505
91
48
44
13
241
261
233
214
56
510
430
176
40
428
410
233
444
81
92
158
441
257
433
483
376
471
152
52
28
481
5
158
436
157
445
97
227
382
249
495
356
167
461
339
138
85
291
277
198
494
55
364
189
491
332
301
144
116
457
44
78
462
202
514
492
519
484
199
253
85
175
90
124
116
301
263
74
464
412
144
311
339
509
500
310
321
281
326
437
90
370
387
33
445
254
5
444
90
204
178
175
251
140
172
387
15
93
129
499
3
202
490
457
398
453
308
87
173
360
440
128
135
26
82
211
219
135
198
227
306
467
110
410
113
336
276
128
429
86
308
113
288
479
251
368
92
240
455
266
79
55
75
214
284
359
426
503
494
305
412
279
453
1
370
247
337
125
56
447
211
46
241
181
4
494
189
284
199
24
480
374
456
199
205
365
236
34
355
390
107
387
269
104
430
178
475
324
299
476
184
56
308
57
350
374
29
357
136
46
381
94
420
133
111
444
498
347
296
150
215
222
355
485
326
264
481
98
66
258
392
69
132
178
126
300
370
496
135
507
360
335
419
259
468
9
521
263
174
295
231
390
347
379
375
321
149
454
398
477
478
37
302
346
429
217
297
416
281
297
233
5
208
201
82
335
55
499
510
467
365
320
23
43
177
251
364
179
182
92
509
514
505
288
337
411
506
111
157
117
261
244
122
469
298
204
135
206
33
498
150
399
296
174
442
326
425
136
505
85
228
492
76
63
110
266
327
469
230
337
64
464
10
396
431
237
187
39
352
288
157
68
198
293
366
54
230
451
506
42
22
188
133
443
334
397
499
218
245
154
135
83
494
145
356
401
259
19
317
487
307
474
31
382
119
273
312
225
77
295
267
99
483
277
419
170
150
394
388
395
424
399
355
394
21
187
148
156
206
465
519
389
291
427
247
410
77
296
42
319
42
329
388
505
257
321
310
34
383
405
460
403
130
372
298
315
111
257
273
151
168
214
15
120
496
163
357
25
436
376
322
478
181
185
458
415
483
221
450
341
78
362
196
185
209
495
478
297
227
226
448
396
417
440
493
365
55
303
391
491
154
188
421
312
350
355
203
308
28
105
101
106
467
298
291
371
224
133
487
513
448
18
285
161
107
455
389
225
336
443
234
433
313
409
108
122
393
201
410
513
24
307
194
380
427
150
225
125
284
432
359
452
170
118
333
277
47
196
222
383
359
457
11
146
340
119
268
453
40
398
440
64
180
354
164
81
504
389
453
508
15
286
434
185
404
242
182
172
158
405
275
242
34
383
6
168
389
116
145
108
302
205
55
327
458
4
185
128
125
107
493
224
507
150
243
229
306
372
323
362
113
453
323
147
28
329
34
137
445
425
491
467
103
20
267
280
270
452
127
115
32
93
339
258
490
56
488
515
147
284
350
506
456
146
372
204
195
125
436
259
185
389
505
37
458
267
88
35
163
230
492
350
441
444
138
136
237
61
73
279
431
220
527
60
151
485
284
106
241
256
366
490
182
407
527
112
210
151
147
374
446
175
196
359
156
398
495
393
460
104
209
427
324
208
487
12
230
308
118
7
36
20
498
282
428
33
395
110
185
462
281
348
450
98
137
260
448
382
461
277
356
223
491
206
527
34
274
427
361
118
108
516
329
117
528
266
258
487
197
41
208
479
389
129
364
313
389
283
166
321
347
522
16
96
199
14
447
260
228
279
379
336
266
495
241
266
232
499
11
216
327
219
166
503
348
318
287
208
72
453
1
207
233
333
303
262
170
85
476
356
77
351
150
458
327
365
30
438
242
170
425
222
77
463
444
427
474
96
378
255
137
393
306
323
276
471
87
478
59
33
304
136
417
455
64
214
322
127
123
67
329
50
289
406
513
204
335
490
332
216
215
470
79
521
295
388
462
382
336
23
447
143
159
334
100
256
51
422
2
386
346
246
383
205
98
364
268
157
412
451
158
526
152
186
98
514
204
1
475
415
150
399
210
500
419
379
319
283
383
148
496
26
394
348
231
319
9
326
303
421
73
461
417
53
475
342
36
506
170
339
217
148
207
427
117
95
102
263
206
313
411
171
339
101
520
397
247
529
192
20
419
77
349
114
181
131
279
314
41
275
65
360
141
132
413
480
153
344
144
102
367
110
317
459
302
503
199
29
246
164
216
343
30
33
246
211
165
525
313
526
268
166
354
198
298
23
466
452
368
79
22
203
509
127
451
280
98
438
97
132
71
313
264
101
479
497
396
301
379
525
339
7
122
453
285
249
228
515
174
251
204
151
274
488
167
258
490
0
406
179
167
515
98
346
512
47
312
378
348
158
370
157
167
494
79
453
212
307
437
388
28
110
7
304
67
176
29
25
176
437
206
345
420
307
160
401
354
474
246
171
99
85
328
29
342
335
65
418
393
529
428
276
18
459
74
281
23
348
321
496
198
523
354
422
483
53
203
248
109
412
53
209
525
61
238
333
418
303
239
299
320
133
41
338
58
115
108
103
485
429
88
150
440
464
60
411
5
263
125
114
164
179
346
155
262
72
510
168
39
82
463
138
373
326
403
189
362
453
85
12
187
519
348
214
348
357
78
392
439
48
401
426
500
466
523
105
128
304
22
167
319
485
238
157
209
106
346
503
24
431
515
211
347
261
357
92
83
436
417
454
416
215
278
313
146
198
418
206
503
440
374
287
323
9
444
532
115
187
500
71
16
318
85
72
209
417
65
193
165
242
498
505
432
73
60
107
345
450
13
117
535
69
266
406
383
419
476
470
338
176
265
155
311
351
227
520
48
108
530
213
166
492
534
62
381
58
521
190
324
351
124
323
236
390
10
84
274
486
18
428
479
284
47
254
451
90
54
499
15
100
217
265
220
365
401
354
268
187
456
229
321
54
207
397
434
433
487
249
21
342
213
331
453
517
7
148
118
396
381
308
497
61
331
180
426
490
293
452
141
507
144
462
24
352
322
458
6
30
466
27
131
142
358
47
418
123
491
536
520
335
65
480
155
154
418
44
108
469
255
109
202
483
465
72
380
19
29
367
299
290
3
349
501
119
443
522
417
529
119
415
6
313
69
65
180
6
228
105
278
338
214
323
283
141
395
506
2
424
335
144
18
180
493
362
299
240
346
179
231
466
56
80
241
126
145
421
512
215
526
94
395
44
501
89
384
189
55
238
193
510
179
146
76
458
184
333
405
219
435
444
358
459
302
11
423
530
372
6
538
340
417
407
356
531
496
201
333
164
53
527
135
384
134
212
303
470
158
322
302
54
227
122
126
142
133
163
133
118
169
132
458
199
153
276
344
110
90
138
111
228
112
443
138
54
142
193
112
59
387
365
463
481
188
409
199
271
168
19
211
218
325
212
267
34
445
65
533
66
355
104
295
468
239
125
214
382
318
19
133
398
384
289
31
32
158
231
535
18
482
206
468
267
110
195
534
247
492
527
314
171
8
479
73
233
303
471
77
13
514
348
181
485
350
499
408
342
194
187
428
120
419
234
312
277
45
81
48
404
203
34
34
374
135
270
67
438
364
144
73
337
114
255
445
86
376
475
428
29
122
478
312
163
172
83
440
380
328
110
243
531
144
516
106
283
281
359
267
87
46
280
539
276
513
448
444
200
404
230
132
205
84
413
495
326
40
149
43
40
127
238
330
245
212
462
528
493
305
280
65
377
44
62
111
41
536
40
241
424
270
373
88
380
270
67
191
310
216
234
351
370
472
165
73
168
195
97
523
183
411
408
145
185
9
101
432
13
460
524
197
484
57
203
234
437
50
359
8
89
312
112
442
55
135
365
403
232
463
285
415
233
52
462
419
61
465
308
74
382
192
173
323
151
279
460
46
329
276
499
320
490
513
122
3
105
487
308
337
392
497
342
512
458
281
507
214
124
212
427
407
247
15
2
423
317
484
173
444
478
52
177
12
481
297
277
429
179
24
201
28
393
543
412
307
152
247
521
276
331
276
140
35
291
14
330
481
370
503
381
304
427
430
316
364
55
465
121
235
361
322
135
210
321
419
517
345
122
366
78
244
228
519
16
501
507
43
367
504
236
414
103
364
308
289
197
363
489
359
466
75
504
387
399
257
472
252
184
510
386
267
227
70
241
243
43
220
304
410
179
540
279
282
377
59
43
46
423
533
406
361
63
382
204
479
112
131
203
296
114
62
18
341
132
276
56
219
496
89
283
64
139
513
336
389
527
174
103
9
446
19
326
72
69
488
250
401
456
211
251
419
80
353
159
292
471
332
383
421
294
538
485
305
505
275
148
486
321
123
367
93
15
148
37
502
90
288
357
418
371
62
163
451
287
322
69
212
109
452
87
436
331
52
129
423
144
16
157
3
216
459
196
123
16
290
254
328
431
399
259
116
74
243
416
518
428
387
98
376
113
455
265
506
22
456
382
167
534
54
232
266
514
490
389
45
233
159
373
179
11
148
357
86
391
226
119
272
128
280
482
147
82
366
18
498
131
27
179
327
79
61
493
299
209
10
135
344
19
194
378
217
330
436
465
244
291
182
323
78
55
257
225
137
195
244
207
446
391
386
226
470
447
291
342
229
301
477
25
440
243
403
230
26
411
267
270
155
345
327
80
238
112
142
133
78
185
255
449
37
389
83
203
541
268
57
436
24
174
314
445
218
474
148
524
261
97
123
125
18
25
329
256
262
472
389
340
232
96
364
394
60
448
48
176
167
105
188
315
403
502
211
72
2
273
459
42
431
412
315
42
428
326
413
111
423
225
156
6
248
88
507
283
432
516
507
494
297
298
529
117
221
453
0
178
176
61
220
209
473
138
403
351
66
267
65
489
492
221
97
342
461
55
75
495
173
184
439
73
483
21
342
154
76
101
544
112
443
328
415
394
319
279
146
345
233
108
163
63
147
270
508
418
40
280
15
186
178
474
44
377
450
65
241
196
449
234
39
72
293
454
198
61
183
75
137
147
183
300
493
330
302
450
479
342
462
226
259
89
431
303
197
330
313
393
408
385
440
190
364
399
9
472
202
381
412
291
135
377
549
18
11
353
88
212
4
477
309
58
276
463
192
476
87
505
317
495
378
205
174
190
92
223
151
295
92
11
74
227
389
71
286
400
465
414
100
469
339
410
15
103
361
207
80
156
318
448
187
508
525
410
1
240
23
216
162
464
12
544
82
102
449
401
222
416
86
31
404
300
80
363
339
193
144
473
403
463
368
38
418
340
448
473
81
472
190
297
437
203
342
20
359
239
421
29
156
8
114
8
308
248
425
111
272
459
175
390
23
551
376
552
377
374
309
74
446
491
385
462
364
304
536
439
406
8
335
366
140
544
162
359
532
336
470
251
241
92
87
113
491
311
111
314
131
268
389
426
205
68
334
417
220
164
151
73
172
334
287
161
325
449
368
303
79
284
402
168
376
450
152
165
537
249
108
9
87
234
426
323
474
507
467
451
385
481
356
292
227
306
254
43
498
8
10
484
397
421
151
202
317
304
419
351
50
24
360
137
311
283
513
230
235
477
178
66
403
534
410
75
285
161
119
280
169
181
209
63
47
53
469
371
215
466
134
415
58
518
333
511
59
423
23
67
261
334
174
54
141
348
428
509
252
423
527
364
406
288
237
278
341
338
281
0
249
415
47
495
10
12
82
69
67
105
324
328
71
131
14
213
479
75
166
185
220
98
300
363
457
244
453
468
468
163
204
486
271
83
147
221
63
92
196
278
453
288
489
246
325
159
364
71
287
521
30
507
62
330
313
520
349
209
205
260
147
410
520
192
493
110
187
330
533
157
51
203
445
315
449
214
248
30
59
450
255
516
502
87
378
172
164
204
212
179
120
47
253
533
276
383
502
17
450
9
459
132
52
293
401
11
33
11
193
477
461
446
435
404
531
253
18
137
458
228
315
18
276
8
552
552
392
494
10
282
504
469
412
554
202
256
5
235
267
155
497
198
208
418
189
258
42
238
346
356
181
219
439
162
532
557
163
210
484
56
280
65
541
88
106
220
310
155
545
359
311
304
377
519
163
7
38
25
65
384
381
67
44
262
229
397
260
212
427
5
268
149
70
313
357
474
165
473
558
134
396
8
422
59
47
440
358
120
74
131
226
146
5
456
387
376
458
323
504
4
96
253
253
190
6
482
537
43
267
535
178
535
543
472
34
462
224
265
22
299
396
248
445
401
17
144
217
475
467
33
479
435
345
487
177
238
462
490
534
259
119
20
474
530
237
360
411
486
63
274
47
148
91
409
158
163
420
45
365
143
481
229
119
494
384
525
401
286
122
374
213
241
62
126
439
528
155
289
121
218
231
168
35
322
16
193
153
104
132
421
231
327
467
362
450
85
231
135
138
47
83
425
157
100
32
138
119
141
378
17
59
129
163
345
487
308
6
327
60
139
28
133
308
495
495
196
19
6
332
157
457
257
424
52
200
457
32
440
33
45
538
212
433
435
321
359
275
274
557
213
385
494
465
431
323
119
465
344
132
283
107
377
297
71
166
482
416
106
265
355
151
240
5
490
19
326
287
294
37
187
413
328
118
315
102
347
340
5
128
472
288
142
192
88
518
232
488
500
417
163
0
368
291
120
70
504
281
523
251
292
78
396
434
514
278
205
301
502
487
284
272
558
369
139
82
255
371
7
191
156
102
191
524
393
244
526
333
457
418
516
185
496
280
551
378
490
193
48
360
48
332
68
42
69
320
207
281
161
177
159
501
1
294
139
372
239
104
73
547
76
111
433
502
487
126
512
402
457
491
338
391
123
436
461
518
191
103
234
345
280
385
281
274
106
421
73
338
517
138
312
28
241
180
522
164
299
469
1
191
387
331
9
282
520
322
407
120
231
116
508
527
188
370
433
329
545
411
334
39
494
122
312
348
166
463
156
50
349
559
229
218
217
439
92
172
353
500
292
18
208
234
137
555
196
4
318
334
415
244
373
502
366
120
284
124
17
32
332
524
52
105
187
128
461
272
92
438
334
14
2
123
49
48
377
456
490
122
79
320
300
327
386
395
522
564
370
528
448
436
298
435
476
420
498
370
125
526
241
459
540
178
518
525
161
263
414
85
386
428
340
54
123
159
384
14
156
188
542
539
57
197
429
494
288
420
371
63
172
522
330
177
157
254
354
531
472
114
515
309
271
565
459
268
437
423
332
263
513
300
437
515
497
298
401
177
150
204
201
283
118
491
420
236
177
206
199
41
280
106
311
551
63
202
251
500
57
16
155
3
474
63
501
200
529
492
9
22
252
334
349
334
432
39
359
410
366
434
480
551
107
394
226
421
198
487
274
402
104
161
480
314
529
148
514
225
376
259
552
365
329
333
130
497
108
225
338
211
90
555
193
197
116
156
354
315
74
59
453
483
525
100
443
392
524
148
364
192
131
210
282
497
178
287
505
446
529
382
419
569
267
209
27
497
452
426
271
467
102
135
524
544
420
397
366
374
448
62
468
481
272
180
310
353
369
245
229
328
58
78
327
227
189
256
56
544
112
229
441
214
364
298
188
214
172
67
242
516
544
58
468
368
43
65
248
135
362
13
228
24
233
135
401
314
72
471
195
533
248
320
530
253
228
87
16
359
155
217
305
87
275
161
414
277
226
91
372
548
104
559
531
296
123
361
570
195
24
70
271
54
500
86
530
336
363
395
98
283
271
253
482
539
450
279
374
73
441
491
320
319
156
179
457
131
309
27
545
309
97
220
339
2
306
297
338
74
97
412
357
368
93
243
335
520
499
114
21
368
9
191
109
379
209
468
497
543
44
97
441
441
57
323
271
97
40
300
43
101
108
0
492
386
445
313
256
288
13
369
498
377
9
57
205
219
547
129
211
19
227
102
482
306
447
180
425
487
502
469
15
37
386
321
462
34
431
297
230
141
208
47
266
451
534
256
13
244
216
73
207
567
403
165
291
498
358
37
255
204
570
291
361
548
38
415
8
61
138
404
202
346
452
61
390
4
483
403
414
291
68
47
451
519
434
561
223
56
314
460
252
277
535
263
192
316
422
322
480
511
450
286
306
119
450
557
368
559
334
491
403
347
160
512
193
19
401
318
553
140
105
230
320
66
395
512
382
144
259
189
80
135
475
386
156
252
368
524
236
30
441
542
279
503
479
374
522
305
118
496
168
0
7
561
151
550
411
555
540
132
570
574
101
389
349
62
373
553
333
177
108
65
84
219
358
553
153
398
91
397
319
259
270
198
244
421
173
80
273
137
84
267
135
57
528
357
119
325
206
324
375
115
130
408
40
425
415
133
235
195
224
68
393
408
1
511
120
299
220
267
323
247
417
41
198
499
402
538
393
78
272
571
193
547
403
233
541
241
512
199
4
159
412
543
567
558
477
255
281
120
91
27
512
508
68
278
383
427
139
143
417
430
381
222
163
457
205
353
188
571
239
110
223
186
272
405
56
244
163
431
248
125
540
328
290
33
569
308
460
131
451
511
195
466
155
570
346
573
345
168
200
6
278
424
192
551
463
461
217
48
314
100
505
451
473
18
245
233
379
411
146
382
282
459
449
248
37
370
417
17
515
70
325
87
457
303
95
544
177
501
516
576
244
443
8
139
21
253
511
539
224
78
342
506
97
351
175
134
282
152
291
357
223
37
444
240
558
504
509
377
267
570
320
233
394
240
242
394
374
237
46
382
575
115
319
272
371
324
271
403
6
497
25
485
364
376
253
343
293
174
132
552
164
452
205
550
104
448
364
478
97
402
272
93
517
11
357
309
327
48
124
334
538
149
527
178
279
34
380
291
89
297
225
15
384
23
505
465
320
413
280
548
503
11
434
32
219
563
308
54
13
429
294
383
534
241
562
69
112
361
360
201
78
4
54
299
446
559
21
185
228
301
152
512
102
5
245
503
107
314
103
374
480
154
516
476
76
395
305
296
356
234
536
28
333
131
53
3
110
410
238
285
65
318
216
489
324
201
150
431
515
253
223
414
147
480
48
223
33
353
260
309
341
479
243
312
272
3
182
94
328
555
126
186
2
538
40
349
353
429
193
350
73
440
342
442
461
19
97
361
460
353
88
219
249
98
298
288
101
480
382
197
220
275
150
222
581
191
338
118
346
114
13
397
164
192
324
180
55
162
490
226
136
499
438
118
181
335
171
553
74
195
156
28
309
555
425
294
422
549
297
185
80
310
582
228
503
322
393
542
468
299
184
4
198
38
106
379
357
401
561
488
406
372
213
374
395
188
250
144
570
71
442
68
545
67
185
353
494
387
241
452
150
526
301
298
99
175
340
565
576
189
340
270
561
553
516
243
156
181
388
14
125
245
82
85
184
267
310
94
526
551
418
91
48
541
252
45
433
252
67
573
394
53
203
480
93
193
217
130
319
86
536
89
410
411
487
123
387
210
368
261
527
248
476
575
203
222
34
131
554
181
118
362
234
321
337
408
514
48
538
247
134
568
337
544
393
512
211
39
305
26
202
242
299
190
259
579
29
496
88
188
120
189
202
58
255
27
419
521
504
347
208
284
527
112
373
152
125
84
192
430
111
481
85
410
84
431
489
200
427
77
388
488
2
209
12
95
7
374
70
442
426
221
232
4
34
63
567
56
186
59
205
130
55
454
77
67
113
228
278
251
394
357
107
353
566
119
448
530
449
475
384
287
64
572
247
251
488
275
164
223
552
494
321
545
482
243
514
312
515
9
385
162
276
175
378
523
357
547
110
291
230
172
506
205
455
65
457
104
90
32
77
53
526
398
348
169
391
24
481
318
33
28
480
309
203
500
570
492
511
447
334
54
317
448
476
43
149
501
183
139
231
117
251
188
465
562
189
394
6
379
81
419
46
292
142
44
324
244
536
368
101
403
422
540
383
308
583
532
342
298
81
573
537
332
171
412
426
483
217
432
272
420
490
73
166
2
54
152
117
247
327
457
392
337
106
93
583
498
92
423
514
544
255
487
266
488
249
214
390
256
17
330
475
507
403
6
465
457
159
582
113
486
448
462
189
510
555
181
374
13
560
297
513
180
193
188
411
169
105
537
226
0
203
520
477
167
8
90
395
354
37
520
502
93
356
69
50
388
572
290
311
465
248
178
489
245
404
309
415
509
158
49
509
266
473
298
433
386
388
141
148
329
69
554
327
425
331
10
324
580
243
372
549
207
448
510
348
536
167
22
339
425
366
132
236
571
313
512
548
310
39
254
202
348
457
499
337
196
509
68
183
188
469
169
395
353
86
150
326
253
202
72
114
4
233
380
566
73
276
439
37
518
154
500
475
73
336
23
22
193
320
217
249
99
490
402
556
275
553
235
81
68
111
446
184
94
219
551
167
495
196
204
219
350
504
100
223
246
517
246
239
244
9
1
39
92
207
65
356
520
64
29
526
305
292
413
163
248
154
292
10
18
331
553
484
4
393
119
225
48
215
388
46
96
261
85
188
341
22
416
266
11
478
510
70
582
461
332
75
287
520
183
177
205
387
501
236
562
521
149
538
380
432
164
323
386
259
126
36
399
582
442
411
176
68
481
162
530
217
545
529
450
133
111
59
520
324
7
198
249
156
448
326
247
163
281
544
496
577
30
240
362
321
270
214
10
531
586
582
216
587
527
130
186
519
15
246
71
375
114
496
584
48
202
234
212
483
158
88
463
165
305
206
486
575
420
473
486
409
459
83
376
366
190
539
288
411
349
595
293
351
257
180
195
215
292
276
238
413
519
187
465
320
163
480
312
359
485
0
435
569
181
138
126
405
315
77
350
198
206
45
549
596
358
147
213
52
555
452
466
476
173
333
199
468
348
45
520
221
261
519
306
292
236
431
526
354
506
346
386
211
436
398
553
64
591
233
592
598
15
244
387
141
128
420
404
279
144
325
500
43
245
207
572
120
276
499
112
420
483
498
270
321
534
461
385
526
332
16
526
347
260
551
126
94
521
502
41
64
105
280
136
267
338
500
451
597
453
411
134
459
425
117
598
52
162
28
429
537
235
505
200
545
6
384
391
527
39
433
591
144
465
480
163
555
132
14
304
585
177
439
196
355
556
546
547
504
391
446
488
10
273
3
304
109
478
6
202
210
110
405
145
429
101
466
369
229
559
208
390
491
310
370
297
445
475
179
285
265
25
172
275
234
111
579
279
525
521
481
135
567
286
280
395
323
22
473
341
460
198
538
548
262
201
270
512
81
500
11
4
118
418
421
486
493
562
122
57
259
307
94
415
555
159
537
50
181
408
39
290
254
577
236
516
427
154
427
156
302
86
161
420
419
104
423
523
516
528
160
247
422
352
248
499
509
17
222
217
460
126
301
180
21
533
542
409
43
127
108
90
136
146
363
103
250
184
175
315
109
335
110
79
85
358
468
448
165
81
112
580
584
300
428
417
280
474
592
211
345
452
196
50
313
93
255
297
145
86
301
10
426
23
555
346
532
419
191
393
197
603
66
177
300
494
594
276
364
279
487
105
127
79
44
272
469
132
34
130
360
146
378
500
281
167
179
83
102
337
13
92
473
489
172
148
254
265
60
10
538
547
363
365
595
408
184
6
87
218
137
448
516
62
504
97
308
529
439
578
116
147
467
538
416
394
168
568
377
490
39
215
130
488
474
174
200
541
148
224
349
213
413
99
255
75
566
564
605
400
536
115
311
162
47
491
556
585
453
327
233
493
542
364
139
174
302
329
240
360
252
354
383
89
315
405
48
18
348
605
310
263
126
529
114
517
535
187
116
319
142
599
533
119
195
183
310
147
512
351
507
565
505
83
454
213
489
502
231
30
301
342
93
427
64
173
180
373
319
482
18
584
586
127
569
556
576
315
140
73
558
503
500
446
563
528
248
81
175
428
117
549
449
282
587
182
456
479
555
167
66
285
464
44
413
137
601
93
164
133
166
114
28
296
561
27
287
397
395
243
222
417
119
448
268
443
378
3
248
409
220
100
170
129
375
487
310
424
293
430
554
112
294
45
408
246
238
252
201
190
496
589
165
6
428
599
6
546
568
368
196
240
102
261
57
15
8
247
305
537
209
475
263
134
525
576
156
335
407
434
414
224
101
230
24
364
503
574
300
461
334
496
94
438
148
151
456
158
400
153
87
609
18
49
429
254
216
185
499
110
547
427
350
34
57
595
6
84
583
425
515
494
281
284
33
92
87
489
298
72
576
344
588
32
278
291
172
494
476
60
490
297
372
229
331
315
162
187
497
413
289
461
572
72
560
264
118
227
113
175
289
120
575
48
332
390
597
459
196
326
504
235
123
169
107
531
521
269
590
278
71
268
127
515
212
75
39
330
175
442
126
480
46
131
545
452
271
355
559
547
62
489
558
102
72
336
4
269
533
268
215
213
557
527
232
122
185
473
118
52
322
244
532
368
396
464
228
74
226
194
8
308
70
2
163
408
275
270
447
244
461
238
506
195
521
600
514
261
5
186
480
333
8
269
342
598
242
257
360
4
489
78
609
347
80
544
142
127
586
361
144
433
600
36
14
279
18
552
121
334
431
92
433
407
465
488
379
601
444
361
416
552
128
560
220
491
46
449
274
309
489
437
61
574
530
154
556
548
91
62
65
319
154
498
112
416
168
491
402
613
237
0
550
162
560
155
37
488
409
515
184
502
180
614
514
220
390
60
175
417
475
269
505
289
93
165
47
243
187
161
229
470
439
436
18
160
181
55
184
126
106
521
12
287
519
63
160
74
235
541
232
353
198
359
368
42
219
380
172
279
376
141
219
181
560
372
158
534
272
112
18
151
28
60
581
512
536
402
246
154
326
478
508
185
220
536
227
469
82
476
305
344
571
334
112
36
246
43
69
406
225
212
321
470
253
418
368
364
531
495
413
189
444
605
80
199
283
590
276
365
56
190
318
235
524
38
271
378
81
367
187
270
123
373
140
189
407
54
216
203
605
254
545
271
286
219
66
12
210
82
487
227
137
317
131
145
168
81
361
475
449
601
126
572
408
319
142
196
133
32
507
339
340
466
513
209
511
618
241
54
425
148
75
183
372
563
136
603
161
512
606
509
313
480
329
184
486
494
428
619
526
127
150
58
594
43
79
297
41
132
164
467
281
152
149
307
48
449
17
187
488
396
241
484
486
202
55
367
486
357
165
348
319
293
112
517
218
468
158
516
452
7
79
322
337
228
8
563
235
204
129
102
117
431
63
70
392
264
58
440
527
543
333
552
602
13
164
157
326
462
452
493
260
303
122
142
47
523
8
161
447
553
262
564
326
325
599
60
554
35
501
423
542
176
353
522
469
600
407
293
107
468
277
120
584
454
604
88
608
421
242
87
251
613
374
285
156
117
431
517
416
602
83
308
587
602
536
433
423
320
571
374
9
69
338
593
523
319
526
508
118
145
439
213
603
35
342
136
178
163
400
333
195
288
77
362
168
56
79
104
361
293
1
420
446
570
61
94
613
488
228
171
110
569
501
12
386
521
605
564
556
253
145
127
414
223
362
454
57
579
360
460
473
181
494
102
227
601
31
312
119
57
17
448
425
296
570
563
167
504
334
290
68
202
107
325
224
545
516
282
499
353
219
449
534
190
551
238
269
59
551
388
186
196
132
47
620
612
215
315
419
331
594
49
608
499
76
277
35
49
363
531
241
494
252
427
84
428
453
213
183
83
473
369
280
567
379
236
515
594
514
308
261
482
320
205
434
289
225
167
108
207
492
305
560
487
7
544
123
8
302
531
272
598
428
345
263
506
335
71
484
476
601
69
581
479
80
518
141
305
58
249
16
53
57
576
44
298
566
212
272
74
176
134
586
82
176
10
346
499
598
273
175
540
230
328
588
367
161
564
223
66
595
66
410
468
120
66
170
59
278
442
165
455
577
123
357
162
330
411
536
194
410
307
553
403
136
77
367
273
299
148
11
296
603
527
375
282
327
482
564
249
575
611
505
425
312
233
588
13
16
495
555
145
521
479
267
377
275
6
21
211
415
464
582
177
608
551
547
204
252
76
117
62
230
504
8
565
523
528
153
189
201
386
17
311
596
29
568
395
117
299
479
404
133
303
581
614
225
498
188
349
574
305
283
532
38
362
568
383
543
258
24
438
478
128
560
331
398
34
289
162
461
615
427
526
328
381
324
421
606
423
197
513
557
494
329
595
225
266
347
52
438
371
404
285
413
333
531
95
282
189
171
118
262
162
102
351
324
424
272
356
563
316
370
559
551
239
547
195
86
320
65
332
169
490
132
327
391
137
234
89
17
193
207
279
355
310
526
575
630
166
41
409
590
86
341
597
489
78
105
382
600
74
487
473
487
483
406
100
190
526
301
437
174
240
245
583
115
182
451
451
130
362
228
88
317
438
52
173
386
26
479
213
72
440
594
454
262
314
304
424
124
84
420
458
340
510
391
84
534
201
51
496
173
549
513
497
539
416
365
187
360
94
285
316
534
245
21
47
443
325
355
451
67
4
336
35
488
150
406
446
303
519
291
55
211
37
441
506
49
265
399
202
546
573
443
400
381
439
156
428
333
260
133
400
256
461
435
110
604
199
548
264
244
291
271
391
511
100
347
13
206
550
469
3
183
198
200
70
218
604
163
475
119
545
168
87
432
134
141
444
267
85
334
512
620
214
267
495
314
372
49
613
528
157
141
475
257
150
561
598
266
324
542
312
12
476
481
551
364
92
472
69
534
270
424
273
431
508
447
75
243
550
105
189
124
246
27
382
450
588
397
3
292
505
296
116
232
70
307
377
420
588
363
451
169
74
601
611
179
378
377
219
275
108
73
113
599
244
443
570
160
500
43
452
475
339
569
177
409
346
554
192
92
371
263
413
284
548
180
211
81
146
284
499
590
581
240
146
597
220
116
225
618
590
23
406
532
166
542
607
581
330
55
34
62
318
266
346
46
446
376
162
591
527
186
132
267
275
19
153
173
481
181
327
315
183
35
637
291
472
541
544
143
3
268
515
153
3
476
509
270
525
31
221
285
218
354
173
94
467
589
243
388
42
243
165
474
563
543
537
213
573
128
507
201
590
576
209
121
333
53
611
137
540
593
174
221
347
347
637
494
616
239
241
17
162
87
491
85
570
154
49
262
179
214
170
228
10
107
170
605
541
428
537
77
248
500
260
76
267
265
235
361
517
237
471
244
490
206
436
350
360
485
544
471
58
60
389
342
608
426
484
544
346
216
53
312
370
2
476
293
170
210
407
527
402
121
305
492
475
522
552
259
451
138
142
204
234
567
546
199
351
388
136
54
616
2
323
289
478
88
380
369
523
467
107
56
222
32
324
582
574
39
115
92
433
53
376
172
270
29
164
537
25
609
542
37
612
262
326
290
413
163
15
470
240
227
309
376
337
237
318
172
140
476
571
498
161
79
327
282
279
36
448
539
334
493
556
503
500
433
140
261
588
155
86
183
382
125
335
637
325
624
20
133
494
623
488
167
289
231
177
226
561
190
350
158
549
2
33
527
98
40
83
351
448
170
188
544
236
463
535
561
442
555
634
290
186
135
254
612
154
331
222
80
323
299
594
525
567
277
608
615
232
455
49
123
365
425
552
522
455
493
373
201
42
322
130
228
457
384
126
543
0
348
623
323
579
163
411
555
149
632
466
91
387
225
443
498
307
326
631
463
502
153
321
407
362
312
436
474
420
551
167
374
263
438
50
398
601
477
321
119
462
140
226
201
381
22
67
180
348
275
230
268
596
109
100
444
379
72
460
597
642
159
453
164
460
321
88
309
636
271
210
184
270
547
242
564
216
12
336
564
527
157
423
474
644
152
23
344
297
61
562
98
295
342
251
330
280
111
185
602
553
163
348
580
214
439
169
4
495
152
137
253
481
185
569
477
337
592
173
635
6
370
570
312
230
364
117
279
504
174
545
528
646
513
26
360
556
396
190
91
329
434
645
634
201
338
140
104
111
529
131
401
247
48
62
477
412
179
541
135
622
376
196
609
521
438
251
491
48
620
545
45
494
347
316
278
451
21
305
232
244
611
323
30
356
249
625
55
365
139
467
611
515
287
568
384
73
444
499
122
197
164
442
379
433
627
398
613
169
547
564
133
462
575
544
331
409
105
115
6
228
62
520
112
614
115
123
120
435
611
197
632
353
217
589
133
192
84
602
26
134
530
255
591
146
644
504
479
0
507
19
460
80
298
570
455
516
215
496
82
595
326
181
34
616
628
47
305
59
557
331
193
434
494
39
59
380
528
620
639
375
347
17
610
438
597
295
542
572
245
135
255
650
252
244
379
380
645
64
325
239
292
638
358
27
374
424
407
248
389
398
623
88
416
585
527
365
233
306
27
16
57
158
87
630
121
244
613
519
476
113
414
121
270
598
298
319
543
109
53
434
601
471
134
251
73
499
320
191
69
207
538
627
36
294
598
353
460
173
247
592
302
612
344
156
10
4
468
325
201
574
282
389
274
415
310
284
412
598
581
173
497
154
143
533
448
433
578
601
298
168
105
489
68
528
311
527
564
63
386
522
391
379
0
528
315
582
160
240
629
439
560
362
529
542
647
171
326
271
646
217
325
119
48
419
15
385
289
580
449
17
470
476
549
339
185
312
155
331
373
565
178
645
611
16
594
628
496
643
171
64
60
196
608
256
634
590
20
436
210
137
311
332
613
512
12
450
165
479
433
247
315
396
347
361
104
364
596
84
239
445
313
141
411
404
281
170
188
25
133
382
638
321
436
411
472
282
64
409
231
607
588
478
275
275
179
492
330
344
257
533
318
140
92
68
285
341
104
644
459
381
497
605
222
350
531
254
386
33
481
136
123
433
34
262
267
482
93
597
418
178
431
456
233
446
234
495
607
183
280
412
116
576
101
123
657
639
167
87
252
297
285
165
8
101
255
59
78
217
160
352
12
69
93
41
169
546
509
226
121
133
13
127
555
641
75
155
76
530
397
350
142
403
514
366
606
426
92
169
589
626
224
434
53
528
332
342
367
426
299
77
552
586
89
270
152
217
511
202
28
558
536
304
284
259
262
261
507
500
545
144
306
646
498
279
510
86
542
133
351
141
226
152
458
68
267
546
0
617
443
247
383
229
393
24
174
304
202
571
164
518
202
175
481
451
21
6
370
54
92
185
85
446
664
213
334
390
558
269
104
316
504
299
275
409
130
242
261
640
119
193
170
451
267
168
188
195
628
77
343
36
369
369
556
154
352
5
506
601
475
253
418
363
329
246
99
495
69
205
111
29
84
605
461
121
184
359
350
256
132
538
306
630
30
529
95
9
640
280
557
441
243
370
609
246
418
308
404
255
30
13
260
203
144
367
121
231
426
435
343
66
41
182
499
513
506
207
244
113
42
41
581
252
665
480
364
594
369
462
259
646
113
571
118
129
223
342
567
397
641
301
483
394
145
313
238
313
520
145
32
208
354
486
635
470
371
37
313
236
453
315
485
10
326
305
364
480
182
586
434
431
380
151
109
116
81
323
13
649
33
224
544
418
620
554
276
515
299
617
570
453
283
358
69
49
569
204
222
508
487
286
556
587
198
258
559
428
468
205
147
54
429
21
657
564
575
262
408
203
63
22
617
74
155
102
470
124
258
623
399
16
164
639
511
356
605
189
76
536
121
176
124
579
15
55
350
405
372
74
180
554
264
579
135
443
250
31
147
563
509
110
36
209
94
226
284
389
628
34
451
476
191
638
670
467
505
122
381
664
325
561
546
589
467
266
534
385
194
551
192
387
75
142
460
655
620
334
378
48
220
241
156
226
151
662
143
267
197
185
52
269
658
647
252
641
564
113
352
646
163
448
602
226
222
170
283
51
57
57
32
519
139
410
622
410
206
162
285
229
211
555
129
184
107
228
167
457
508
466
213
536
527
151
560
356
462
171
177
536
666
157
507
595
183
389
575
654
555
448
505
235
99
670
214
166
533
409
651
365
227
189
253
78
368
464
422
376
599
43
664
595
440
313
388
521
601
657
292
674
633
130
75
505
631
474
272
652
646
267
64
533
47
318
491
649
105
532
348
27
575
335
240
338
648
628
477
191
262
131
50
330
106
36
350
400
386
550
518
178
577
2
569
64
644
502
571
234
332
222
534
632
97
621
58
47
298
260
611
552
392
101
667
164
300
220
114
613
461
360
224
59
650
417
438
577
463
541
318
141
32
26
649
521
499
245
151
612
24
210
161
400
148
293
508
212
626
440
425
589
643
452
157
256
310
368
489
287
453
423
96
185
255
327
378
467
357
169
30
133
65
664
675
1
277
375
522
108
450
143
672
202
86
71
283
161
213
148
355
592
320
510
3
642
75
46
667
654
445
35
662
127
25
442
495
110
484
14
346
608
165
140
128
416
662
479
644
144
457
479
246
556
102
515
509
659
334
387
180
455
392
367
196
235
240
155
245
41
169
674
229
269
424
671
327
188
325
633
370
219
128
590
435
14
625
399
339
45
439
27
497
534
650
656
366
283
471
9
22
421
172
251
544
47
597
676
41
146
277
246
615
472
377
233
145
571
411
361
428
510
617
339
23
561
523
175
89
538
324
646
20
169
168
564
216
81
396
202
208
191
449
373
609
604
593
376
631
364
92
609
408
138
92
184
296
683
620
10
355
218
419
550
676
464
566
295
226
534
497
7
40
298
416
662
222
630
321
434
70
170
421
61
604
468
256
119
417
135
317
516
157
579
531
593
233
433
201
52
486
185
289
6
555
562
640
434
245
561
554
649
228
671
504
504
135
310
93
161
160
664
21
597
395
216
240
252
235
121
234
611
278
423
59
181
69
354
387
487
376
517
655
471
424
626
27
262
238
269
659
105
467
462
367
37
91
83
251
257
233
379
681
515
348
296
336
417
84
469
517
408
29
488
109
231
497
581
346
434
353
222
209
531
150
614
197
134
641
47
455
186
202
374
357
479
251
305
524
99
567
143
1
101
579
375
37
261
540
132
185
27
191
574
4
150
262
625
670
86
13
665
493
472
237
559
656
620
229
202
547
485
589
442
302
494
415
194
385
24
157
311
123
34
443
315
498
380
330
352
594
687
676
430
499
579
309
526
384
507
37
173
487
669
430
52
492
484
108
121
308
31
246
58
375
574
390
229
628
287
129
276
664
496
431
358
249
81
177
301
202
486
342
422
635
460
136
411
297
211
92
306
346
40
448
189
414
433
396
680
348
273
378
355
77
82
265
17
424
109
318
279
659
543
22
276
424
21
273
175
648
214
113
485
447
2
318
62
294
306
317
445
539
574
394
359
82
526
176
317
652
34
360
492
142
55
99
539
676
407
12
144
201
120
596
66
268
8
6
4
532
672
72
241
95
627
108
375
247
366
608
160
419
96
432
302
24
450
307
509
282
479
301
411
65
692
694
331
347
166
623
560
622
122
538
21
519
139
99
1
625
91
278
207
240
579
11
475
518
618
153
246
470
566
52
670
568
561
178
131
441
663
186
209
301
614
288
283
677
117
440
62
192
458
594
330
636
397
463
406
400
355
129
159
284
323
477
393
371
294
303
117
450
551
212
144
288
69
50
292
382
528
626
504
1
579
235
532
693
531
421
294
537
136
246
537
405
574
585
252
118
391
636
513
601
200
596
190
498
646
483
662
365
277
4
624
620
164
502
272
509
681
103
647
11
401
487
462
468
418
198
614
652
58
639
581
157
256
43
295
577
308
409
394
586
413
450
420
465
323
504
19
372
409
177
138
645
32
14
251
490
651
104
422
311
204
265
201
433
508
398
403
375
507
390
405
150
233
214
452
306
529
616
248
373
574
166
444
676
213
349
189
374
167
187
439
546
351
59
515
508
345
447
367
64
536
355
617
319
489
47
702
463
277
0
141
115
636
350
212
136
535
445
316
36
6
152
7
231
62
70
321
594
363
574
654
693
153
463
614
64
181
231
570
60
395
553
289
415
44
377
140
571
633
37
439
525
67
177
468
72
168
96
304
491
524
533
138
243
653
663
598
413
235
33
20
649
559
43
457
20
576
527
405
697
356
686
183
89
615
64
671
169
210
276
20
592
279
181
507
336
94
441
562
474
692
218
188
596
548
316
124
313
279
230
650
484
556
292
499
602
618
690
416
354
126
36
342
187
316
65
213
387
422
139
76
317
48
611
525
278
492
70
591
419
622
356
462
425
474
151
139
506
531
135
347
203
123
337
80
17
559
540
110
119
707
22
36
401
194
322
46
159
235
683
26
19
703
555
98
570
481
485
458
321
67
371
616
589
681
601
36
230
131
708
211
310
549
545
708
412
611
154
259
137
117
114
330
265
634
590
525
486
656
337
152
348
585
476
520
470
454
91
526
476
499
144
281
189
424
364
5
8
209
185
325
26
318
566
403
567
604
537
391
333
357
386
669
440
38
446
391
309
640
394
373
310
339
667
238
477
450
134
7
207
125
261
664
164
187
219
244
180
378
699
392
174
405
585
105
423
59
478
119
358
63
635
598
551
509
369
478
559
261
129
609
670
241
232
47
480
464
538
37
64
482
231
559
609
213
65
246
623
193
158
300
626
349
185
689
402
155
454
149
504
14
467
709
711
480
37
320
458
416
77
708
639
635
142
550
578
155
54
344
576
501
630
10
524
88
700
212
5
531
613
156
236
466
573
709
131
320
675
266
636
480
599
25
194
234
395
666
47
141
487
10
17
655
317
338
44
570
440
493
370
580
103
646
471
534
186
164
116
276
445
134
483
86
638
632
241
630
34
581
140
95
279
399
699
243
429
106
529
681
182
159
631
484
116
137
311
19
438
402
697
557
166
476
597
476
319
161
554
542
540
665
229
546
347
287
267
412
147
505
635
329
203
97
303
416
695
240
541
158
122
652
85
51
1
409
443
455
509
133
406
5
377
547
611
233
377
373
417
389
529
664
574
564
13
513
89
624
218
341
222
562
552
214
556
90
155
315
330
370
698
666
261
327
250
588
601
364
498
440
572
709
339
174
230
448
28
595
338
404
365
453
85
410
652
567
494
659
574
366
181
552
312
85
82
163
632
164
644
112
352
433
395
38
599
594
210
74
263
123
694
423
595
446
31
287
537
256
482
160
589
408
70
701
609
500
605
486
611
550
156
576
171
362
528
93
161
611
97
300
151
31
536
115
175
214
76
355
162
651
134
546
420
423
435
291
501
129
237
492
553
285
243
655
160
469
128
611
463
276
37
82
218
350
178
553
73
286
95
238
547
385
485
154
343
216
262
22
191
451
697
173
130
363
106
655
171
4
689
514
437
345
340
498
435
511
554
633
619
219
30
205
304
210
72
701
156
321
494
371
614
482
169
335
141
150
178
658
370
99
682
533
235
393
110
674
606
725
525
382
527
655
691
700
544
464
529
58
568
343
79
183
63
503
414
478
341
14
336
12
485
365
443
6
384
645
475
326
23
687
546
482
540
421
50
595
282
318
491
640
569
371
164
98
697
261
624
308
395
201
109
59
350
321
577
244
687
514
375
181
379
532
407
438
140
645
249
487
296
52
433
105
251
224
615
149
355
726
173
150
170
411
514
561
262
585
8
652
282
57
312
17
0
245
17
631
152
424
230
224
62
648
522
198
482
267
463
604
472
452
227
26
430
475
638
393
361
713
131
52
76
37
696
121
468
385
305
131
676
546
68
554
377
362
484
166
1
584
554
365
265
179
164
446
29
468
351
422
337
453
485
149
73
177
278
658
257
728
657
594
182
378
227
194
12
458
367
174
101
65
450
425
626
232
572
697
505
1
718
648
125
28
338
113
346
467
18
138
676
437
720
508
384
393
332
166
689
385
592
597
449
15
370
470
13
325
298
57
279
196
368
627
433
632
209
117
5
544
630
239
273
165
229
518
201
168
426
710
733
450
462
137
698
376
504
610
605
637
271
335
63
222
509
204
195
236
12
328
565
20
211
247
95
238
622
626
212
692
494
267
149
175
471
416
458
279
111
660
32
733
272
554
521
308
668
62
555
363
473
403
212
162
482
22
245
434
475
399
308
183
53
317
621
350
303
613
363
606
733
428
374
306
239
171
143
511
28
605
57
510
365
276
618
624
646
22
37
148
674
521
420
591
715
169
534
333
494
62
307
11
735
726
159
183
211
289
558
378
326
339
354
347
344
18
649
329
87
252
385
367
290
5
378
346
600
195
682
596
393
715
255
107
689
507
670
201
211
6
38
588
633
654
365
455
503
140
626
272
699
704
258
399
229
149
216
220
16
503
2
689
594
145
720
11
224
644
564
585
728
299
174
22
603
351
352
428
28
65
719
738
663
290
272
503
569
98
390
171
620
9
235
359
263
422
344
162
381
598
682
155
19
375
470
114
641
683
335
635
717
121
528
739
492
548
64
485
721
97
617
714
286
4
571
118
149
646
195
348
206
155
319
689
560
267
173
3
31
436
545
400
162
469
174
589
86
605
159
92
291
596
589
413
517
299
576
285
67
410
587
338
234
448
592
330
705
642
410
309
538
674
357
241
436
254
625
131
5
622
631
370
181
429
694
335
540
305
483
411
307
442
423
4
406
685
432
615
108
643
730
128
180
163
103
78
570
528
440
280
60
144
376
662
96
736
247
604
359
367
631
355
228
474
559
497
197
551
126
363
678
379
456
26
199
42
307
67
609
464
225
610
514
454
348
721
291
498
119
614
607
58
508
363
259
39
24
90
724
157
531
243
702
391
499
309
145
310
679
164
719
308
218
592
704
348
669
489
72
490
340
29
715
60
181
380
738
500
124
493
286
341
276
646
312
436
492
634
731
340
48
166
321
477
319
551
369
457
55
569
405
192
233
279
551
482
606
409
221
395
625
154
384
94
90
158
658
352
125
109
303
494
475
336
703
304
358
436
48
204
178
240
628
517
704
108
490
46
279
507
42
682
83
83
562
749
427
163
468
552
401
357
110
564
457
576
269
240
179
737
122
290
107
172
574
546
696
121
744
577
129
415
626
375
362
220
45
241
343
689
187
131
37
147
264
443
92
95
711
406
493
60
268
230
129
366
65
683
474
747
36
166
619
160
147
333
668
327
400
177
728
701
544
567
186
71
79
226
660
463
142
361
7
252
340
278
57
245
131
121
581
514
467
518
515
186
323
182
49
465
517
119
151
687
559
356
705
678
65
373
335
461
406
80
680
300
53
3
739
71
635
484
318
396
450
306
633
740
684
175
331
343
77
341
637
196
564
109
117
289
560
611
117
244
575
183
10
50
123
81
680
54
125
677
659
593
301
210
396
425
588
477
546
484
742
517
605
557
85
323
738
298
201
513
382
351
708
432
248
645
526
95
43
553
610
722
252
490
11
177
221
433
75
398
606
210
472
327
184
759
686
740
176
123
531
450
658
743
488
404
44
565
441
495
175
27
554
658
460
553
572
482
264
676
603
39
439
194
315
8
463
653
431
739
205
184
374
204
629
326
228
458
679
42
97
216
130
745
575
544
364
67
383
80
335
184
677
2
305
620
569
215
726
450
258
402
75
434
91
426
534
333
197
537
598
443
104
699
529
261
353
538
3
417
713
565
662
658
345
542
146
109
467
20
464
2
486
754
201
691
532
162
99
752
612
737
607
381
334
687
683
671
355
682
385
303
549
383
94
120
664
396
350
498
83
622
148
242
190
724
502
388
686
590
757
696
167
165
386
671
1
297
471
406
646
407
536
199
574
175
529
182
105
491
130
40
679
633
724
158
417
342
20
467
120
643
502
599
455
486
512
720
562
225
298
606
30
106
460
708
729
340
245
719
8
581
348
622
169
715
565
744
95
218
353
766
331
444
656
537
606
676
681
59
582
757
411
67
11
729
696
588
427
35
552
604
96
426
402
529
441
726
678
130
581
616
267
6
649
591
454
706
410
359
745
132
61
468
194
720
81
58
288
76
86
522
360
391
652
585
657
709
553
27
277
235
109
440
640
369
425
473
757
220
751
132
45
494
9
439
686
388
691
54
159
31
223
233
80
700
430
543
374
13
741
170
417
373
121
410
673
209
342
131
102
463
393
231
449
722
645
747
587
372
479
513
663
241
524
659
545
664
750
441
454
142
215
434
698
373
378
488
168
416
674
434
196
338
5
466
771
554
732
391
138
740
364
303
378
758
774
636
467
301
414
546
205
306
144
268
339
254
17
364
183
161
20
652
717
130
609
525
157
223
464
526
251
684
633
699
293
72
600
186
598
660
570
743
616
176
498
135
359
210
608
637
507
113
415
660
496
188
195
324
608
136
495
690
65
526
580
126
497
174
113
228
301
556
54
175
421
23
640
37
420
594
423
41
646
675
73
176
635
342
139
616
26
328
382
729
272
46
198
750
292
671
730
324
416
130
271
100
338
526
357
613
377
420
387
415
520
474
513
463
328
238
545
458
165
451
588
692
417
254
491
232
59
642
118
191
575
343
384
232
295
674
421
454
20
6
644
715
612
518
461
45
470
607
139
91
675
636
739
194
95
84
77
81
776
145
562
672
351
149
306
413
475
379
345
336
237
441
66
546
347
695
109
265
626
182
466
163
546
36
54
259
279
194
93
155
319
616
204
466
645
648
589
688
571
280
553
577
680
491
109
24
455
113
221
75
755
433
6
258
711
199
38
181
695
165
170
656
338
24
756
307
35
536
295
433
761
228
670
606
439
266
334
659
624
410
77
340
104
166
463
612
445
696
486
71
125
471
436
767
624
759
23
382
670
249
665
619
79
382
749
597
251
731
127
142
118
31
572
548
151
557
638
246
474
623
344
89
635
483
742
438
462
422
786
289
239
725
657
163
312
42
60
115
367
761
588
551
370
46
603
671
702
550
96
422
15
626
611
688
66
439
64
178
755
80
320
534
772
364
752
733
248
1
587
681
693
623
407
663
327
404
715
501
706
37
402
110
42
160
659
601
252
580
638
742
311
584
546
617
4
461
670
69
659
49
496
648
500
457
291
316
722
463
709
665
540
433
599
387
785
678
251
59
487
187
146
82
413
221
394
508
193
418
312
742
245
201
427
12
80
170
716
9
222
475
30
204
731
672
336
379
275
87
134
262
355
33
610
738
106
558
359
616
443
530
136
380
327
415
164
93
231
375
532
677
200
169
731
607
175
487
725
528
690
749
468
374
471
562
340
328
316
91
393
407
703
769
523
221
219
258
379
450
261
442
573
788
84
723
18
521
278
23
113
490
89
671
533
482
724
701
240
154
146
539
171
379
188
258
61
137
527
610
667
355
149
43
29
695
773
643
245
150
361
623
570
106
607
328
793
81
686
112
516
83
41
312
446
499
762
71
432
505
563
591
737
620
105
238
757
686
40
695
424
275
399
277
133
13
541
324
207
743
17
341
451
331
157
355
256
215
360
522
289
682
798
605
118
497
207
515
503
777
217
620
72
697
267
687
766
757
508
620
317
755
756
211
796
544
671
343
92
609
458
27
116
516
345
263
503
509
412
482
448
727
282
404
563
389
463
663
270
236
223
269
275
551
682
595
319
239
551
69
238
8
403
119
555
542
554
166
229
789
691
161
182
631
525
732
605
1
29
500
331
34
244
758
417
126
495
735
275
805
642
45
117
351
566
353
323
794
300
780
223
32
281
614
674
219
514
545
747
715
805
214
252
374
44
156
710
63
647
805
171
193
440
552
801
223
180
6
293
794
346
748
88
476
697
172
130
803
258
781
637
32
17
748
377
161
669
71
561
637
279
627
44
592
330
18
768
516
750
340
600
426
444
71
237
493
256
514
424
558
784
473
48
143
767
25
753
653
587
689
500
158
714
283
178
759
720
591
467
749
800
192
439
284
681
192
68
71
119
787
238
167
479
48
762
805
267
353
373
113
736
495
119
364
126
701
675
95
23
793
15
224
785
625
442
550
206
416
228
598
55
688
455
594
438
137
46
134
358
18
532
655
320
309
577
63
208
686
422
121
222
371
6
521
208
728
179
527
128
684
56
108
799
470
643
173
163
576
288
404
84
748
720
446
721
12
497
170
629
361
162
589
631
46
134
409
52
749
537
491
651
438
324
138
783
813
594
105
522
87
233
640
650
207
191
30
37
285
298
654
376
167
616
452
220
10
563
310
230
450
707
809
472
674
71
791
579
153
658
749
47
141
661
199
483
610
561
255
43
148
708
733
368
576
760
102
787
517
37
487
706
417
667
805
204
100
220
258
809
337
285
565
624
541
274
753
432
523
610
575
239
177
610
692
171
516
594
255
499
749
368
728
598
774
134
167
524
201
599
449
515
386
787
800
286
707
691
42
652
533
765
398
183
165
265
40
176
633
151
680
229
38
693
816
92
238
69
510
469
500
373
601
179
747
644
636
734
19
637
29
273
246
230
21
433
604
302
527
651
660
605
342
626
653
518
503
319
146
801
613
287
663
440
483
182
683
795
227
330
252
93
598
252
84
525
811
729
435
354
83
89
411
608
102
557
232
288
16
52
549
352
551
471
704
148
653
15
103
762
398
192
447
564
172
786
253
316
41
323
192
360
759
496
220
201
217
371
274
739
825
50
751
630
561
363
602
810
450
481
418
672
472
371
475
238
29
411
275
43
546
31
553
761
323
466
268
352
97
389
820
677
152
392
288
584
535
179
208
387
349
90
588
33
117
625
325
603
620
652
217
822
245
438
505
493
561
230
713
823
51
61
156
274
358
309
407
256
552
607
648
601
451
598
94
511
323
429
556
767
517
401
196
534
228
775
468
56
221
173
97
408
351
193
549
302
724
568
421
610
584
325
30
570
202
743
768
258
823
384
588
88
569
414
136
13
818
557
226
655
346
434
262
716
226
209
58
296
35
623
547
535
692
354
215
347
67
706
488
493
694
504
0
164
343
129
469
305
754
75
380
532
691
498
147
797
566
648
559
816
418
300
340
3
547
698
806
260
368
462
551
403
360
778
479
502
283
530
279
485
691
587
39
448
615
68
560
189
471
276
623
142
209
41
563
137
4
692
356
829
593
476
457
520
79
449
103
1
739
14
255
239
676
342
233
193
477
649
205
284
180
312
146
405
616
196
568
603
137
328
322
125
683
768
511
742
778
209
92
132
643
15
431
501
682
755
725
429
40
190
553
610
74
690
722
536
531
489
73
442
444
827
390
838
282
510
448
122
555
493
386
2
752
741
645
535
19
22
436
437
296
260
607
62
42
255
181
721
739
468
731
181
489
198
748
790
696
580
197
113
443
476
122
790
156
257
368
164
51
146
535
714
770
308
153
496
514
0
277
765
616
518
180
494
703
8
568
598
630
299
785
17
779
274
295
652
278
203
516
714
450
615
0
40
37
769
284
51
53
689
752
557
685
447
239
760
127
216
493
595
136
595
688
366
657
437
21
435
354
0
280
504
642
463
537
428
773
336
475
685
645
119
257
254
704
726
715
618
654
230
559
335
261
277
628
286
2
16
703
422
841
614
696
187
35
659
645
429
820
138
564
417
391
182
558
630
552
199
330
221
730
178
734
183
591
122
765
92
47
248
145
389
618
658
365
513
462
819
799
63
586
142
103
317
327
402
283
838
538
302
515
54
410
325
231
437
601
342
835
522
737
78
429
266
758
818
620
475
87
27
20
643
655
518
105
318
630
627
114
735
428
344
165
460
715
258
563
673
464
838
205
335
782
587
651
762
239
364
662
709
340
259
450
634
486
113
3
86
660
565
553
110
105
684
465
256
626
202
709
571
145
10
26
245
17
461
418
93
557
301
800
639
163
488
14
731
18
414
80
469
242
187
368
402
483
411
278
157
133
559
732
330
722
95
38
448
161
663
405
190
160
118
523
846
45
630
332
76
532
553
773
94
516
241
527
497
746
19
669
793
843
71
340
615
88
601
343
203
146
124
723
545
790
333
660
375
775
862
152
749
87
185
252
482
196
71
513
504
641
258
574
178
88
154
718
381
783
703
434
291
214
151
3
849
505
799
372
500
843
355
361
760
402
635
778
469
848
163
493
363
728
435
833
430
187
726
232
67
820
108
279
735
509
541
716
636
144
360
866
486
63
99
520
460
363
839
780
11
343
334
257
235
680
687
803
251
577
308
555
427
598
12
72
473
138
153
200
94
733
864
25
569
654
407
302
652
482
472
456
804
425
291
866
185
554
423
857
676
487
620
129
727
332
65
234
286
666
178
467
412
259
32
388
318
749
315
437
101
421
374
478
584
440
656
316
736
98
547
618
335
653
544
19
615
145
347
872
433
815
757
113
99
308
469
52
472
655
190
685
796
690
675
298
786
532
858
759
526
747
699
406
50
3
9
644
355
40
663
800
637
405
194
462
333
134
741
98
629
345
388
714
805
124
561
541
558
184
691
546
499
81
22
580
190
425
28
657
579
585
518
106
118
76
716
581
559
302
192
664
419
29
71
43
135
574
116
127
106
683
535
861
402
182
121
695
98
613
173
132
678
566
12
767
637
552
63
528
98
840
408
97
64
245
453
747
601
125
824
669
624
639
4
657
153
198
472
815
605
562
557
54
409
434
639
839
813
454
496
62
841
261
591
214
323
164
11
834
661
137
723
653
638
154
730
242
871
759
233
316
132
264
869
557
310
8
113
310
595
441
301
608
665
532
162
184
16
635
45
657
408
770
123
613
881
304
367
428
452
705
572
861
698
656
202
445
658
300
627
416
286
201
478
100
137
860
1
868
348
290
677
48
494
320
555
88
380
374
823
380
757
428
89
786
343
825
382
376
619
395
332
276
715
20
700
621
24
541
7
292
655
330
445
146
387
605
700
13
258
881
435
745
564
27
439
448
677
11
40
764
210
388
526
456
646
32
677
602
312
386
247
411
442
302
269
870
163
79
607
116
589
374
682
548
191
878
32
739
542
326
395
380
62
463
218
546
311
753
433
596
851
33
777
322
472
637
559
443
149
523
528
487
12
597
241
33
351
671
862
619
432
685
149
604
482
380
261
879
63
427
500
745
881
447
394
333
762
436
50
846
537
822
891
259
198
894
87
58
580
373
213
356
106
377
122
642
411
556
709
279
665
202
192
226
242
4
421
451
151
498
610
513
372
92
581
626
762
840
322
212
339
180
638
652
239
144
304
394
647
393
320
175
828
612
40
128
66
885
619
235
535
181
541
547
557
322
765
836
99
330
566
295
65
893
368
838
637
477
701
819
776
388
69
653
779
628
874
523
663
15
389
100
648
770
405
364
817
43
8
264
435
529
500
847
540
308
636
182
334
619
673
376
424
584
624
441
479
10
884
727
519
689
153
674
112
487
110
21
670
470
189
119
3
108
504
251
861
621
462
509
154
579
648
791
286
523
639
768
285
609
242
701
401
383
741
889
892
689
242
414
178
498
397
154
45
378
607
382
705
66
499
198
282
315
154
498
826
379
363
679
33
43
827
896
644
900
60
614
599
2
218
183
719
349
211
470
789
76
101
284
733
777
430
808
264
278
608
68
776
635
648
37
442
282
707
214
769
729
470
160
657
31
59
327
368
399
857
675
673
480
555
809
76
465
319
342
90
216
205
583
371
525
458
98
861
109
504
403
123
580
858
401
790
298
142
820
767
371
413
412
664
804
129
614
467
13
274
83
908
18
367
290
712
849
229
740
333
85
523
259
481
459
782
301
643
636
414
310
635
609
829
588
850
904
539
346
12
293
436
550
598
701
426
579
455
171
302
138
503
853
763
25
331
753
42
134
259
614
2
214
779
533
30
313
766
573
908
226
409
80
106
357
792
42
89
761
583
73
125
476
806
634
414
250
323
551
335
415
78
919
79
853
271
370
178
793
252
900
793
123
422
171
540
850
188
345
61
166
570
7
581
526
698
638
462
226
178
104
521
695
643
488
890
102
246
784
802
628
907
783
560
359
530
35
689
460
463
724
231
475
845
859
524
657
503
464
195
378
826
523
256
812
183
808
724
162
97
80
628
918
605
94
49
508
789
263
446
532
292
609
167
346
59
109
705
441
199
35
18
705
459
134
444
557
228
96
75
104
823
4
489
414
651
491
916
714
323
132
797
856
22
461
111
591
566
198
368
105
823
720
97
759
610
195
457
181
824
137
734
110
253
496
282
702
539
74
639
28
537
746
322
818
377
757
564
82
660
473
903
131
681
827
602
420
353
566
271
423
294
481
733
311
751
810
68
208
181
180
126
314
713
203
637
598
827
933
30
809
599
855
857
153
54
844
930
349
756
561
764
531
782
241
734
255
193
612
860
740
271
274
903
465
181
627
887
330
382
900
544
630
233
351
59
199
739
612
400
688
75
288
409
405
283
245
666
320
846
667
751
399
836
118
574
850
734
856
820
64
653
617
498
764
594
829
542
460
87
736
590
571
371
837
738
257
219
510
156
604
782
455
60
682
407
92
109
590
805
136
700
328
251
280
384
905
284
420
533
822
942
188
528
384
144
242
526
156
230
199
669
902
537
321
396
114
74
528
837
533
119
800
820
632
427
229
689
390
266
142
412
541
517
104
873
534
489
374
319
493
903
134
135
641
389
87
3
843
533
261
765
329
896
2
641
280
497
533
674
257
429
735
378
311
567
911
109
630
433
395
643
309
255
926
288
578
472
393
363
204
74
785
474
12
61
233
384
339
326
474
518
172
549
438
946
794
264
578
637
139
418
900
777
938
404
385
591
548
244
177
796
30
900
360
713
240
437
461
603
833
907
438
104
42
307
739
479
229
817
709
585
863
805
594
287
802
795
784
416
818
14
119
204
882
826
691
665
547
108
98
138
68
143
191
346
804
86
941
19
673
532
644
644
528
167
181
397
685
621
644
594
186
593
335
775
444
540
790
315
488
473
240
496
468
629
11
0
120
724
623
100
631
599
165
168
532
834
516
627
450
896
810
90
209
160
159
456
80
353
528
673
125
831
503
725
651
500
834
692
261
650
365
66
61
125
37
486
789
865
878
888
907
623
409
528
786
332
247
767
698
874
60
263
364
247
760
529
169
98
543
757
208
884
604
103
115
99
163
825
385
199
878
359
927
590
612
113
551
806
413
533
616
329
614
66
581
269
204
479
361
473
463
608
296
613
881
461
71
212
887
626
306
302
95
901
876
853
150
36
951
267
329
224
232
461
425
351
369
122
547
644
843
486
905
752
147
128
330
71
507
62
532
240
126
641
505
531
933
14
581
306
226
709
182
743
652
765
92
700
840
331
89
737
250
266
130
276
909
832
713
933
739
898
100
680
365
630
666
174
362
103
131
594
508
956
107
915
407
708
241
219
279
644
541
932
783
754
626
910
344
221
941
760
841
79
694
797
201
456
726
665
290
702
604
900
125
247
307
92
822
266
684
628
676
209
396
71
439
122
642
542
148
233
202
362
373
208
652
538
77
190
808
608
790
704
188
752
638
255
644
74
959
128
384
325
746
386
478
140
349
24
142
499
287
124
321
684
834
787
933
580
551
18
21
186
141
270
434
745
67
299
255
646
766
224
243
76
761
27
828
978
573
202
928
480
585
791
385
649
556
415
967
260
799
797
566
947
865
638
768
255
794
234
2
452
482
857
421
370
922
214
699
496
893
541
901
672
82
818
296
309
169
789
883
550
741
804
474
969
666
566
276
893
873
762
733
533
310
124
801
950
302
484
276
891
386
337
598
116
129
264
74
617
937
511
418
715
810
352
824
336
257
267
490
975
237
506
797
810
316
650
694
380
632
323
625
665
979
575
295
835
140
534
464
538
199
494
573
359
702
154
508
599
829
852
506
321
492
550
27
259
31
941
710
353
87
348
519
263
484
686
217
25
888
395
223
62
750
996
939
150
967
56
590
678
446
479
958
525
601
301
22
876
570
235
293
341
621
563
265
782
246
171
495
531
584
405
806
92
471
880
489
356
956
679
748
900
155
813
196
790
727
488
996
574
10
428
24
38
82
422
760
700
348
594
29
319
13
820
280
970
838
441
168
819
419
966
844
477
767
380
148
436
851
274
744
424
974
435
309
246
468
969
611
651
859
817
541
289
592
207
129
359
163
748
372
396
282
502
659
837
418
710
934
431
419
242
83
747
400
104
538
323
975
501
277
946
73
580
513
403
379
580
86
685
845
730
465
816
357
498
947
267
667
819
521
995
351
815
812
665
826
762
291
193
735
461
508
891
866
967
27
703
543
914
806
129
431
431
103
486
503
400
654
194
816
244
27
784
136
917
515
218
869
467
1004
930
53
1002
715
760
323
76
575
717
360
527
193
440
317
524
146
413
982
143
619
796
746
483
930
918
400
882
421
51
213
743
818
125
762
551
370
80
145
353
856
882
372
29
965
564
437
81
203
258
535
220
891
343
928
340
434
762
130
851
653
938
964
819
908
961
350
817
373
849
674
336
770
739
813
862
435
249
530
530
316
262
388
354
860
148
456
442
407
907
344
846
931
20
763
672
770
969
221
174
557
422
1001
836
662
81
83
875
201
849
860
262
539
424
289
584
96
208
743
1015
917
941
884
219
514
12
878
126
949
429
400
768
956
913
196
631
891
568
308
499
984
810
522
246
558
588
169
755
675
529
691
579
515
498
442
396
114
882
667
940
255
1023
113
576
793
321
749
617
445
287
147
69
49
887
467
588
8
972
288
2
668
960
784
154
874
206
289
964
183
537
754
670
612
230
270
522
539
1000
274
346
762
277
710
701
653
945
851
766
861
740
177
714
936
86
604
871
813
990
60
166
784
704
906
290
54
396
603
482
801
249
645
892
270
695
29
862
490
384
1031
768
70
254
950
681
659
475
824
821
754
1035
899
407
81
977
276
556
712
424
740
133
634
332
692
471
457
456
25
961
208
193
518
831
336
268
962
151
614
68
964
816
617
627
439
54
760
224
573
1039
429
868
642
329
827
221
403
137
299
638
922
1009
687
559
190
951
989
370
542
421
972
463
245
497
782
656
718
982
526
303
333
507
1004
766
310
993
529
408
926
1003
263
360
62
762
720
256
657
87
569
290
545
713
415
233
202
194
31
672
927
110
31
906
744
621
930
351
540
302
754
545
942
1028
963
583
310
1007
579
526
536
996
733
794
492
518
917
455
745
181
748
251
862
144
491
284
19
817
316
848
462
1021
205
597
108
244
713
285
115
519
616
367
947
249
699
191
162
272
389
420
932
747
735
213
1044
402
23
687
122
491
72
1016
720
593
1043
22
452
1031
344
375
772
189
931
926
577
780
835
478
423
1007
850
455
934
246
1005
758
513
623
141
682
724
645
996
935
690
100
166
737
688
241
800
545
496
377
465
111
504
1050
987
181
660
1039
584
624
955
47
1036
160
1040
109
742
943
87
901
780
736
65
321
899
793
982
245
362
1003
127
151
867
735
294
457
292
1016
1030
691
72
626
199
1044
373
793
493
77
134
418
503
328
658
292
164
712
444
969
316
513
848
167
1015
766
1067
292
258
327
892
712
486
12
94
619
438
476
513
193
533
660
280
739
997
1042
634
763
70
408
181
539
393
636
560
358
278
271
152
928
971
176
109
958
248
638
942
818
147
409
878
535
36
608
311
437
874
427
75
584
437
231
897
306
1055
649
49
170
498
683
616
754
927
1053
368
608
917
841
182
308
535
873
579
1047
56
921
1058
160
659
712
943
509
537
1009
251
862
45
506
887
1034
100
159
547
38
633
611
278
452
895
421
1027
363
169
920
603
1053
821
537
599
678
211
785
118
55
503
204
418
1007
308
174
500
793
374
905
419
851
110
515
242
68
111
105
115
1067
561
985
275
887
125
665
615
813
202
234
928
87
518
406
304
922
222
721
1018
915
397
549
411
1003
1071
53
624
306
26
647
702
464
944
671
1084
735
187
17
630
1067
969
656
8
126
59
906
259
406
47
363
833
314
793
30
762
300
362
550
1078
612
157
114
331
812
906
281
504
1089
913
412
631
384
1038
155
868
902
487
625
1014
1089
268
941
604
451
152
61
182
755
1070
306
280
551
467
973
887
573
383
561
996
89
642
585
369
625
454
38
683
507
561
18
746
7
575
891
91
765
741
531
1065
585
889
781
48
525
278
718
642
131
657
716
763
125
671
471
311
15
163
811
405
586
821
850
260
889
800
511
30
230
378
1021
915
135
198
351
777
142
818
307
1079
336
261
406
340
883
461
349
434
323
365
380
110
621
882
343
1071
22
220
510
600
506
596
737
1096
214
749
960
1009
421
233
49
412
562
774
1068
803
704
855
430
822
31
904
372
400
736
406
558
397
594
497
1074
468
792
849
198
445
911
463
424
930
545
585
551
335
560
70
871
100
1034
873
958
376
317
465
861
942
414
146
993
431
857
583
327
525
880
545
704
818
447
755
299
774
305
276
60
451
408
1001
399
188
1038
272
272
323
591
670
94
826
994
235
1013
663
514
812
876
950
48
710
810
110
622
241
374
401
551
1032
100
1097
1087
227
372
1029
974
645
969
1114
862
603
819
727
1041
47
175
726
483
440
313
1114
415
367
605
967
1112
845
907
505
290
881
836
264
994
1002
381
407
860
342
151
540
810
341
56
1018
210
315
445
69
715
104
921
52
492
178
818
876
701
795
1118
838
727
362
946
41
995
355
230
572
856
343
724
413
28
3
698
646
1078
471
610
736
101
977
288
251
489
801
929
884
962
874
910
833
158
896
205
927
712
490
671
386
1052
662
224
11
587
78
770
465
766
974
334
245
510
1084
1035
546
899
809
230
232
233
388
279
780
538
426
291
157
228
190
305
307
921
927
844
847
1089
203
323
1120
30
921
1028
19
1064
808
1005
815
1087
69
910
174
1119
638
962
790
189
494
444
59
152
102
898
605
448
830
243
1105
175
103
373
752
452
78
897
691
951
687
34
728
822
482
487
1102
784
260
181
544
754
634
1010
53
591
305
1051
75
981
131
872
188
716
934
178
76
904
86
931
289
871
829
555
383
668
1116
1141
1029
956
627
913
31
1024
317
962
227
837
375
1110
219
1011
723
516
953
145
748
665
203
182
377
954
861
157
90
801
310
862
398
169
262
313
990
1113
1050
697
413
201
1003
227
124
458
961
632
748
705
803
848
50
989
263
281
808
965
539
686
310
1149
558
279
562
1047
334
98
1018
418
634
1005
1130
405
264
528
1119
1073
887
1071
587
232
210
128
240
163
605
949
831
394
452
918
977
347
272
1067
1072
680
437
458
5
115
652
900
822
648
92
485
940
500
252
743
123
916
294
569
1083
722
927
1024
739
529
712
477
921
267
422
144
117
717
605
202
252
148
593
781
415
85
1017
793
140
111
969
641
664
368
834
909
849
371
77
85
1153
315
1092
955
951
200
1115
602
398
23
1071
690
605
628
889
176
609
617
1129
471
1158
1070
1123
598
1105
679
159
351
484
1084
122
796
103
771
507
904
168
914
242
370
975
498
851
778
903
68
310
125
642
327
899
118
441
72
351
835
545
224
1065
188
1141
244
879
731
117
786
307
1066
148
56
37
835
555
646
512
1151
917
1087
202
273
643
275
1071
1023
757
1165
454
197
975
224
526
930
396
355
1070
911
204
462
1015
1123
339
1082
590
858
1078
537
386
669
563
182
810
62
949
1103
830
408
863
150
743
774
630
462
787
107
468
177
808
419
850
1046
402
729
942
914
1114
342
510
59
63
868
116
1057
1085
807
732
676
1101
491
571
77
352
747
733
93
999
316
738
384
800
880
418
112
1112
673
999
1176
512
374
1128
1068
318
1047
745
37
685
1047
995
18
259
1160
808
433
160
1160
334
486
428
52
1071
522
1010
249
724
1181
158
299
646
631
756
648
748
435
778
530
966
593
271
1076
949
111
968
601
412
1185
565
806
598
1205
793
1106
80
127
33
665
508
953
624
1114
1144
774
794
810
923
838
1198
1147
539
510
808
1140
989
716
237
780
597
138
363
261
1017
500
371
1038
465
422
262
483
822
682
339
1162
1132
143
90
1016
948
266
647
971
319
795
975
736
498
1144
1052
965
684
22
1200
557
1097
308
475
972
889
419
145
218
317
858
452
1060
5
837
1217
7
1110
862
753
669
204
887
259
811
804
719
232
460
267
135
544
213
851
321
535
1206
1162
7
970
466
500
964
416
833
598
605
615
553
1175
1173
1092
642
1162
989
189
1146
138
119
119
54
664
166
92
420
29
336
832
55
763
151
218
102
640
318
985
437
383
517
321
617
407
748
888
1050
312
184
430
1205
983
168
287
658
661
569
871
1141
914
1228
1063
667
504
858
18
72
381
513
989
562
479
424
827
96
818
590
906
824
567
755
972
6
154
116
439
308
1145
776
872
258
116
30
1167
802
1230
1243
627
270
1174
428
554
418
1202
219
312
392
1178
809
94
282
715
784
224
188
915
591
1223
1199
804
1020
1194
1025
310
1220
9
155
111
783
1110
290
1194
82
1060
922
784
225
470
818
1009
7
50
706
260
1054
734
19
497
603
735
216
1251
415
43
1008
18
762
375
782
756
652
1117
943
787
321
962
930
434
537
542
265
542
970
186
651
267
979
62
1074
424
932
223
457
699
415
1087
1100
1029
602
272
1213
1254
1021
256
651
590
121
978
710
1026
528
213
374
1127
633
664
106
717
120
1144
481
1060
762
1100
1261
547
145
614
90
339
289
1242
815
129
825
591
644
775
109
369
113
448
324
1197
652
394
121
1099
589
890
836
1012
1220
678
604
1165
621
82
1162
395
1113
1005
559
1100
252
403
162
1218
576
166
1230
1082
645
1067
653
1143
1232
1259
893
840
110
1069
97
740
603
484
1256
1186
190
1193
1271
285
1114
1023
365
674
288
186
849
43
285
160
55
919
825
636
88
1084
513
547
402
835
665
1232
109
628
754
526
1133
528
450
708
493
969
1071
880
423
1269
1255
327
1102
544
231
298
959
459
1146
470
1251
626
498
1016
798
1037
257
261
480
350
192
176
266
1242
1268
688
35
199
718
429
934
13
1101
1076
693
327
1034
1044
749
829
55
1038
51
12
998
1125
576
153
301
854
808
1266
745
156
62
568
1149
1037
456
687
485
596
206
28
413
1296
1195
1068
675
132
608
488
394
1250
548
1054
844
91
1186
651
1144
338
803
1248
1070
66
749
65
1304
314
472
151
1277
473
372
24
208
413
623
1292
782
702
29
474
712
1271
392
1055
517
690
504
272
1178
889
35
948
1186
1046
1224
1046
406
299
919
140
701
1248
382
531
40
1028
826
1293
817
619
1164
976
774
486
1277
1145
351
1221
666
636
728
904
110
84
244
388
133
1078
897
713
94
813
785
1200
644
809
684
130
1151
531
608
405
107
898
813
473
867
379
63
1304
714
1272
754
397
1179
830
1147
9
1272
11
734
975
168
153
209
1132
185
547
1252
1049
1158
22
987
645
942
522
1319
981
1173
54
522
324
917
830
1132
972
25
597
937
191
375
154
1234
889
944
118
1282
44
686
828
136
515
1166
604
1145
987
145
539
951
913
312
1065
1191
1073
1278
401
166
336
197
772
226
444
944
368
1259
1219
586
487
245
1228
1039
1127
1263
1072
232
744
271
841
1235
1137
933
502
900
767
799
248
788
1247
587
683
769
450
955
653
863
763
1137
670
420
906
1230
761
572
914
379
527
956
546
729
696
33
1104
197
1046
890
939
944
66
420
102
798
453
148
244
130
1178
187
1080
1153
953
1058
247
1310
378
570
283
1226
1317
536
1215
1283
275
359
957
537
696
365
396
108
1282
470
816
678
1004
1320
32
1073
1293
8
274
1301
1034
855
894
1157
631
414
205
1190
1346
1314
520
564
1286
1256
724
518
823
231
73
722
1288
1135
407
341
352
920
154
542
1261
1053
359
65
667
248
1303
144
843
773
1109
1069
545
445
1241
124
353
388
1115
414
421
184
800
1284
859
393
425
765
787
655
636
237
463
29
727
1171
909
1218
475
882
408
125
1238
1042
439
456
702
655
795
1323
414
124
547
317
692
1020
1158
1066
1138
1051
1002
403
368
629
1124
1097
407
662
1347
1071
902
97
1049
1137
567
1331
330
1098
208
1158
1254
728
1323
1026
974
17
873
1363
611
783
35
148
801
276
678
485
1054
266
1128
869
356
835
31
291
519
1377
982
572
548
1225
61
765
1151
188
1300
361
790
748
927
428
494
861
577
48
1093
740
576
896
881
342
1390
179
985
223
168
988
591
99
64
1265
936
1215
376
1135
60
457
1000
1372
732
785
702
327
60
777
904
948
156
693
1346
1144
1048
321
378
777
838
340
1089
120
266
12
910
164
1000
185
715
956
455
333
34
37
1137
681
292
624
790
226
684
1013
241
902
1329
31
830
691
339
1027
195
1182
654
1017
1347
921
691
336
185
1298
661
1094
1361
989
687
235
610
1309
841
53
74
446
386
184
587
505
158
1314
277
452
503
734
362
1076
497
1371
251
661
679
436
716
67
673
922
1364
366
1376
1230
752
11
418
146
826
733
168
651
753
700
529
169
897
1171
526
993
1053
1000
979
719
51
496
1101
1371
839
1220
923
1230
479
146
759
1051
1256
912
1289
122
744
1297
1249
890
278
194
847
170
273
1432
155
358
1419
1102
49
514
7
1343
475
917
1025
541
620
478
752
895
1406
466
827
857
1021
1117
189
50
958
724
576
472
530
759
838
1033
1258
176
757
983
487
779
887
1187
420
852
1181
30
94
940
1261
936
1397
1116
302
439
1380
182
1201
491
1201
1155
308
1365
172
1181
1290
1047
989
519
104
1207
570
821
479
1179
233
901
355
1461
782
802
1108
417
568
618
1049
475
761
522
1061
791
990
512
143
1343
1359
537
375
1061
1
793
1382
988
1366
996
1284
466
944
0
265
662
1200
1415
1401
591
389
644
1356
1241
136
761
322
49
1468
1313
604
495
1011
595
525
429
135
342
46
1107
79
1404
1117
1233
136
1091
1240
831
1097
1283
994
1116
181
1179
774
883
101
34
371
879
783
60
1197
1202
1424
866
1011
1248
1010
1399
584
677
438
781
830
851
1389
494
392
121
435
13
966
692
40
1130
541
856
778
677
428
167
749
1235
1256
422
1482
436
1177
1130
985
940
54
1396
1206
163
716
930
758
1403
401
563
300
509
752
1284
289
1450
166
298
730
926
218
905
1218
151
220
739
1116
566
78
1027
752
1318
288
216
395
778
35
1080
1362
1292
1379
1168
203
652
810
1446
1309
221
619
54
1261
1123
755
1408
1436
1507
888
1088
76
532
147
141
552
220
360
356
1211
1003
257
711
599
88
1342
494
811
872
1223
474
916
1123
175
185
846
1130
352
1014
1344
854
1474
299
1232
784
1264
1124
447
984
1457
414
888
1396
744
282
427
1477
501
617
1106
593
605
242
214
1096
962
958
1248
1186
67
649
1140
1092
230
105
1540
1123
890
239
970
474
1116
1238
1457
936
741
158
908
932
1109
198
1123
1468
1433
1464
1310
661
818
1323
1109
29
323
1177
516
909
465
411
1135
685
353
811
727
1332
812
1115
93
177
288
742
795
70
965
1441
927
1310
494
565
1219
919
958
16
782
747
805
1187
615
375
123
1384
549
1002
1205
1399
251
134
740
552
205
337
1294
745
561
1577
964
419
500
487
1554
1347
301
357
675
875
1366
826
335
27
521
1562
1521
1567
504
506
1306
169
736
1273
1094
1223
1452
1359
940
502
1413
1196
342
210
424
430
75
627
1146
656
481
1493
815
865
1304
907
535
26
926
1314
1185
606
190
464
397
296
1125
865
751
104
44
725
277
936
777
1043
1598
1416
1529
1223
1448
941
1215
775
1578
1132
1000
959
1549
770
1246
956
1372
716
1246
543
707
425
123
958
979
154
315
728
539
595
1425
593
1185
413
1584
1464
101
535
1342
1289
472
1577
83
162
770
1497
446
1150
932
1290
1136
1352
488
1185
234
377
617
540
323
856
661
284
1242
1537
19
358
467
1004
466
446
1528
1071
1273
1352
1480
824
1171
635
766
1224
11
1628
172
1235
1107
1380
796
824
1063
918
1435
928
1367
878
260
541
1543
583
272
1374
1309
1593
137
784
1185
636
1007
108
803
765
1393
459
1534
907
202
412
336
1629
380
802
359
1109
255
654
1506
880
833
1199
1390
449
967
1070
811
26
1595
1229
374
1181
1250
514
1121
1641
459
1113
1086
639
568
425
286
281
470
1091
364
689
1298
1518
899
43
1640
386
503
607
1257
161
86
1288
138
1574
244
107
48
1369
1342
93
544
1133
564
737
870
1671
570
1657
1400
1074
11
417
857
772
623
376
531
1368
50
1116
538
1595
136
891
1307
1
591
796
1499
1441
1044
1498
1050
1308
871
531
1125
351
1187
521
931
487
769
539
766
478
1211
647
577
1177
139
1088
706
376
181
129
624
1529
698
840
857
1562
1127
1080
1589
981
1248
200
107
1561
171
162
505
108
118
1357
1403
122
436
123
370
1065
1331
307
913
357
600
27
1552
268
256
462
1064
197
551
218
174
947
1370
965
1142
1021
1066
1696
518
1164
1338
798
1260
1001
1407
1142
1303
1126
1348
1197
874
966
514
1362
1403
568
1372
1301
293
1245
126
2
192
285
1277
2
1605
1628
713
200
1014
1559
1148
495
519
1580
146
163
167
1255
1253
671
293
712
1533
106
1452
801
1318
232
844
1276
250
291
1118
877
1590
1406
777
208
390
1338
1639
1649
132
154
1267
196
255
1362
883
134
595
1425
1121
614
863
1608
1273
513
1539
545
1119
1437
688
1086
839
1589
1726
689
1045
1054
91
742
145
554
825
1138
922
68
1263
408
71
172
1255
698
595
1398
1093
1467
1533
582
1384
1215
1551
954
268
416
827
1538
287
1516
378
486
198
1083
1020
332
1311
1257
930
1200
1140
494
621
252
1503
1286
812
261
643
778
196
808
280
291
329
596
281
276
939
500
278
226
419
1714
1283
1369
1328
767
1032
1744
919
1347
1593
645
134
410
1708
138
906
869
720
1570
1050
1714
81
811
1460
533
895
1328
257
1031
1729
1372
713
23
596
931
271
1792
1827
1363
1579
300
187
607
988
1797
198
978
1610
681
1708
1158
777
1323
1815
893
68
127
281
1042
997
688
4
183
445
1724
823
1005
1717
500
1052
1830
259
1437
1168
1769
28
1688
980
230
1721
1191
1078
1565
1037
300
1434
1075
715
1567
1561
111
381
1563
1052
1129
1880
1711
844
78
1086
1292
312
1602
747
70
1464
1203
412
1704
1336
1138
16
1547
1877
238
1883
1654
481
1187
1769
817
1777
1119
65
443
683
1859
472
1456
864
495
1575
531
224
634
1655
576
1439
609
729
1
368
841
573
1208
1577
932
1811
1288
1248
595
996
1673
255
1489
1234
635
805
1782
1075
1885
146
106
243
859
1644
1827
801
847
1930
1809
1844
588
312
752
835
1680
1870
1071
90
1149
1935
734
942
885
479
1113
997
524
1179
1591
709
594
859
780
1274
1423
1388
836
85
1210
992
1572
234
1886
172
1721
1956
506
502
449
81
1053
1167
1718
439
260
220
319
578
504
622
465
1358
1143
1759
1415
887
872
1939
139
400
1828
378
1300
444
751
528
1536
886
121
5
1829
761
546
282
431
964
829
1970
1768
1199
1582
703
1980
1688
948
536
1409
1621
59
188
995
1483
1250
1957
337
1895
1336
411
805
1161
758
1692
53
1999
410
377
1357
1631
17
1483
1904
1886
1855
255
327
1276
185
1367
1312
1472
489
1702
1843
1407
784
695
1951
218
977
466
1110
1797
1265
1313
7
331
1163
203
1554
1456
429
1278
1081
236
351
558
132
326
1858
1988
665
122
305
1086
18
2001
1781
1059
370
879
1006
524
872
180
1251
1407
656
1184
1042
1317
265
440
1396
1166
1490
581
24
1966
1805
1895
393
354
2061
359
869
856
741
865
1017
1702
1768
1935
443
63
1698
285
682
1732
806
709
918
1991
1746
1193
202
109
1550
1138
1959
937
1443
1280
1783
1882
1453
109
591
57
1609
1611
627
361
2074
541
2093
1732
1189
1955
1384
1393
801
1287
927
370
651
1521
1166
2028
1786
1053
1779
744
1767
1800
42
1351
1735
169
1366
911
2014
2105
1406
1045
133
617
371
19
669
94
730
2088
247
1064
1860
1835
1126
324
24
836
1326
1044
1963
1231
1458
371
778
112
517
15
285
447
1774
853
1909
1938
168
1845
880
1715
1537
1101
1592
92
1935
957
1492
1317
1367
1916
1490
2027
462
1383
1853
571
1651
2150
1697
883
2215
212
948
1409
171
1462
474
1803
1407
2152
877
1492
1864
227
2070
707
1636
600
697
1586
1774
523
2174
1327
1149
932
943
1713
422
196
1187
50
194
687
879
1098
990
1579
1178
2074
1354
1724
980
261
809
1581
1237
2170
252
511
283
83
1019
105
2274
60
1338
664
692
2185
915
1411
2108
336
1756
2125
2155
262
1454
1727
2101
1047
19
2014
125
674
1843
1331
497
385
1036
1519
1230
2045
995
1750
34
1581
326
1696
9
1905
1344
2229
940
1766
1445
2225
2079
71
411
1356
1620
22
2145
412
864
2112
33
1765
1799
2053
1849
58
111
1927
2054
2130
139
1127
1246
2327
632
852
450
688
2231
606
2252
521
1302
1849
1360
2285
1742
251
1088
801
2177
1629
197
328
561
2170
874
269
29
1989
770
2025
2196
2116
1976
1978
225
1242
2365
72
1073
1099
1811
53
1236
1622
2329
853
1835
984
1682
1898
923
295
828
137
994
1752
1102
806
2230
1461
782
2419
2211
269
1912
922
984
195
370
58
633
304
1878
288
1366
103
1610
759
163
1611
1581
1466
1760
1893
2287
2108
423
2302
1727
64
1226
2037
2241
2200
2191
1406
638
2254
1283
93
665
290
679
1069
1940
543
432
361
1519
393
833
2156
2491
1762
2382
188
1542
1426
179
1158
816
2119
336
558
1393
1034
1279
2066
2548
2530
812
1327
1662
223
2546
829
1042
824
1664
548
2154
1734
2214
2208
2238
2328
1373
2269
20
2542
963
562
1226
2445
1096
19
1624
1849
2585
1560
210
907
2434
1786
533
1360
1924
1872
966
2322
1509
1255
2535
1618
1334
1759
1130
1495
886
2358
2491
2232
2253
2023
604
2219
296
32
1948
2054
632
453
2106
1724
742
2407
804
90
1420
1880
1147
2159
482
2439
2242
905
1578
2174
1170
1191
1394
1115
20
1811
581
1742
2626
2516
343
1974
632
1722
130
2583
1823
260
1845
2255
492
613
1008
1899
2694
16
1324
2698
2216
324
2136
1073
1482
910
1509
843
2559
1270
1679
501
1650
1638
1132
500
955
1050
785
1025
2638
1996
1567
896
1003
1959
25
1621
2547
515
659
1498
1285
2586
2535
2183
2550
2267
720
469
1347
1108
1674
2220
1856
2012
1236
2101
2078
1385
1844
716
1162
993
166
2535
1212
782
2387
821
1964
254
2803
2355
909
1821
556
1865
452
1474
78
2687
2844
1831
470
246
402
2254
1851
479
2508
1868
2134
2873
1043
1310
1748
1010
1858
2254
1034
514
1438
457
688
1561
106
1589
571
1629
2662
1136
2468
1737
727
2076
1216
1053
2872
1657
0
1157
1384
1129
2119
1208
2398
698
2648
1645
757
2221
2195
2476
84
1330
2679
2849
494
2004
2792
2708
66
1387
137
1033
1176
291
1367
1244
1891
278
346
1458
1272
649
2240
1636
410
1903
755
2087
740
1816
883
52
1822
1925
753
2891
227
1241
1151
2359
1976
2891
783
3125
1036
528
1530
32
799
2733
2828
70
2139
738
2092
2141
776
2045
2941
3002
1257
2022
446
337
1160
3
2653
1684
2662
506
2387
2877
1805
1919
663
1866
3244
1819
137
1547
2430
2861
1494
1575
1076
1353
2913
989
2264
2666
3107
741
1066
3024
614
889
1012
1821
608
2267
2793
1733
431
1064
3277
196
3085
2480
265
3065
2804
2452
1017
1055
2203
1163
1382
1421
489
1868
2024
1315
1613
2196
2403
762
1620
264
2145
813
940
2897
87
1442
1064
1740
215
2545
55
2131
1985
2708
2232
2109
2509
2384
3333
3013
2953
522
3320
1111
2471
2899
1924
2706
3441
1926
886
166
1331
3354
760
3561
3423
1832
3221
1432
138
841
2212
3245
249
3499
2502
71
2053
1880
3034
705
1348
3258
1975
428
507
2061
581
2609
1151
2702
1949
2782
625
1043
1148
3466
2284
1631
314
410
3319
413
737
2624
2438
3524
977
841
1581
417
3292
1846
2151
2519
2233
441
3760
3827
971
2336
2099
3609
1868
3900
3297
3369
1642
2096
3613
2905
2263
2268
572
203
2715
1856
3946
1117
2843
3548
2191
951
205
878
3468
2254
786
3390
2468
3314
3658
1266
1627
2439
770
4040
2024
241
2157
1984
3990
3509
3649
592
4081
2779
2024
3073
2925
1897
2085
2882
2506
3180
1583
3556
2481
3113
1912
2163
479
1903
771
3931
2842
604
4189
1660
2335
1147
2136
3429
2380
1988
3105
456
2218
4285
1822
1221
3193
462
1117
3792
1498
736
3050
4096
4281
4242
85
1724
4316
3674
2086
937
4075
1417
919
3703
1721
3098
3651
2093
3421
645
2013
897
3561
3067
3319
278
712
3275
4550
3431
1531
4308
2481
3602
3318
4254
4008
1752
571
2215
3750
1505
4858
3512
3805
3512
3377
655
1117
3267
4202
1928
1391
3961
4413
2790
1468
4681
4313
68
4099
1564
392
1850
2444
2209
1221
3204
3117
1423
1799
512
5033
4468
879
861
468
5352
1055
2012
413
557
5539
1708
3037
3134
2146
4286
2573
2541
1501
4857
4279
3991
4181
5318
847
2905
3737
573
396
4101
2424
1068
787
1491
3936
2314
2681
966
294
5641
3627
945
3577
5639
1184
5886
2289
4029
3410
5390
6426
1111
2457
604
1411
5553
676
82
2977
4477
3906
3498
1321
1097
5855
2713
5003
6091
6347
6959
2459
4006
3371
2967
958
6676
2652
1228
2049
7415
6549
5434
4495
4214
4303
927
2259
1570
8019
2044
4428
2434
772
7205
7266
37
5561
294
6675
3413
8109
1507
354
7104
4744
2910
2088
4894
3716
6916
5441
4627
5195
5836
2122
9042
8524
3934
1687
1854
1637
8026
8891
7795
6328
3703
10460
2750
3911
9879
8204
9028
1767
2821
8321
1444
8317
11719
9721
2847
5910
1840
5894
1604
3975
9168
12283
2750
2643
13946
19659
12813
2718
14810
21243
5789
19733
10557
11704
44907
713
35414
