4041 9932 80270425
21706
65
337
447
366
99
83
389
48
28
251
89
13
364
7
38
398
217
378
119
283
125
305
333
391
307
434
50
179
167
8
377
15
45
332
77
141
121
305
294
249
225
8
195
281
121
167
310
141
27
342
99
373
289
195
44
65
345
199
242
50
205
155
63
251
23
140
392
142
443
225
392
205
231
123
24
352
288
332
30
313
212
129
225
38
322
269
101
205
5
343
253
210
35
315
459
56
455
388
199
435
149
129
178
380
250
200
269
77
70
299
390
280
426
151
145
99
273
43
44
411
164
103
424
177
212
211
108
15
161
24
139
347
351
114
270
446
226
207
136
25
133
242
374
237
93
230
47
77
274
265
25
149
79
160
326
291
371
145
18
243
170
157
127
232
272
398
389
35
316
62
235
450
16
320
398
109
87
445
186
72
421
385
221
38
82
258
40
165
404
58
408
285
216
247
228
199
356
155
105
410
164
420
128
111
343
326
264
27
233
76
434
240
127
293
230
448
386
328
200
367
322
417
295
304
295
177
308
335
255
413
282
419
130
410
291
233
33
315
260
266
152
455
266
279
44
32
263
430
361
223
334
219
401
389
283
456
102
127
328
117
300
370
297
430
76
124
424
109
439
220
136
351
211
402
167
255
435
190
446
332
174
76
311
111
1
130
103
104
17
191
445
317
97
278
44
398
162
4
43
252
124
445
32
206
19
380
182
266
123
99
441
336
162
145
4
368
274
135
336
104
400
11
126
371
397
50
363
270
395
75
57
55
332
367
261
351
282
255
429
405
355
405
88
52
85
92
232
171
40
380
87
440
204
214
158
136
76
334
218
7
409
88
62
88
455
135
440
84
390
216
302
92
157
390
422
54
295
189
38
335
105
125
122
121
339
280
293
292
352
237
68
69
247
419
136
442
155
118
437
69
124
282
396
2
434
86
298
150
50
429
167
138
274
382
350
51
288
173
343
174
411
407
240
188
356
376
161
45
28
128
110
152
410
40
151
378
126
445
63
177
404
226
311
212
143
196
259
427
365
132
135
310
73
371
29
425
281
190
4
305
318
115
458
258
155
139
170
282
118
229
455
52
452
300
264
129
26
286
207
130
396
136
373
313
272
124
42
219
410
260
165
152
80
323
205
1
239
383
398
343
8
85
312
143
324
399
114
449
218
321
86
122
458
460
435
263
91
451
456
9
244
128
161
298
451
341
300
223
231
205
73
239
265
359
357
122
292
4
78
17
326
165
139
291
132
81
61
223
66
50
232
284
179
368
116
137
242
390
335
6
128
408
219
367
275
109
61
263
116
59
148
147
187
290
192
210
7
334
443
172
343
317
113
12
340
318
125
204
418
412
135
445
180
208
262
97
16
195
232
4
126
381
23
313
203
215
395
82
81
371
255
424
92
240
437
432
430
434
40
252
378
47
229
430
127
363
60
143
431
164
19
429
77
42
275
152
257
74
107
338
445
234
167
409
6
8
245
308
442
157
92
224
49
263
112
145
178
72
292
215
349
217
129
114
456
178
60
167
316
356
113
223
289
120
141
100
80
24
323
22
410
137
209
459
216
322
420
210
210
244
425
90
277
371
21
80
365
81
247
212
253
361
436
73
297
108
173
378
417
312
216
358
449
426
165
12
95
401
223
305
176
464
396
269
366
233
350
79
314
413
291
383
121
258
456
419
182
445
328
416
288
75
121
84
317
286
185
372
86
357
299
186
294
176
163
360
14
253
209
170
213
244
252
456
354
64
135
159
408
211
349
410
372
127
314
350
92
431
252
110
319
81
228
75
189
391
367
135
106
39
305
320
283
19
238
99
83
373
258
423
46
137
295
350
197
139
230
221
101
13
331
420
26
89
427
216
413
324
351
49
363
119
301
176
138
1
276
154
306
466
39
352
66
402
35
169
417
118
146
300
371
145
43
293
182
321
36
247
392
230
331
424
463
191
366
248
110
278
393
315
344
112
2
34
43
383
78
461
30
224
165
402
244
84
99
302
405
10
78
201
240
409
155
108
5
396
356
115
78
153
305
422
265
182
457
184
94
410
49
125
39
214
402
283
173
376
114
454
386
193
184
30
6
214
138
11
139
145
467
452
13
81
202
425
347
417
353
48
378
436
288
186
99
452
130
417
93
247
251
96
240
270
309
196
202
75
470
370
460
234
351
242
83
321
195
430
34
316
6
412
280
294
367
147
42
265
92
135
40
111
471
281
382
309
245
112
152
11
250
140
245
369
382
328
218
345
287
20
189
61
433
469
124
96
145
166
361
5
70
401
117
69
450
27
146
60
343
49
132
23
325
325
51
278
387
182
440
430
460
464
101
462
107
454
366
64
368
34
82
405
62
333
171
52
298
114
112
375
370
451
399
222
304
184
235
425
100
409
382
87
400
217
76
241
406
176
39
301
417
122
233
7
189
138
266
15
459
378
390
357
91
50
313
129
234
282
81
335
425
197
156
353
414
233
328
347
143
368
175
88
17
142
302
413
281
95
175
181
247
143
420
82
367
327
168
48
24
342
324
120
64
367
220
8
223
126
190
315
6
284
230
10
56
262
144
243
161
215
321
408
358
163
17
252
16
81
196
411
424
416
57
384
205
173
392
325
299
5
166
202
289
396
108
345
80
148
11
241
364
228
71
144
391
458
292
408
66
384
241
386
222
298
296
428
367
111
175
192
116
451
453
443
308
82
66
403
2
213
383
109
149
6
340
294
74
270
141
390
36
47
33
233
310
186
382
309
74
446
370
133
324
251
3
157
333
447
462
237
87
272
347
237
279
114
433
353
286
99
170
322
48
203
81
260
291
365
471
366
337
366
401
186
142
307
246
377
279
135
140
366
408
389
30
212
28
463
90
216
87
162
64
37
365
47
297
83
121
408
266
122
321
65
187
5
280
94
179
452
246
301
460
360
313
51
193
359
332
353
191
212
448
159
1
80
188
349
400
182
153
62
176
346
475
363
224
279
457
403
127
228
100
112
460
413
35
178
168
367
403
359
451
248
391
453
200
103
198
124
157
351
59
334
222
406
221
446
210
75
245
209
303
345
193
159
282
228
337
450
468
137
333
443
257
248
292
457
224
14
454
381
238
358
347
399
445
221
173
191
472
269
319
470
467
53
421
84
280
79
450
386
421
99
244
440
163
263
220
354
182
320
328
141
127
199
466
22
420
162
213
415
357
458
334
347
438
278
357
241
357
256
150
227
356
320
190
445
106
411
322
215
180
99
356
308
298
272
256
167
360
395
31
167
303
365
37
264
167
395
28
450
100
104
201
382
424
317
350
457
177
121
195
358
221
0
115
42
272
371
210
301
46
91
198
138
447
441
465
286
315
176
466
458
228
249
374
132
307
421
26
462
69
216
455
387
209
444
156
422
69
473
245
300
270
443
438
423
112
132
231
134
14
404
298
243
175
378
81
4
321
107
467
97
29
150
6
238
301
346
182
370
47
133
192
24
98
337
447
395
175
385
51
189
311
349
138
192
433
219
197
461
32
370
80
61
226
270
6
27
3
197
105
28
404
255
208
162
121
195
202
354
89
176
91
123
256
0
281
293
161
78
376
365
330
233
374
107
274
95
421
85
292
47
114
217
303
130
380
232
325
103
108
414
88
7
58
152
294
148
253
455
226
150
342
365
383
45
472
466
140
414
72
432
270
473
458
381
125
359
421
450
270
50
194
166
344
60
127
346
401
372
210
13
182
191
260
155
106
99
121
157
447
323
335
119
270
189
275
276
158
303
215
449
202
247
322
458
206
463
324
0
355
406
13
409
118
145
85
224
244
78
254
83
401
461
203
64
170
350
212
328
173
299
169
248
66
363
226
145
346
70
145
94
476
30
23
466
175
460
83
291
59
337
374
332
190
97
396
360
448
1
336
186
83
92
329
312
220
351
274
437
268
137
465
126
182
323
167
57
399
428
336
314
263
416
420
331
102
322
120
273
462
456
474
65
68
338
377
303
223
185
259
11
337
244
137
38
101
319
110
34
282
461
349
64
396
288
396
17
144
35
305
126
26
299
206
94
156
117
412
379
317
190
405
173
449
76
211
84
411
321
119
212
301
468
276
231
67
192
111
110
161
181
230
136
426
41
129
85
336
245
194
329
39
51
439
406
252
239
245
172
401
93
461
110
286
97
256
225
162
239
208
323
420
310
331
237
352
460
322
78
95
34
280
134
440
237
412
210
477
48
382
268
141
233
251
428
202
25
171
364
136
379
205
428
208
54
183
432
386
24
28
481
412
180
6
370
418
418
98
124
461
292
337
399
80
404
104
278
426
481
353
263
212
284
120
362
419
112
87
475
315
34
410
282
132
77
112
262
40
426
386
18
235
280
457
356
202
78
191
185
117
61
449
369
345
86
248
322
238
375
314
111
409
241
433
98
359
62
360
399
45
263
457
281
61
432
194
303
67
385
5
184
3
11
70
389
137
358
228
416
250
99
219
157
297
482
38
327
141
44
208
104
82
31
218
65
197
389
377
44
409
294
465
134
236
125
61
459
365
352
31
86
346
402
243
312
400
282
155
209
326
32
313
76
63
199
294
260
256
187
456
181
481
437
468
386
231
197
361
264
66
60
350
80
462
110
392
46
392
216
255
386
400
237
462
463
436
272
391
209
128
31
58
125
469
42
112
217
244
457
216
16
73
454
149
1
208
193
279
304
13
68
418
266
355
370
403
480
443
1
301
348
298
10
18
88
441
130
305
200
425
358
53
335
328
40
337
373
233
131
30
246
36
285
27
228
170
430
224
451
268
40
314
403
50
169
329
329
300
149
366
77
345
257
412
25
297
264
398
45
396
265
128
432
66
81
212
10
44
371
192
434
380
108
362
151
50
134
267
457
134
416
471
397
245
253
434
276
256
117
200
130
256
262
185
394
35
397
404
257
282
111
383
354
397
260
197
139
394
156
111
220
87
274
131
332
41
257
123
476
375
15
120
323
456
305
231
183
394
149
133
368
438
30
415
349
468
304
3
377
461
292
289
62
80
421
86
300
370
387
135
22
330
179
61
290
185
213
207
13
222
74
85
214
33
150
54
225
423
318
402
380
352
248
19
106
198
69
413
480
293
379
16
454
390
395
257
88
122
296
419
344
370
17
71
234
167
443
291
104
105
206
315
288
454
335
395
483
235
152
477
359
363
324
327
266
232
415
185
354
224
117
42
426
453
432
173
133
388
464
68
7
346
235
79
292
291
391
323
59
298
20
180
391
409
32
175
124
138
234
94
439
276
292
62
151
61
393
3
88
405
451
174
263
198
253
436
369
37
151
308
335
171
1
238
460
401
413
96
51
39
70
3
315
363
433
347
424
338
350
392
256
193
78
31
392
212
347
273
129
10
94
464
181
463
94
33
256
189
295
27
341
52
79
52
284
487
119
487
3
443
420
224
301
402
148
327
169
462
478
384
399
130
65
86
20
461
195
6
161
440
472
452
4
12
15
238
10
135
186
13
39
118
187
340
31
336
178
150
259
168
45
119
248
60
205
219
32
351
175
143
302
158
106
256
120
71
40
339
47
481
117
133
183
307
202
186
6
110
448
17
189
362
363
173
268
188
362
182
231
10
423
298
439
329
32
330
66
224
332
113
216
449
398
61
418
111
248
87
373
358
104
72
383
129
397
313
470
270
6
211
432
91
19
382
421
204
374
149
90
216
414
458
327
323
182
408
96
92
5
469
450
261
51
194
381
191
269
161
350
48
480
253
274
145
351
134
93
449
239
146
199
391
330
479
452
324
170
127
5
339
125
330
63
428
140
444
234
409
220
94
457
209
347
346
460
313
481
168
271
335
421
85
235
260
74
302
199
244
429
204
199
169
149
368
106
289
321
341
313
156
50
385
471
397
241
56
219
337
330
105
287
260
191
138
29
377
116
142
462
7
394
390
156
214
270
390
146
343
408
335
154
297
250
152
54
73
460
112
373
480
480
99
292
439
247
333
244
363
396
215
370
298
33
447
432
304
345
7
75
261
342
230
66
100
382
40
94
270
152
467
258
140
486
470
8
161
312
252
33
216
467
323
434
421
278
375
233
51
382
308
232
152
458
218
252
348
258
346
46
388
172
309
335
200
311
157
175
204
221
186
246
175
491
220
89
150
64
468
341
178
128
361
394
115
480
200
448
220
131
170
310
5
181
152
205
492
11
82
399
233
268
347
110
267
74
199
119
333
174
460
213
4
328
114
119
18
315
75
433
148
440
250
348
323
105
255
24
116
338
423
51
11
370
323
231
242
370
156
166
474
232
138
106
168
70
7
22
367
425
32
86
204
423
209
327
429
114
366
477
430
301
52
442
231
375
179
474
306
336
200
340
128
338
446
350
462
14
373
389
493
459
35
204
442
298
37
377
413
457
361
349
265
413
297
2
294
37
36
160
373
290
7
61
135
13
411
157
27
344
107
483
279
190
33
27
353
416
289
186
400
203
120
85
433
458
127
282
261
319
275
206
62
463
97
57
77
47
160
469
49
235
59
328
27
92
452
477
110
246
168
15
51
386
197
86
349
422
466
212
246
343
20
405
311
117
463
388
261
128
362
407
460
23
337
487
212
295
470
323
143
240
435
292
131
138
475
82
65
348
7
296
335
42
262
260
201
450
413
398
247
150
150
382
278
387
408
46
470
131
50
277
369
416
34
133
394
105
452
226
389
396
26
229
438
224
425
80
179
342
478
426
429
132
249
147
23
161
193
429
228
244
147
101
164
181
234
494
222
127
224
116
27
186
281
401
410
210
481
29
489
463
392
422
36
81
73
19
422
272
156
354
306
27
239
473
54
289
164
283
216
398
34
303
284
20
25
297
282
152
208
295
1
151
17
46
479
38
66
404
311
395
261
120
98
177
270
152
142
434
111
34
12
145
337
296
165
362
269
124
190
478
419
365
305
113
411
288
151
153
368
462
51
306
259
313
324
169
296
17
116
120
95
208
201
179
491
492
52
4
97
239
460
365
356
263
481
147
185
170
391
334
134
207
467
32
23
213
201
239
230
237
279
245
446
480
424
439
475
397
363
74
138
326
439
414
91
342
63
276
15
374
32
69
84
2
101
27
215
222
266
366
459
47
113
327
30
425
217
304
131
47
106
197
497
35
161
7
31
475
80
17
185
316
17
438
5
280
360
376
263
93
361
97
272
217
355
176
143
74
480
274
398
365
249
396
400
410
181
209
387
261
227
350
78
244
289
361
303
150
238
344
243
377
441
293
95
298
470
239
150
451
291
49
317
319
445
495
230
127
206
395
166
364
362
143
452
234
70
39
296
474
271
384
91
234
460
53
463
127
79
384
146
282
187
20
352
346
434
2
124
119
471
70
335
334
66
288
420
136
179
217
463
450
453
54
37
413
107
0
392
186
385
391
321
424
411
25
123
197
379
247
317
203
318
152
37
384
292
457
372
324
26
335
126
480
390
163
245
65
499
243
165
390
45
383
140
275
253
55
68
323
360
460
164
106
360
382
281
77
91
405
35
284
294
177
191
498
432
80
62
176
69
474
65
361
102
206
382
356
7
451
425
113
156
335
219
262
216
500
340
53
405
121
337
198
44
27
442
223
355
250
399
170
471
465
278
72
417
406
174
170
356
330
281
154
370
143
479
474
330
26
198
149
373
311
468
323
21
491
405
366
181
237
76
307
11
463
210
447
487
165
271
172
496
50
326
428
258
368
401
150
394
161
299
329
472
329
151
55
318
118
421
499
419
498
369
430
21
77
439
6
306
209
179
364
323
67
355
79
435
254
293
392
415
90
219
449
483
434
3
363
51
424
425
470
484
292
463
68
433
94
7
302
428
445
158
196
285
463
11
116
210
265
314
232
329
365
314
113
359
298
53
328
180
368
291
138
132
103
205
47
102
213
350
28
155
413
129
345
373
140
462
488
310
178
122
42
448
436
155
305
137
208
130
317
74
326
455
111
429
63
64
29
276
319
465
336
229
91
283
137
403
168
364
304
317
293
143
335
165
446
393
60
56
32
58
191
136
188
417
260
349
354
46
448
160
11
244
385
188
23
394
88
191
126
264
381
291
407
212
456
221
477
13
277
381
447
341
13
131
126
146
352
480
192
296
136
76
37
393
136
436
283
224
500
281
360
377
68
135
59
22
443
263
155
66
58
169
413
274
41
159
404
461
482
491
66
375
212
324
394
147
31
462
87
152
318
463
23
303
429
82
392
435
412
110
63
470
279
38
306
387
264
272
410
241
326
477
178
100
363
67
314
394
91
402
41
476
427
131
341
351
280
295
348
187
405
411
220
246
11
88
129
275
303
495
100
245
345
67
374
376
410
122
399
428
424
264
326
289
198
160
142
24
215
307
414
121
126
463
333
288
308
16
372
191
91
473
436
17
120
390
393
25
92
286
33
10
130
360
385
329
100
22
439
401
415
347
17
35
391
436
409
193
452
362
384
123
415
400
140
29
284
113
54
463
400
88
131
287
37
272
459
63
278
353
145
143
329
174
418
165
295
254
53
141
157
81
55
74
380
89
54
377
100
250
312
464
434
472
273
471
237
225
55
36
72
228
179
429
402
90
87
218
372
168
387
22
249
443
96
122
25
179
20
125
429
333
111
384
45
183
168
133
183
324
208
100
197
101
223
422
77
255
313
91
59
204
135
275
372
358
147
159
240
388
433
130
28
365
156
73
32
324
206
215
140
414
316
329
507
23
244
76
271
41
159
330
237
287
90
102
129
237
261
369
117
178
491
145
35
198
43
345
58
418
166
508
377
390
63
242
248
145
417
377
276
154
149
196
229
205
419
506
473
321
253
47
32
82
387
184
280
431
97
338
417
340
338
286
221
478
19
38
191
436
415
467
159
55
154
465
337
65
463
302
463
207
426
63
290
304
324
138
226
422
45
135
253
460
498
43
429
8
319
119
265
217
442
282
482
400
261
120
374
148
150
29
202
49
172
71
283
453
86
27
285
261
393
249
65
493
361
75
425
170
194
52
259
126
206
231
399
467
352
135
106
374
37
180
424
209
123
69
24
209
96
182
471
490
303
408
345
154
484
132
196
168
184
489
219
445
369
215
408
282
95
215
126
33
252
47
202
164
441
51
486
236
320
390
481
491
239
43
373
205
65
309
276
61
287
495
507
129
183
404
411
279
108
27
296
344
58
499
508
500
23
467
225
343
347
179
307
75
222
153
264
287
462
29
333
238
509
329
352
165
206
252
444
298
263
214
115
322
378
304
242
491
49
257
380
236
499
76
153
311
471
160
213
435
356
208
163
487
451
499
129
220
168
185
233
470
300
446
88
166
238
330
145
287
75
13
12
62
89
165
374
48
326
75
483
170
283
134
145
222
122
274
442
290
459
163
248
247
97
337
413
335
155
46
110
320
184
0
53
69
220
432
80
237
410
220
380
506
476
223
104
378
159
467
258
115
205
472
350
458
381
506
187
26
421
488
362
93
504
415
178
211
351
259
464
248
479
331
258
458
41
362
323
217
333
68
332
25
28
169
484
425
178
174
467
87
149
316
196
141
219
374
368
73
136
320
321
103
299
504
364
362
123
227
102
213
27
79
165
276
324
439
179
48
228
146
44
151
252
370
130
315
68
5
127
430
337
64
16
250
55
380
98
306
221
328
133
249
21
426
11
346
352
318
8
194
465
180
473
203
164
90
4
232
223
259
51
312
202
384
271
254
40
224
431
83
19
176
83
258
244
264
29
358
178
197
514
196
408
498
387
44
407
61
314
263
53
283
60
256
152
249
427
109
390
261
193
409
354
193
69
0
374
98
275
470
212
191
151
22
175
456
498
67
434
298
248
488
498
225
229
16
101
406
240
289
503
222
369
72
143
131
36
48
189
47
102
111
341
450
107
507
378
151
33
384
349
111
182
489
315
2
498
417
400
222
190
388
436
43
460
55
167
488
95
356
19
197
467
353
132
50
336
502
194
361
362
27
464
28
1
264
22
499
157
189
243
98
118
272
458
130
457
254
278
430
223
178
107
43
308
283
126
153
188
165
444
56
38
462
22
70
61
305
88
72
426
263
103
27
18
493
157
476
162
436
321
317
29
428
360
269
127
418
422
315
66
349
303
37
227
325
39
220
56
351
280
216
511
1
208
375
167
38
385
267
396
217
69
199
332
470
408
145
68
472
480
65
349
170
282
7
172
202
90
58
383
200
275
206
31
313
63
198
351
278
295
60
495
194
89
140
494
498
285
44
282
248
110
461
248
222
469
250
254
389
309
119
110
117
149
53
192
364
389
331
65
394
514
377
1
31
426
34
486
230
184
81
80
475
214
270
427
441
285
385
193
358
262
303
254
190
135
446
36
5
259
101
399
33
478
179
362
165
512
108
174
177
189
254
431
404
5
118
105
290
282
299
428
324
381
163
242
119
474
148
443
280
188
91
464
302
489
495
35
325
19
15
135
156
274
403
148
358
128
266
371
171
82
95
195
211
154
438
330
108
458
125
260
127
88
76
429
58
51
336
383
463
223
391
99
369
146
119
207
274
257
58
446
340
154
513
31
421
470
117
30
269
135
285
252
86
380
443
145
397
271
342
120
247
427
207
104
112
257
488
329
505
343
148
459
177
178
277
77
329
75
107
279
211
73
212
297
135
134
442
11
405
465
333
333
372
19
118
165
478
85
494
143
429
324
82
287
183
40
46
101
325
480
415
100
44
165
464
470
438
119
14
448
330
187
120
217
86
383
206
398
478
466
216
520
268
419
167
114
404
432
215
207
391
448
125
253
92
67
201
348
4
215
92
152
220
212
370
306
414
394
0
188
338
34
4
424
272
171
356
154
82
171
518
282
181
391
472
196
58
395
25
12
305
397
509
497
339
61
150
5
447
212
368
461
420
274
36
51
79
103
243
145
274
91
427
309
482
376
505
393
101
384
258
259
111
245
86
450
159
236
456
83
301
154
22
198
429
434
103
508
14
346
130
142
438
410
304
351
170
427
234
359
214
177
8
112
420
245
26
415
6
289
109
87
367
352
246
133
54
154
208
446
63
100
375
315
130
218
18
300
121
252
11
336
306
19
324
202
140
350
493
22
115
479
509
483
183
232
492
114
262
177
436
325
153
245
508
474
488
384
358
72
153
346
511
226
134
290
500
296
52
82
281
49
258
324
385
436
43
193
388
384
156
68
435
400
290
418
326
253
254
159
325
408
482
312
86
69
77
38
365
106
121
121
155
356
422
517
267
465
186
130
302
342
198
212
194
465
82
520
193
337
132
288
11
521
375
505
40
103
318
277
510
450
299
59
282
442
267
347
416
270
497
144
343
252
38
424
255
106
483
407
36
331
169
47
326
264
27
87
367
345
364
71
515
383
130
517
300
398
338
190
388
310
334
205
282
92
350
11
444
307
418
481
112
307
248
158
45
521
491
412
269
169
148
225
212
232
22
191
497
422
387
393
110
234
487
519
318
372
321
397
381
434
125
182
108
106
186
284
381
499
66
369
387
460
314
73
165
55
510
382
196
371
494
307
324
173
18
116
265
58
513
119
212
357
21
320
182
207
77
282
425
389
125
286
322
291
107
242
125
431
302
378
21
461
221
221
436
338
120
74
85
331
394
240
121
191
276
378
462
137
381
86
446
187
96
145
14
267
451
139
235
225
517
256
222
211
13
130
85
133
205
170
464
135
475
121
326
223
500
324
424
417
410
343
140
43
91
167
134
161
308
320
437
405
238
90
25
156
285
296
478
242
250
473
62
189
209
307
130
191
235
64
357
415
150
107
7
28
274
457
189
369
249
413
245
274
503
58
430
259
354
166
289
75
111
351
51
107
130
182
298
117
162
514
344
37
210
56
212
290
203
170
227
403
518
286
447
44
129
220
26
297
429
236
465
279
97
406
274
162
138
72
311
332
56
158
369
298
214
83
58
449
253
317
354
241
105
303
285
235
26
311
34
455
50
1
236
33
308
128
69
496
47
345
173
34
445
183
528
231
61
105
436
314
428
138
443
438
204
208
134
449
18
331
266
399
457
80
259
234
208
328
200
255
500
200
116
242
384
113
300
445
45
32
56
473
170
326
381
375
4
342
293
380
143
387
75
239
79
185
189
261
21
239
362
377
83
332
216
107
47
428
42
239
95
514
271
388
168
370
402
260
281
529
164
193
369
164
220
448
349
197
497
370
225
328
3
308
448
220
203
283
116
245
310
531
16
50
388
184
208
46
232
489
43
38
53
348
310
369
426
273
214
55
2
408
249
155
10
43
507
340
342
223
21
462
202
487
10
455
333
454
305
470
471
347
510
527
163
289
365
58
29
46
113
31
454
365
189
466
408
163
273
217
386
297
149
56
253
159
511
54
82
283
521
138
414
135
451
395
38
78
467
17
142
49
496
300
188
90
118
440
373
89
155
214
150
197
490
437
430
315
511
363
366
498
501
268
121
440
129
182
519
84
221
127
134
183
449
344
296
55
250
157
167
406
371
339
91
328
242
521
131
241
351
497
228
374
252
88
101
255
445
39
433
313
38
193
283
500
121
53
201
120
255
238
22
507
289
163
494
189
253
476
111
463
452
365
302
169
454
403
424
296
374
254
75
344
447
358
242
34
343
443
86
63
78
108
502
367
271
394
21
456
335
65
384
252
377
52
79
397
352
346
151
23
488
71
416
277
75
120
348
33
296
366
438
291
495
31
287
226
287
433
222
307
22
290
189
216
342
269
77
159
431
228
534
383
299
414
476
374
351
288
223
463
118
125
219
429
509
322
120
260
219
158
383
58
448
37
165
121
108
82
285
503
439
399
425
124
238
270
8
513
26
296
242
101
264
34
376
250
99
257
437
364
68
494
133
30
432
56
446
298
139
194
264
41
351
152
165
347
422
173
82
207
228
324
66
250
358
442
500
215
248
143
143
279
161
519
57
292
62
12
507
25
351
481
220
492
400
199
532
315
63
201
86
77
287
67
346
301
264
299
359
354
285
502
475
446
483
375
43
8
229
12
413
43
494
476
377
198
137
371
513
200
34
442
278
163
351
466
464
77
228
174
63
259
373
497
50
125
380
299
160
513
300
446
490
302
80
241
373
389
379
391
222
15
95
397
299
76
43
303
165
90
477
229
349
463
339
12
50
332
312
362
458
73
421
410
527
501
112
513
503
104
517
339
119
226
197
32
302
392
487
80
482
425
186
389
384
286
67
497
538
363
465
424
310
465
266
88
87
374
45
242
87
482
225
41
470
336
34
490
475
417
184
100
91
62
182
167
349
249
124
39
304
282
463
74
439
421
162
526
255
439
460
343
73
145
76
4
174
110
186
341
36
428
227
78
498
148
387
491
321
285
331
383
170
7
503
192
413
182
452
362
411
221
444
140
198
32
149
63
403
183
410
61
71
96
139
191
408
148
141
188
56
472
31
226
479
156
41
515
502
493
336
372
336
402
134
534
56
446
287
1
87
260
215
487
7
459
128
429
454
13
277
437
441
430
336
1
538
535
439
48
234
347
7
148
44
472
319
136
371
91
163
484
377
404
455
384
347
41
297
259
54
33
154
522
489
517
523
485
536
420
17
229
225
51
403
295
523
206
457
378
297
78
244
466
133
99
38
210
188
501
542
225
186
104
228
84
45
459
453
165
275
131
441
319
492
359
291
225
39
157
515
218
405
118
43
538
217
81
108
307
484
107
533
127
211
120
114
159
37
469
226
312
502
124
534
354
385
6
425
348
321
344
173
271
126
93
20
41
113
252
339
11
287
88
504
119
104
230
420
267
277
46
233
80
122
338
43
371
345
341
176
122
13
349
265
12
443
157
53
428
281
392
311
24
353
479
26
365
455
99
242
385
179
210
497
204
56
543
251
86
486
537
178
213
500
282
379
259
267
171
133
494
108
337
71
420
288
114
240
216
213
499
56
409
165
8
69
238
7
337
324
510
346
502
195
301
256
29
16
523
200
149
448
342
419
314
77
376
26
170
166
22
246
264
470
108
504
99
524
500
537
543
301
298
231
2
91
14
545
302
360
63
189
134
277
480
448
354
182
346
396
348
241
97
485
165
77
315
136
56
269
127
53
442
425
157
316
388
368
445
309
201
100
134
411
236
478
83
400
115
428
298
39
274
527
23
385
402
458
4
223
494
447
413
428
253
249
518
44
132
478
353
333
31
487
259
329
481
405
183
111
286
543
150
13
38
236
460
502
147
526
179
95
426
107
38
132
288
198
374
293
274
43
45
412
371
26
309
12
335
246
460
129
382
434
453
452
364
336
313
97
292
344
371
162
358
218
281
218
537
227
83
263
270
129
247
214
275
8
226
182
374
259
311
208
145
216
112
81
124
149
77
420
250
529
34
5
154
213
540
444
90
16
129
193
100
450
486
330
494
462
473
227
486
539
42
299
327
455
467
112
55
120
107
429
100
141
9
378
354
1
398
19
141
102
212
241
3
149
146
346
21
502
313
531
296
100
241
488
432
355
92
354
150
474
15
401
274
372
45
9
385
420
266
119
401
165
363
261
546
134
57
169
238
522
151
136
72
544
74
107
501
166
63
102
242
78
105
118
53
511
357
511
370
307
200
414
426
368
304
469
193
233
206
189
95
172
445
286
440
41
218
12
97
408
550
167
236
341
443
8
32
531
251
403
287
451
548
444
550
301
94
192
265
300
382
360
472
276
377
92
48
45
386
427
184
386
44
420
458
218
274
515
71
481
387
170
206
175
339
442
340
338
55
237
186
8
378
432
122
512
4
221
95
436
95
271
267
23
170
3
540
444
6
59
413
394
229
67
17
57
510
398
395
53
83
30
61
502
502
179
21
172
416
68
1
355
368
17
2
66
255
349
481
74
549
347
418
121
520
39
54
277
120
50
385
127
153
535
51
248
215
72
474
78
140
475
434
9
492
490
76
194
341
58
323
337
405
188
235
59
251
380
155
32
260
436
463
2
212
393
58
101
144
394
105
541
374
484
205
309
231
377
52
155
362
491
261
145
410
497
205
509
171
208
542
431
91
451
281
303
138
339
405
282
27
358
270
250
288
323
5
292
178
293
20
285
392
1
416
26
4
122
203
49
540
385
394
487
328
188
23
298
181
32
421
263
420
272
325
114
507
145
407
182
491
479
467
328
480
381
354
485
503
54
31
488
440
426
472
265
111
496
60
344
528
482
53
394
199
400
523
377
7
205
436
267
432
48
478
302
123
244
41
100
42
194
513
297
481
93
288
197
175
86
36
284
399
295
487
409
328
454
418
335
104
298
46
536
534
156
470
289
32
511
22
74
150
167
4
263
377
120
551
152
416
217
77
109
494
111
64
268
164
96
471
440
316
433
32
532
100
430
290
188
540
446
8
224
189
385
270
10
279
265
493
138
482
13
21
193
124
85
462
288
181
150
503
498
27
535
473
458
408
327
164
259
465
208
471
459
60
49
220
226
301
191
190
390
12
75
543
484
366
447
338
287
3
491
373
472
82
231
508
109
556
112
369
463
318
280
363
378
329
23
46
70
215
237
458
225
310
442
152
116
331
488
403
332
325
355
268
469
327
334
391
539
505
216
556
206
358
129
320
208
17
162
305
233
483
549
251
1
507
353
398
404
112
219
540
257
15
70
546
163
224
379
143
549
36
519
196
214
90
337
243
486
499
548
160
423
538
231
244
487
405
83
152
337
15
531
382
432
88
378
40
440
443
210
4
224
375
463
330
281
411
558
397
396
430
166
105
523
270
156
470
152
454
171
380
469
142
74
213
231
325
125
111
80
335
547
304
23
451
75
304
174
505
142
11
248
180
413
350
539
312
506
194
113
55
488
265
456
517
369
41
9
194
65
163
466
407
482
99
470
521
41
553
97
485
380
182
394
232
532
40
544
145
235
325
200
391
30
324
347
399
366
25
261
99
188
166
506
338
265
416
299
405
137
216
451
190
426
278
341
133
320
138
463
330
235
183
351
413
97
179
395
41
518
87
44
322
185
72
74
190
305
316
33
284
374
326
474
238
447
253
371
47
233
114
377
469
297
166
320
236
187
531
185
323
118
349
113
62
536
86
477
28
234
34
309
204
6
459
223
417
88
293
2
499
55
98
14
360
206
235
387
249
109
9
9
227
358
29
195
238
21
110
161
50
157
287
266
433
550
291
38
105
444
0
180
528
465
207
82
172
311
119
491
263
14
471
534
376
260
210
458
196
56
551
246
145
274
444
15
261
171
549
298
548
482
410
444
383
54
526
556
365
82
415
561
28
524
542
206
242
179
356
6
532
3
560
483
8
361
61
475
394
11
426
119
464
197
369
372
112
174
432
305
433
359
542
39
310
519
237
552
134
29
558
93
32
545
11
32
334
64
500
155
68
361
274
532
550
70
94
412
337
177
358
87
77
61
217
220
533
551
69
201
44
300
321
229
547
533
403
6
302
362
180
412
63
507
491
268
401
20
114
173
197
64
418
433
283
227
245
251
212
314
452
257
206
207
264
517
35
169
338
463
541
184
377
221
381
161
175
79
174
192
65
450
127
489
376
40
366
71
67
313
113
453
483
145
499
116
30
469
285
303
300
195
487
45
351
237
142
526
251
251
152
316
268
272
77
191
9
415
475
482
335
2
229
543
377
127
105
444
43
172
349
467
133
464
123
309
167
251
555
304
273
457
10
502
121
87
125
91
462
561
5
189
563
194
124
332
321
229
208
324
422
465
413
98
442
8
455
459
133
439
206
378
198
2
358
565
377
499
320
522
219
69
140
553
507
392
321
293
119
454
539
541
350
119
375
224
127
567
114
565
437
57
374
66
59
469
62
173
135
382
126
90
187
266
169
469
85
460
0
332
409
67
379
77
504
217
247
404
230
124
254
227
415
311
516
524
104
505
297
172
157
302
354
5
421
523
475
506
315
377
170
56
444
549
134
280
99
283
16
329
309
172
557
154
483
459
561
354
234
188
180
379
265
54
346
223
294
560
43
137
458
257
547
531
6
463
500
320
334
334
541
212
429
289
241
32
136
190
386
370
378
526
138
73
9
484
255
262
432
257
358
319
473
335
238
480
186
167
188
179
312
262
165
341
154
195
163
545
532
354
415
365
371
234
531
421
256
217
317
110
104
444
307
499
497
411
549
398
302
457
6
18
147
171
359
278
342
498
251
278
280
70
71
79
304
31
476
536
224
222
287
426
224
413
168
166
456
31
463
126
330
193
297
467
64
91
14
271
42
62
468
200
542
296
206
354
156
472
114
500
543
423
354
194
286
522
360
169
2
273
318
333
466
42
249
553
134
263
189
500
509
168
356
445
126
216
440
251
287
97
558
327
180
256
40
527
416
193
465
454
322
73
274
239
3
82
230
511
386
419
437
487
179
386
525
471
28
391
314
481
488
299
235
260
147
275
214
564
60
271
36
147
205
146
14
183
270
559
451
253
272
413
87
201
10
304
561
387
343
232
428
244
573
564
529
520
390
34
560
242
410
346
389
517
394
305
125
89
289
478
244
463
317
332
566
327
538
553
41
307
210
470
453
110
459
407
532
177
484
189
479
537
452
535
348
350
139
345
279
305
468
523
36
412
14
129
569
479
356
6
498
418
272
269
484
182
121
137
216
478
198
119
439
75
526
84
425
89
301
0
266
193
395
302
30
409
431
471
185
211
317
414
283
507
452
443
337
7
376
117
397
292
149
147
354
341
430
174
566
249
536
319
202
304
273
85
357
1
461
33
357
346
15
209
276
468
75
181
43
19
443
440
457
15
10
539
470
519
177
438
31
131
18
201
284
49
547
153
495
72
87
486
267
65
7
51
447
296
352
549
369
298
345
56
218
388
18
110
329
407
183
361
538
201
196
456
250
166
244
167
448
540
76
396
252
273
186
270
519
559
223
394
483
224
319
367
1
358
304
327
121
422
301
116
453
301
414
314
417
515
126
425
36
341
382
289
175
128
119
115
108
343
69
12
567
389
519
128
557
528
440
366
571
498
286
269
121
125
174
128
264
439
366
345
489
61
352
51
155
534
75
484
235
233
134
8
145
42
326
123
570
186
481
553
97
179
243
218
305
409
339
569
260
125
326
170
175
392
413
356
41
258
352
535
321
187
492
150
7
54
165
318
338
125
351
377
5
350
101
254
526
19
568
36
414
136
262
426
528
512
38
406
27
390
361
348
414
109
335
421
163
501
537
23
274
509
313
193
132
202
345
180
14
397
361
241
317
86
408
1
267
92
553
382
261
509
37
192
503
149
10
341
504
547
104
519
474
417
130
346
38
216
527
374
31
46
356
62
582
407
426
263
67
505
368
508
261
409
360
454
309
433
299
341
270
281
103
9
42
116
519
358
242
500
220
56
385
200
468
151
24
312
414
441
234
199
367
496
375
144
134
101
577
433
209
32
140
214
427
319
167
34
373
119
385
173
195
470
277
340
146
145
417
424
287
491
366
3
522
555
335
232
50
265
446
467
503
2
97
330
321
248
364
94
352
149
267
547
35
528
287
580
331
19
159
96
47
489
350
284
46
356
304
260
8
326
367
4
310
189
579
73
312
456
178
441
486
185
217
466
18
148
461
221
167
493
317
214
269
82
370
188
310
401
455
441
447
189
18
375
78
398
439
412
14
45
184
519
140
53
224
470
574
481
138
293
327
13
331
270
516
104
174
149
0
123
4
527
312
102
317
391
500
170
297
514
295
171
64
429
30
207
152
340
160
398
85
112
324
409
493
358
154
353
397
447
232
69
530
163
155
189
586
467
385
49
388
262
220
539
104
250
159
256
91
320
68
263
432
14
486
358
542
362
408
526
43
221
121
497
306
353
548
95
504
303
167
45
3
189
192
226
268
527
506
297
490
422
213
222
436
111
580
346
474
400
284
473
577
406
382
252
127
342
303
43
13
470
88
311
392
468
496
419
581
273
252
280
235
559
329
56
413
45
529
533
133
31
333
496
377
439
376
335
79
452
101
104
246
558
415
388
187
322
557
518
7
559
549
581
280
289
49
104
84
578
48
557
359
131
314
348
108
267
493
285
427
583
139
303
340
117
320
298
333
270
223
418
304
451
232
354
200
348
98
487
141
376
306
41
61
152
511
169
541
414
454
378
408
125
213
158
242
65
149
468
489
255
145
11
125
137
292
33
412
540
561
343
563
81
404
34
292
561
543
209
77
31
5
389
262
248
565
544
224
79
421
78
334
522
89
460
68
337
449
480
286
419
232
545
267
488
328
57
174
240
518
274
326
436
419
413
112
504
226
433
525
86
10
23
385
277
190
411
418
278
14
17
56
15
562
227
503
298
188
85
538
18
360
176
359
159
251
566
177
329
360
450
453
103
321
340
440
405
563
389
159
498
63
342
80
534
13
563
578
172
340
368
384
515
334
295
110
21
268
316
350
64
203
239
167
524
580
43
337
579
432
496
513
524
245
0
175
39
572
343
80
519
409
467
411
213
212
481
280
243
435
236
95
370
258
16
211
508
585
159
444
46
585
192
178
157
105
353
590
84
497
76
403
312
343
20
326
555
301
383
285
156
246
346
10
547
45
102
550
592
545
453
286
139
388
230
362
304
535
306
398
564
529
128
87
416
368
329
165
19
117
322
175
363
540
186
187
586
160
142
455
578
467
146
122
132
57
102
127
189
329
95
555
595
223
238
538
131
535
34
336
149
160
291
453
577
1
125
591
563
499
31
219
575
126
190
499
184
4
338
373
333
146
44
44
81
197
300
4
255
371
358
14
214
508
455
253
454
98
542
417
252
84
220
531
4
313
278
554
538
564
557
340
488
218
567
70
415
271
74
50
22
410
42
213
298
497
443
156
563
360
198
28
581
239
519
45
557
105
580
558
583
205
151
110
80
301
427
356
585
531
500
88
243
476
586
310
501
326
140
466
221
470
29
336
112
548
381
203
187
364
163
304
103
447
414
183
102
85
28
530
124
356
414
2
487
422
15
285
354
257
273
305
51
468
64
55
284
207
343
185
175
24
458
150
310
458
407
412
181
435
580
542
430
395
182
318
174
350
142
17
123
316
76
569
175
595
104
518
167
245
232
254
411
119
319
38
332
182
157
583
455
165
237
236
194
513
207
368
263
350
137
139
66
565
108
574
469
320
311
253
444
192
472
346
202
152
396
539
508
17
434
334
77
444
239
142
544
428
486
41
341
210
459
279
320
354
252
125
74
500
378
518
27
249
200
229
337
532
103
247
426
156
100
372
266
127
445
339
128
267
301
601
89
459
317
547
598
556
515
290
206
263
196
383
323
534
374
332
284
61
227
358
467
577
379
131
103
472
118
481
137
420
481
227
527
446
172
77
142
598
95
395
157
312
7
330
70
135
512
492
47
474
464
376
19
428
110
433
238
430
584
119
267
232
506
126
35
509
203
328
504
449
120
58
158
279
262
248
185
186
303
543
303
100
131
193
376
579
261
134
81
4
35
553
418
478
390
302
496
318
472
164
85
0
399
341
514
58
590
395
244
289
30
243
85
416
350
42
330
147
130
458
116
258
342
442
10
529
396
47
350
310
94
84
480
560
133
509
438
26
98
578
125
264
307
591
227
205
180
557
352
310
562
469
115
299
386
37
10
202
36
104
420
269
570
110
511
320
360
100
474
25
98
3
64
152
93
108
592
458
184
131
234
303
438
199
550
219
0
325
133
94
57
120
263
588
7
180
515
303
41
582
44
497
187
580
436
340
525
570
441
486
49
591
383
114
172
548
551
555
17
484
449
481
404
105
263
411
86
171
514
127
146
194
56
600
152
315
456
61
6
2
164
297
528
292
516
408
90
440
509
190
191
479
32
37
103
96
368
206
438
90
598
447
604
46
439
148
74
607
529
80
141
242
281
41
82
604
24
415
212
361
598
337
347
131
95
285
186
36
216
360
4
253
362
545
499
179
13
589
284
144
519
592
553
358
24
192
353
48
606
14
268
396
28
137
237
506
377
30
503
3
209
313
50
190
204
55
248
556
156
229
442
153
10
119
144
543
435
241
402
432
255
61
208
518
224
461
32
584
371
468
492
272
439
237
110
491
72
599
316
92
57
308
0
223
250
591
300
399
119
159
488
411
210
86
319
319
432
351
292
193
208
173
342
397
410
593
384
507
554
449
585
48
350
550
129
98
31
512
25
252
121
81
367
365
351
522
123
556
555
308
181
136
193
395
534
475
248
178
371
62
15
344
111
203
357
208
344
530
98
22
310
406
112
205
158
250
81
210
530
494
430
391
347
471
55
526
326
535
129
520
456
165
337
489
368
101
84
119
39
183
141
392
262
4
551
445
446
595
450
339
457
282
562
40
439
174
337
247
420
180
531
357
388
594
413
337
560
204
313
577
159
316
355
421
92
65
252
538
432
475
36
275
529
598
316
354
158
425
167
385
195
557
414
600
324
331
11
122
252
431
100
50
327
356
416
10
164
466
97
24
403
363
124
235
86
215
76
4
104
41
356
421
258
432
146
259
186
572
596
537
441
102
84
369
4
316
530
264
494
166
27
30
454
573
398
162
31
555
392
166
29
285
124
439
101
270
83
439
288
153
257
369
608
196
301
288
401
255
549
250
1
401
172
54
192
544
155
315
457
150
183
611
137
446
272
483
518
428
331
189
582
588
218
573
167
180
521
228
435
453
478
50
8
265
284
390
275
275
178
534
284
352
356
374
94
109
91
478
132
324
154
496
44
579
284
223
473
28
373
198
368
603
249
376
250
533
149
525
416
205
376
71
356
40
102
419
364
395
115
28
535
589
444
6
575
372
142
51
563
470
109
511
231
75
253
609
47
521
184
498
160
613
4
516
87
106
529
230
598
112
287
229
395
235
274
618
292
36
256
506
348
260
451
513
540
449
108
587
219
498
304
305
367
266
603
443
35
325
54
445
437
153
54
213
388
140
23
539
316
530
305
26
338
334
4
547
140
135
5
545
111
57
593
228
293
513
74
365
518
249
178
28
408
222
446
121
62
6
40
378
453
558
359
198
36
530
388
384
342
530
279
156
209
495
275
569
226
336
251
449
479
171
279
219
266
604
460
211
562
341
97
393
277
420
555
277
329
321
39
49
194
263
119
584
103
320
534
156
621
573
405
37
33
560
562
154
413
165
19
183
316
25
197
455
514
178
510
444
185
416
237
112
56
356
540
160
520
452
316
518
382
204
415
267
142
183
51
322
437
53
358
154
537
451
454
77
333
391
224
65
520
68
441
110
497
195
353
324
341
602
313
99
54
104
238
55
33
180
416
10
416
70
326
56
29
481
312
167
442
172
371
107
512
386
176
492
597
300
341
3
237
558
145
177
234
488
334
267
128
239
210
257
537
226
533
156
258
504
424
132
169
272
376
554
218
64
156
484
485
565
38
180
214
532
59
454
85
258
216
176
459
427
433
370
27
159
615
389
541
244
331
440
144
259
531
206
50
133
356
263
486
317
618
224
492
267
447
117
538
529
416
165
73
77
52
134
366
170
523
280
414
357
234
396
226
294
611
298
480
623
91
499
46
262
238
300
482
462
90
382
396
277
99
115
408
398
155
560
163
126
148
331
538
414
99
169
112
115
45
77
339
35
229
411
83
619
540
160
497
197
531
303
508
155
511
127
394
568
251
484
314
395
476
148
263
241
332
504
613
96
301
323
131
530
106
563
520
571
552
98
152
296
228
354
452
603
599
561
462
11
279
618
350
406
5
104
230
569
433
398
159
456
589
345
176
395
453
59
336
375
157
360
544
258
587
238
103
428
41
19
442
229
628
178
471
522
587
148
186
83
316
425
117
485
87
335
252
309
619
26
42
204
450
606
109
257
292
214
222
98
233
579
242
349
364
585
301
626
70
4
426
611
510
243
168
69
479
368
302
40
112
85
493
409
175
483
575
290
445
376
467
135
630
302
484
258
151
49
252
222
630
127
598
263
536
362
524
472
41
419
614
55
551
165
591
274
555
225
325
533
459
109
102
158
583
116
404
291
412
491
505
278
488
470
542
260
69
302
99
110
590
80
319
95
36
307
131
327
434
453
361
171
261
132
492
294
557
557
21
348
126
564
157
274
337
327
148
219
526
316
568
288
243
138
267
280
60
362
627
426
3
134
113
614
279
56
28
475
624
560
149
581
350
538
74
453
155
325
328
460
368
222
535
388
464
408
526
524
135
510
315
138
9
428
109
289
340
371
436
619
48
228
46
231
515
308
596
187
165
241
579
489
433
178
341
283
322
87
58
318
484
108
329
289
162
576
186
110
414
2
186
317
568
585
118
316
494
286
173
526
377
462
418
405
185
43
49
191
178
505
605
190
177
62
77
388
262
96
493
93
98
201
521
431
229
464
24
211
519
30
473
543
28
14
199
414
310
255
376
158
137
379
629
121
470
485
78
106
43
422
546
99
623
537
530
322
308
125
550
199
3
420
96
391
68
191
582
603
631
543
44
324
530
377
211
524
199
261
444
157
512
370
546
328
603
399
232
272
524
600
289
345
382
203
554
268
608
541
189
342
435
549
351
434
549
192
563
241
327
605
440
210
121
110
612
624
134
208
86
558
381
94
118
69
512
290
456
352
191
517
55
498
426
278
292
182
424
122
369
388
63
568
402
572
32
390
287
528
508
352
536
379
149
619
58
191
542
295
112
579
405
422
422
510
369
613
372
152
416
100
221
479
27
41
409
215
313
344
8
36
378
533
395
116
301
384
34
462
274
124
143
124
218
219
507
344
280
605
360
148
329
20
131
92
606
192
634
425
634
27
600
218
387
487
76
582
208
573
51
290
191
561
192
326
369
146
264
4
640
334
188
66
432
520
159
431
105
150
601
643
259
337
302
14
14
277
194
347
16
31
382
380
214
432
511
57
39
329
488
150
617
555
155
629
203
628
432
520
484
389
559
140
122
178
572
11
339
264
548
557
486
254
92
208
77
502
547
584
8
91
535
253
411
352
638
136
277
543
459
562
73
33
429
122
211
357
125
486
388
481
446
44
537
384
28
159
236
520
243
106
397
5
424
35
381
49
574
533
592
260
197
558
267
610
151
428
535
405
208
277
240
9
251
434
348
645
442
245
353
464
421
584
389
23
394
359
310
225
481
342
528
90
224
620
168
126
156
416
197
210
363
601
151
546
388
499
544
183
30
135
157
172
220
203
614
232
137
5
7
265
164
263
146
387
545
365
566
212
537
584
522
26
216
459
84
99
560
481
341
242
587
498
419
521
208
219
369
243
472
79
645
409
148
464
521
643
444
50
439
643
581
609
260
353
126
630
451
326
27
89
159
205
588
578
318
387
388
38
623
227
107
631
400
153
51
296
421
164
259
537
96
133
239
622
29
541
520
262
345
50
145
333
570
384
229
520
390
577
412
364
156
519
347
232
336
380
210
127
189
304
435
76
577
40
417
39
57
239
187
272
82
127
222
418
560
243
77
197
262
121
88
486
500
102
119
247
407
422
133
342
588
108
228
420
212
203
362
502
564
637
254
471
27
59
36
525
453
302
362
287
433
74
399
622
491
479
27
174
410
24
530
384
276
145
22
407
370
460
5
380
328
563
204
118
407
149
66
318
139
531
277
504
650
254
519
447
437
365
403
340
220
281
95
143
501
339
187
117
481
431
194
182
227
485
469
322
516
272
456
303
562
328
100
119
512
527
567
295
147
277
239
416
511
176
1
319
559
4
9
389
425
218
44
54
235
264
315
153
277
355
492
504
477
638
33
28
494
499
136
373
30
630
344
215
463
551
325
187
427
479
228
496
313
230
536
108
479
24
341
620
27
595
15
510
8
262
649
572
214
582
289
244
477
599
241
315
362
8
569
588
572
633
236
97
368
589
184
159
3
222
9
100
175
649
510
261
291
465
636
361
128
521
152
207
464
86
542
49
249
414
499
599
21
230
436
611
194
599
277
514
131
26
301
80
297
448
374
329
536
19
479
363
232
539
631
228
611
542
303
202
324
295
509
51
626
31
126
163
584
249
97
80
629
117
88
647
266
68
560
29
150
643
589
47
544
476
407
147
448
60
571
344
5
79
411
492
202
626
555
219
82
208
466
237
348
6
191
554
336
556
462
590
366
236
377
55
460
7
278
333
199
190
89
171
383
265
587
501
519
153
393
548
177
351
201
406
76
220
111
443
526
612
484
540
583
544
511
641
350
432
514
578
436
195
88
411
460
268
251
396
522
91
328
34
570
473
59
95
495
67
555
589
339
113
95
641
407
120
600
291
224
238
65
326
239
304
373
224
627
278
241
92
317
242
586
142
48
155
631
479
290
330
129
574
298
14
204
392
614
374
479
528
29
615
30
657
151
384
443
308
158
306
518
410
306
613
45
355
190
519
619
174
629
460
605
17
170
328
121
216
478
489
441
67
151
201
293
640
120
289
541
115
515
73
219
267
595
511
596
421
4
612
363
349
65
365
539
63
97
140
153
630
470
96
517
120
247
637
451
168
548
478
404
266
73
48
396
169
576
232
602
363
87
223
574
130
576
60
321
293
488
591
353
129
292
521
501
646
321
631
354
525
417
307
567
103
407
349
272
278
145
490
589
332
550
30
586
211
375
338
469
85
532
665
663
344
646
607
147
343
308
467
538
19
322
552
599
233
540
348
68
18
171
658
575
54
311
651
369
374
660
559
614
317
104
584
171
360
204
400
530
191
170
87
353
38
89
460
630
126
164
430
50
431
76
265
537
362
78
293
49
452
664
482
36
535
643
514
338
137
659
47
333
155
485
418
93
162
595
656
321
666
248
91
523
141
650
391
165
59
100
326
292
561
592
573
491
622
236
139
152
337
53
533
407
498
517
40
394
541
120
522
550
102
519
476
120
360
486
361
658
268
18
104
265
303
274
192
581
284
157
20
474
616
552
380
41
46
78
473
60
320
555
206
162
138
225
480
216
268
390
662
114
342
624
472
416
460
188
660
94
220
354
183
148
41
296
603
549
441
45
22
510
580
398
650
238
385
211
3
264
599
456
513
628
486
384
125
537
620
153
74
86
120
592
509
252
408
46
336
312
384
429
377
68
249
301
615
387
555
324
106
427
235
648
284
285
266
135
391
3
258
63
473
423
666
632
453
288
558
612
494
38
460
241
256
618
483
476
257
165
6
397
593
294
357
24
579
224
356
72
556
386
312
358
325
548
650
452
50
390
276
12
635
160
215
163
478
375
279
566
499
135
53
212
645
603
111
453
242
574
450
463
636
364
448
165
607
378
55
405
516
134
96
72
191
383
20
550
242
564
272
479
65
496
337
497
268
352
121
205
291
308
325
544
577
52
361
115
278
178
301
546
25
571
470
239
472
97
535
134
40
427
121
113
511
544
103
408
307
409
286
651
142
641
192
127
18
499
445
566
397
176
395
453
18
225
243
117
652
320
607
202
333
292
262
140
247
538
588
259
677
571
637
574
289
394
509
258
184
143
154
576
633
426
608
420
549
633
607
134
455
535
336
109
664
436
86
328
362
24
616
442
98
193
561
546
341
552
32
413
467
456
541
92
5
372
263
240
50
512
175
483
372
478
592
4
191
144
502
458
508
459
197
448
617
356
411
629
332
86
157
247
12
508
89
661
604
511
533
291
80
140
326
24
94
274
129
439
230
578
182
64
52
374
57
613
39
191
145
391
278
26
273
232
605
100
434
179
327
361
369
398
185
71
609
351
200
600
632
563
633
579
615
58
86
141
31
197
559
125
349
577
393
540
468
181
188
561
129
253
50
185
527
73
167
163
26
566
324
608
452
259
5
402
383
80
313
417
578
151
155
370
548
113
23
585
3
223
28
348
283
407
645
253
455
203
33
497
683
618
131
609
51
12
682
186
682
542
103
541
659
298
656
498
35
643
567
613
463
335
80
366
194
507
257
562
60
394
456
362
106
603
219
579
653
415
267
5
617
360
488
377
379
138
25
332
487
581
251
410
78
281
83
428
489
180
300
438
237
336
121
246
242
356
436
13
196
395
539
383
28
485
631
687
613
113
275
319
61
475
145
527
351
273
355
269
122
259
449
413
152
643
157
534
6
477
187
137
355
520
420
57
582
255
478
409
97
532
23
418
473
247
373
141
221
76
357
100
143
513
155
551
234
538
489
563
402
239
623
291
91
128
550
623
490
566
180
380
270
78
441
167
572
145
213
450
683
551
593
123
305
389
678
557
558
468
561
270
609
494
123
86
689
659
631
275
54
143
200
108
171
363
168
502
74
252
451
185
381
492
411
424
574
224
41
467
616
274
439
681
648
319
75
212
17
83
454
264
552
229
389
284
214
425
160
85
73
239
76
281
356
586
543
487
54
316
222
633
485
488
457
504
2
174
559
397
522
264
297
289
662
622
28
313
299
441
426
314
85
387
221
352
21
0
473
247
251
172
186
399
533
77
456
512
105
180
149
96
87
571
403
453
226
53
202
384
575
612
590
406
568
563
690
680
421
36
203
341
452
618
429
21
209
297
422
621
686
475
92
335
244
55
357
641
626
191
459
416
659
21
343
385
498
673
663
300
103
461
176
484
510
372
468
524
164
547
677
437
57
370
589
352
117
200
135
67
442
11
523
320
133
695
194
197
96
331
621
139
654
213
347
685
6
241
554
519
41
359
615
128
395
674
58
309
654
287
574
404
105
625
694
213
456
595
30
431
161
126
228
502
571
592
634
291
496
85
41
411
211
392
591
519
312
654
494
171
374
683
686
599
219
272
174
282
354
675
351
220
514
503
515
325
446
542
280
321
99
67
319
621
667
98
375
254
394
344
441
494
476
464
359
21
5
394
510
195
165
578
608
115
369
300
430
598
456
270
201
335
123
541
149
235
152
229
166
93
685
322
576
280
157
483
94
401
166
629
112
558
378
174
660
58
587
243
30
468
29
244
175
314
491
500
214
4
137
447
466
436
597
145
669
88
201
97
667
475
35
675
127
457
10
596
639
502
107
292
486
541
221
153
312
53
558
501
72
505
368
43
27
624
142
307
113
172
269
452
629
442
205
329
366
395
409
325
581
141
519
107
305
45
629
274
437
152
488
80
383
522
280
537
685
211
108
186
500
368
123
409
462
128
119
4
103
452
227
593
264
244
642
283
473
379
61
131
585
456
547
621
106
434
276
651
581
473
364
93
600
185
296
0
549
300
255
471
5
56
347
484
279
241
193
464
472
567
75
472
662
597
460
19
262
656
579
79
131
148
149
8
201
491
653
70
652
373
653
673
440
154
435
198
21
551
215
118
211
575
462
592
423
374
127
78
681
93
413
382
224
159
316
143
577
339
553
554
169
341
306
153
278
329
62
398
111
675
303
697
340
690
246
84
117
293
353
582
107
472
190
332
506
223
583
463
93
478
277
5
496
6
249
52
156
348
645
620
666
490
340
703
342
459
406
255
532
405
477
189
277
617
419
80
428
223
242
252
676
204
449
131
348
184
263
476
324
214
311
178
531
191
197
510
654
141
480
276
624
656
444
619
586
394
483
458
686
332
598
457
664
624
431
694
504
194
424
91
544
217
165
606
94
562
405
237
538
44
62
631
404
468
5
317
152
676
393
378
435
260
170
139
525
521
479
22
165
207
659
640
262
175
152
28
283
567
585
550
482
170
143
57
294
566
203
365
237
531
331
547
54
427
96
262
5
417
305
432
46
584
312
679
252
334
367
443
651
559
260
143
34
288
179
581
607
80
403
473
13
6
442
451
273
170
234
604
406
374
29
14
659
447
108
273
85
221
318
300
90
715
266
706
670
23
527
593
59
634
385
468
119
584
280
637
218
249
507
12
574
428
354
512
517
413
715
172
559
556
269
143
162
107
676
398
306
149
446
714
186
74
17
673
129
703
621
134
400
320
41
280
548
683
278
531
113
699
11
486
299
318
499
365
660
421
77
573
61
625
563
419
388
665
158
435
33
334
666
266
615
164
94
133
25
464
613
255
150
530
384
366
558
96
375
444
61
448
599
33
535
356
537
376
254
718
319
275
546
269
331
14
167
400
184
687
676
478
297
423
178
498
14
386
80
354
141
564
16
401
329
151
629
101
582
510
381
717
152
362
574
556
402
268
360
106
497
542
516
315
49
617
289
559
200
151
323
276
104
9
164
454
61
469
648
200
468
168
381
461
356
646
479
264
216
241
384
528
215
321
633
248
172
440
575
705
449
667
67
291
591
434
330
10
246
20
678
259
349
64
355
484
416
88
451
235
228
480
527
313
236
240
2
505
301
123
529
636
621
590
106
443
520
684
537
562
175
174
257
385
488
495
293
384
231
547
174
353
83
213
327
345
426
419
625
152
226
52
83
101
622
189
588
656
171
217
319
87
436
180
110
270
416
447
473
280
498
309
156
657
110
344
93
703
307
114
597
680
316
308
717
214
431
177
574
28
244
442
303
490
390
549
253
397
21
88
377
426
322
225
16
372
65
251
477
449
301
666
697
440
680
91
345
702
251
660
410
292
714
115
444
685
640
713
565
247
558
128
336
346
413
618
2
415
86
168
318
707
182
303
599
23
211
186
663
593
408
167
285
500
222
403
598
435
706
498
156
405
411
299
40
184
143
146
597
84
716
412
197
312
298
395
583
331
605
594
307
57
380
291
535
524
301
212
61
351
642
666
714
414
708
688
542
706
440
515
349
694
197
228
346
41
156
154
110
686
246
65
95
103
217
652
528
49
698
393
206
7
712
121
257
234
93
116
581
213
229
278
565
718
488
542
648
372
662
400
362
606
611
210
366
271
577
288
614
389
263
721
206
424
153
730
591
509
369
235
224
532
389
677
568
28
306
387
298
31
353
102
454
328
497
714
653
398
427
359
571
345
171
132
455
405
301
457
333
676
415
682
273
684
638
305
728
461
42
500
303
191
137
542
491
88
123
675
87
543
101
233
293
471
546
4
388
192
704
646
20
32
44
719
282
590
28
507
103
245
697
581
178
78
495
560
142
245
539
259
549
459
210
419
738
514
78
606
25
726
106
128
277
560
576
213
443
281
204
362
390
471
705
302
71
153
359
226
175
60
617
484
165
353
293
449
356
266
599
186
448
166
172
638
414
231
176
45
38
457
376
578
167
49
312
149
113
450
304
445
683
217
424
128
509
640
521
467
68
220
317
415
283
69
405
637
610
22
29
291
311
650
50
480
46
425
389
367
313
258
380
29
426
118
568
682
597
76
41
673
572
557
708
437
739
695
346
128
435
663
132
419
507
482
524
410
172
271
300
591
440
672
407
102
171
261
588
642
522
330
664
506
161
216
247
568
80
72
452
199
70
429
569
703
254
250
439
360
576
546
497
308
176
124
468
455
609
275
80
532
111
116
492
492
241
708
67
555
149
670
142
474
244
129
192
417
85
589
532
283
699
186
567
384
658
237
148
366
229
571
589
482
190
688
206
656
480
17
43
179
51
200
475
188
267
589
215
653
747
244
380
113
131
590
687
387
28
246
440
175
192
141
415
220
582
486
51
299
728
621
537
74
667
336
594
63
606
554
315
365
473
132
246
525
16
142
698
64
452
102
555
221
385
216
366
341
601
499
601
598
176
518
136
683
632
112
198
684
25
738
626
326
249
39
743
486
24
171
746
732
455
345
592
444
503
401
659
614
398
704
200
570
76
647
601
192
189
206
130
616
628
651
589
269
702
426
383
529
0
565
734
613
326
201
344
180
706
10
415
314
369
544
22
678
735
200
286
1
21
193
409
442
41
111
338
53
190
715
422
424
360
13
132
424
252
84
113
103
360
457
683
341
544
530
4
402
364
466
176
7
451
165
132
98
703
673
523
48
155
304
37
755
333
26
102
406
378
513
715
510
10
256
37
480
528
620
736
176
27
214
494
221
602
593
154
172
647
24
583
34
50
607
459
711
501
169
280
515
432
399
587
25
66
507
608
195
369
280
585
35
80
746
191
57
405
736
579
736
215
724
503
659
430
294
348
165
686
490
84
349
183
342
111
529
93
352
598
75
723
514
495
468
482
448
625
624
284
307
631
733
312
399
746
86
153
536
695
583
673
10
199
732
265
443
590
584
322
266
485
446
346
215
7
494
533
419
460
444
255
131
202
560
595
512
446
175
213
122
201
382
39
190
249
488
325
519
89
233
436
324
743
112
684
541
587
83
469
178
396
336
559
73
672
201
268
321
545
398
337
290
562
671
18
730
19
46
717
112
192
184
88
471
337
396
220
114
743
239
443
277
147
162
463
417
12
309
367
256
724
465
51
285
611
346
2
599
222
273
552
129
659
279
692
259
547
698
284
736
343
168
441
427
745
547
169
393
176
684
751
554
175
759
750
381
107
765
765
96
654
454
388
685
282
31
536
743
271
147
102
125
753
532
242
297
546
27
651
295
76
545
123
176
694
234
679
658
538
544
402
496
698
646
69
118
269
68
708
279
754
154
139
166
493
625
348
598
321
556
571
607
510
134
532
645
374
466
470
675
592
516
102
592
300
419
406
239
250
165
570
702
84
719
55
89
332
279
415
532
70
756
202
724
685
348
590
688
543
648
168
428
748
625
661
487
496
579
266
267
332
495
657
661
167
570
300
591
201
417
662
732
634
698
728
517
344
556
309
200
749
58
153
642
517
680
106
4
686
246
419
223
6
598
35
189
74
502
17
579
554
669
347
710
524
168
434
233
529
750
94
368
652
345
665
414
246
652
266
336
104
371
369
257
121
302
103
727
62
594
177
691
80
668
634
661
557
212
261
542
211
475
479
178
525
486
21
286
55
81
12
683
482
294
589
214
44
669
109
87
714
439
544
278
331
290
2
380
565
747
196
610
620
169
657
709
585
33
714
247
536
589
121
390
342
720
117
402
442
553
612
718
724
47
75
441
325
572
736
508
281
713
269
426
147
366
332
628
237
612
712
481
562
271
705
358
379
553
735
141
161
715
765
620
356
464
202
106
475
548
393
531
185
270
185
578
448
707
555
298
80
236
775
25
288
645
309
656
39
583
224
254
245
244
208
337
770
260
655
262
618
764
85
338
729
681
549
204
143
112
72
384
312
623
492
630
78
21
276
426
416
114
152
271
287
472
365
289
723
444
21
97
124
389
632
377
544
95
719
96
660
235
90
334
49
546
738
35
331
32
659
778
518
403
160
765
477
132
625
452
427
497
339
725
462
275
711
241
129
316
371
667
268
615
218
751
653
590
590
471
233
396
175
465
109
476
67
47
234
452
54
331
720
315
649
198
385
337
415
591
315
483
287
243
158
298
392
655
506
58
440
229
410
191
360
455
724
255
207
161
503
150
35
499
451
535
570
497
582
267
748
747
402
636
11
710
382
31
746
262
367
478
133
445
626
567
273
136
296
440
37
494
770
654
7
373
240
438
768
312
402
556
22
403
260
648
4
459
724
384
723
538
100
16
267
37
579
443
475
407
703
264
204
309
130
629
136
197
597
81
322
541
114
710
611
761
258
598
167
581
696
438
292
707
482
425
356
409
589
141
789
339
671
744
100
129
422
665
282
409
528
461
545
787
491
433
776
761
178
683
485
342
738
706
615
638
636
208
144
106
782
776
150
370
56
22
160
103
15
100
517
655
772
514
701
577
697
610
209
499
31
631
401
575
683
289
329
83
227
611
213
304
94
108
278
770
538
763
596
135
52
260
490
617
100
138
258
115
104
454
738
567
371
533
601
318
126
359
352
257
680
11
274
733
742
352
219
414
452
554
152
352
627
135
267
505
701
302
532
207
403
601
399
247
343
710
741
772
599
37
221
762
192
570
89
546
273
403
320
619
199
419
604
159
585
375
267
158
132
618
586
211
689
774
693
147
116
703
569
733
582
107
428
557
657
659
6
384
242
98
609
736
298
497
99
689
307
318
781
71
608
673
684
680
558
571
429
498
156
717
644
469
70
37
463
555
398
442
753
356
598
367
630
258
554
530
77
164
133
617
207
655
724
188
652
314
123
223
354
637
31
14
25
459
47
774
378
531
334
664
108
231
531
774
292
165
262
790
791
699
326
144
192
154
540
284
549
74
777
735
785
434
434
618
621
581
31
581
244
175
136
19
289
211
14
518
413
800
275
16
556
191
460
364
215
739
616
29
51
689
75
244
751
57
610
392
452
195
593
688
531
789
560
626
8
202
421
277
688
718
669
685
614
439
265
472
562
799
120
133
511
432
324
646
80
703
788
606
211
329
307
745
148
160
271
303
594
530
86
655
392
577
733
137
554
127
79
315
610
176
151
579
386
505
206
362
269
184
617
796
672
477
784
509
697
63
265
506
615
484
557
1
787
156
166
226
370
244
224
556
305
392
527
686
170
249
401
617
457
579
69
310
205
66
543
769
36
283
603
750
312
619
467
519
471
17
201
687
279
587
671
104
133
535
53
811
586
155
541
798
115
687
277
751
187
751
761
787
594
452
374
75
60
210
352
728
63
686
605
712
15
31
757
125
458
584
784
314
572
406
711
569
683
259
192
125
407
699
552
148
600
454
576
773
346
13
631
625
134
500
155
752
12
746
25
244
148
334
13
286
162
658
67
518
681
687
23
494
290
744
409
179
635
573
759
284
500
618
808
3
177
209
407
585
54
458
39
125
652
550
178
244
214
793
620
74
197
113
614
778
786
683
509
485
183
790
39
619
176
200
207
236
31
105
517
735
644
704
618
155
87
457
787
701
81
606
269
60
599
79
660
247
483
798
570
626
4
187
12
530
564
723
272
98
674
140
812
539
101
414
479
419
615
316
290
220
342
333
380
451
83
750
327
132
530
593
526
255
456
741
77
390
524
708
64
380
45
794
603
756
524
300
595
267
316
300
581
291
609
505
127
272
478
306
818
432
379
227
79
642
118
800
738
117
780
750
701
351
273
192
265
215
109
122
683
68
662
111
772
392
300
565
787
672
665
669
647
630
378
718
803
423
757
156
780
166
19
93
506
293
140
282
603
572
133
656
756
786
781
6
600
97
145
675
620
354
737
713
20
388
103
597
75
508
777
306
483
438
127
441
229
499
458
305
362
182
515
5
3
814
610
432
64
789
567
681
100
191
729
20
475
108
357
197
45
570
319
588
11
326
239
364
656
722
506
321
453
20
509
190
709
500
116
803
55
82
217
130
748
486
142
246
247
263
271
524
642
454
80
715
264
199
165
140
68
462
760
257
362
346
321
736
251
762
561
557
515
438
116
401
762
506
183
697
358
122
651
750
162
65
437
124
315
701
244
171
328
222
155
647
231
132
161
148
574
203
104
297
445
626
536
22
222
142
765
398
686
825
828
277
326
344
753
506
734
600
733
50
309
795
385
361
198
487
47
291
34
11
388
548
653
265
268
56
703
7
684
181
194
335
395
648
586
606
65
829
369
506
504
344
160
355
250
122
531
321
643
5
653
132
545
238
433
551
110
156
255
59
383
234
170
816
724
488
537
529
52
97
464
272
715
564
246
745
148
387
832
136
381
435
644
336
740
137
364
742
485
479
155
491
117
261
841
683
832
772
264
770
755
229
164
87
613
69
335
106
229
167
86
754
489
330
492
473
643
342
659
708
639
331
422
782
426
811
230
133
551
835
232
643
615
28
567
770
712
225
844
5
583
511
662
817
69
89
384
417
445
479
87
735
236
342
435
705
576
202
695
280
107
246
750
590
350
274
270
692
649
777
789
809
184
583
153
321
494
321
180
621
278
60
552
315
214
299
538
333
472
572
556
172
521
472
585
59
353
670
254
330
746
717
130
42
126
839
797
272
554
286
523
139
46
700
8
144
490
84
224
317
45
272
619
681
435
349
769
711
589
93
492
52
723
170
44
567
424
778
453
2
656
701
187
650
186
506
163
476
375
437
227
756
174
270
477
260
506
6
88
560
749
418
593
12
86
299
758
376
747
443
235
186
501
52
5
144
218
361
414
196
487
823
837
649
536
371
443
96
49
185
674
476
299
805
471
812
585
845
88
278
508
184
569
357
659
516
812
625
558
138
792
796
67
768
386
464
62
441
546
828
855
494
747
244
132
224
560
753
125
79
357
191
162
506
507
471
719
122
276
305
195
68
167
345
26
325
415
123
499
13
177
822
698
76
116
294
186
423
411
356
371
262
455
539
548
372
497
88
464
335
293
292
739
733
469
575
382
297
640
303
510
460
335
567
737
263
191
544
833
453
97
172
21
558
766
760
162
86
613
267
736
642
267
165
47
141
645
222
170
117
562
850
378
178
179
546
182
639
364
756
197
807
554
747
623
318
581
750
453
432
423
227
310
555
8
668
778
571
504
828
715
667
82
470
148
184
332
58
647
0
666
154
584
46
727
528
247
14
716
518
334
395
305
620
622
789
734
750
599
166
186
221
311
738
310
628
676
697
244
753
745
96
71
600
54
716
613
431
112
111
853
334
183
356
89
661
390
611
482
58
443
478
522
783
257
484
419
623
528
552
355
506
140
383
420
692
275
667
631
222
451
408
386
78
706
675
569
721
149
92
700
152
64
850
670
684
389
682
418
835
526
652
668
738
82
254
534
343
767
245
589
270
161
858
302
723
601
762
686
120
176
493
756
4
288
435
675
387
71
607
205
364
505
554
388
863
28
224
173
33
447
688
286
91
613
204
135
397
392
4
144
101
806
258
267
131
568
714
407
632
629
53
264
800
277
282
51
775
876
216
530
97
560
312
549
43
754
474
750
63
534
838
288
226
840
789
823
125
496
722
205
97
194
374
447
864
78
75
163
772
855
352
766
333
313
821
464
237
54
826
620
592
376
388
94
157
632
249
414
832
714
733
413
879
195
674
7
804
322
845
863
822
264
63
129
234
547
508
424
300
488
214
538
715
57
271
618
785
306
534
109
80
231
463
568
254
151
270
824
673
208
538
85
35
743
23
50
321
764
252
539
18
459
121
409
417
240
776
612
735
864
807
69
104
856
478
318
324
106
745
533
530
347
280
831
604
313
226
593
755
72
170
521
274
365
879
177
552
657
629
77
769
446
417
871
432
229
573
401
89
118
880
207
279
810
687
806
39
759
93
880
97
101
279
26
192
463
202
880
623
311
642
544
113
737
541
570
22
579
519
553
337
410
495
452
173
493
730
407
212
711
696
121
163
540
699
276
759
89
791
886
698
157
858
764
628
212
632
200
149
422
459
369
788
381
866
251
423
504
453
361
591
585
295
651
291
114
882
546
378
357
101
144
106
779
688
59
806
650
278
688
769
678
238
208
692
419
714
361
835
640
419
22
819
326
607
308
643
363
409
733
802
660
613
34
409
3
580
142
781
621
186
475
664
785
34
770
190
428
813
136
678
234
692
225
699
151
555
794
17
440
720
150
633
171
672
540
871
674
226
585
640
244
569
89
783
724
654
326
58
806
88
770
300
562
247
61
178
328
601
222
9
794
795
646
175
654
247
530
656
83
362
493
299
33
148
494
334
664
638
187
713
566
399
491
718
77
894
592
346
722
872
76
817
373
525
141
414
413
369
813
512
209
712
897
149
32
573
172
771
21
47
143
738
581
154
546
283
121
17
302
485
800
673
69
474
358
527
741
120
202
484
210
510
827
355
381
225
856
893
477
229
883
147
132
237
424
714
366
295
519
475
365
709
388
642
230
285
163
448
14
235
569
658
482
833
459
326
74
664
6
260
695
99
307
127
71
514
275
623
167
179
381
179
467
734
556
749
437
457
848
352
95
707
702
905
124
701
241
886
847
229
492
304
797
83
804
402
713
105
858
196
914
204
625
717
537
34
60
434
405
192
467
778
12
496
482
578
507
624
109
905
15
34
435
109
617
613
382
485
104
709
667
600
379
217
339
607
151
15
195
429
3
625
610
820
546
720
659
527
648
432
66
512
102
241
85
678
640
100
747
694
56
386
430
598
525
466
229
26
780
744
398
871
647
358
289
879
229
263
432
541
133
34
317
483
745
361
701
655
317
523
269
748
349
147
231
512
33
134
321
540
579
592
526
71
28
671
137
250
305
574
895
896
785
481
85
79
192
674
565
226
311
377
450
591
519
781
500
310
190
751
339
154
110
617
213
490
238
86
864
885
548
823
888
817
272
759
511
832
266
97
627
349
34
217
110
372
178
478
859
168
44
383
781
204
849
578
544
492
510
363
106
127
230
575
625
618
44
83
906
823
271
585
90
37
508
480
772
60
763
105
31
682
432
879
29
84
598
827
75
115
214
342
831
832
204
257
933
37
212
658
538
180
243
769
246
906
133
537
302
745
589
0
529
809
532
891
77
215
218
772
186
477
338
183
608
785
697
143
357
27
160
606
618
330
358
777
821
186
88
822
647
638
617
640
17
459
725
613
308
844
69
870
275
854
77
562
304
799
676
138
362
688
500
533
605
770
695
454
488
778
803
675
135
821
377
633
901
456
391
113
211
907
651
259
444
608
407
338
189
900
591
800
730
299
298
911
144
816
619
542
254
773
841
328
565
140
335
771
184
125
783
861
313
62
610
618
672
429
720
648
147
155
186
233
735
98
140
719
733
623
9
421
441
900
675
300
317
742
879
399
641
376
626
331
353
345
489
485
156
225
378
370
842
442
892
891
60
322
662
643
16
755
233
22
947
562
206
916
895
749
16
530
834
514
483
173
294
443
166
830
936
332
215
425
271
462
941
405
266
395
433
232
91
418
722
211
708
915
32
52
316
667
283
594
223
198
72
615
801
355
842
744
732
626
45
638
44
600
395
579
142
838
637
281
727
590
204
729
761
870
407
674
233
80
68
140
790
737
741
798
327
87
389
737
74
546
931
374
519
536
194
586
245
800
877
366
520
677
756
169
75
397
618
869
171
107
108
281
34
123
777
821
485
482
94
150
791
161
487
742
290
544
786
776
632
907
955
850
168
268
540
138
588
369
527
265
559
90
35
535
373
922
934
314
119
896
815
206
209
409
456
923
831
651
335
749
285
322
922
569
646
688
300
686
120
262
948
447
821
721
841
430
326
721
180
538
892
365
928
195
756
52
462
958
568
830
277
492
810
781
315
206
479
499
889
580
341
3
652
429
673
914
652
32
568
649
775
321
188
851
751
597
668
293
427
836
643
171
871
704
60
862
302
129
611
106
74
722
853
949
404
258
751
77
626
612
541
579
943
274
434
557
196
35
955
580
612
868
724
454
879
685
146
32
7
833
509
259
939
272
928
912
630
281
662
197
924
217
783
487
208
859
667
518
275
54
420
290
72
795
569
351
597
486
450
515
266
293
640
335
791
466
645
676
965
90
606
537
856
502
33
923
733
137
632
278
794
343
770
916
307
864
848
546
64
831
749
734
456
492
893
957
857
264
365
806
856
514
559
720
497
198
245
401
824
431
900
232
929
531
253
85
409
308
694
267
857
857
253
873
163
704
118
13
394
973
309
311
146
964
504
266
89
176
486
374
533
134
29
321
637
208
948
288
820
198
654
721
472
227
947
678
918
960
227
811
340
266
896
847
541
442
897
617
951
537
639
605
124
723
222
370
793
546
931
905
605
936
448
109
887
93
583
487
974
39
713
521
506
844
136
511
239
132
916
436
702
765
260
726
29
355
65
657
849
846
868
455
411
664
134
45
755
308
142
328
554
695
664
818
866
382
666
718
187
581
131
59
372
731
754
41
710
878
885
287
739
968
765
577
819
352
370
621
696
537
837
783
206
337
116
810
476
202
529
757
825
798
551
595
696
143
860
498
453
919
196
82
895
175
583
278
239
357
97
926
986
250
236
329
345
295
134
363
381
669
264
789
35
694
116
316
229
348
182
561
849
225
591
510
161
272
547
226
196
512
377
478
138
829
427
265
539
766
664
699
27
279
31
291
120
644
99
417
46
134
98
818
442
161
461
839
111
247
998
699
147
784
573
289
237
701
231
348
893
125
283
798
159
188
743
826
340
658
40
731
92
474
545
126
983
602
99
60
113
434
686
160
861
99
554
955
572
959
970
986
962
849
452
187
865
444
918
567
742
724
957
474
435
702
981
967
887
333
682
258
936
868
215
286
376
419
147
864
178
720
911
780
244
281
285
841
927
269
603
633
448
94
679
497
534
367
736
50
1009
223
418
78
488
301
496
622
414
753
17
554
928
907
980
63
789
505
397
264
552
687
387
392
350
933
266
788
778
864
0
284
320
533
963
55
124
554
751
473
931
75
951
909
103
898
86
325
501
698
329
64
254
485
52
295
225
777
314
343
501
310
840
253
203
797
763
131
591
228
826
494
480
256
993
870
292
865
517
399
259
854
860
95
108
366
931
169
391
957
135
751
678
866
396
852
507
762
486
274
390
942
190
249
576
240
680
701
920
708
257
612
643
490
177
755
1014
287
252
596
408
686
827
364
47
636
863
172
972
499
662
717
970
1004
494
1004
694
989
342
546
189
894
882
280
186
649
576
133
56
683
850
525
626
292
981
441
253
765
289
490
727
1024
585
137
378
939
499
218
11
696
884
681
730
487
709
722
331
500
351
280
66
943
1010
646
990
331
939
142
476
641
1027
0
615
634
367
153
438
682
186
33
71
594
391
933
773
452
959
523
703
33
720
574
118
102
944
928
667
839
198
228
253
644
954
500
696
191
178
230
507
283
1002
141
861
778
145
555
306
4
571
26
66
119
931
1034
989
638
845
336
19
606
733
857
24
616
465
717
103
539
318
799
584
417
944
310
464
663
207
735
844
622
265
1030
201
171
156
588
980
473
330
929
288
26
38
361
166
17
113
457
945
186
503
997
518
835
746
882
766
753
134
102
203
779
172
291
265
204
608
30
25
582
111
250
288
519
1028
824
813
227
1004
203
0
783
650
1000
200
32
39
474
814
404
612
809
616
5
236
935
358
255
802
897
1019
678
68
436
109
477
108
399
752
148
1
559
416
709
620
696
882
1011
535
200
739
719
341
760
47
646
994
979
367
486
815
227
80
425
595
668
473
375
435
392
413
1026
508
485
437
315
282
443
1030
137
303
1040
396
567
203
36
1009
238
366
186
463
563
283
817
676
869
33
155
64
865
157
334
300
666
108
409
413
1035
11
771
68
626
947
128
473
549
248
28
270
29
534
935
524
982
654
644
600
315
510
921
696
613
483
756
79
847
901
519
392
282
630
852
709
464
1024
517
242
934
259
110
853
418
625
533
734
144
125
897
977
898
262
235
1066
210
687
230
10
146
1021
724
899
633
30
58
284
327
903
386
251
40
918
1012
311
858
927
922
296
154
995
275
257
389
710
176
251
605
637
491
669
408
915
322
1026
153
816
447
237
205
97
408
50
905
134
612
640
1069
457
82
423
856
725
965
65
859
493
15
664
564
631
1080
471
976
222
106
471
531
51
508
789
627
309
835
718
176
134
682
758
862
40
62
1030
693
895
113
341
912
698
135
967
91
1000
262
387
207
44
177
432
412
484
389
492
46
118
492
674
970
926
280
1074
746
880
334
834
102
280
90
273
654
104
10
862
499
598
493
1001
84
326
53
667
135
929
849
457
139
518
829
384
169
1040
285
803
10
129
993
624
702
500
1066
284
1060
577
620
295
15
828
999
968
204
1073
219
95
2
723
1012
1033
700
718
640
383
873
440
1095
290
1038
370
749
196
677
556
150
960
602
355
718
204
138
91
1004
599
880
907
22
18
715
1030
55
172
105
485
1022
656
790
753
897
82
127
33
232
1074
196
72
410
45
488
762
493
400
89
175
361
880
682
202
766
48
65
253
249
545
28
746
46
130
507
315
848
705
641
192
821
1040
591
225
672
384
289
1081
104
491
68
1080
356
131
87
35
605
263
51
88
252
706
277
658
457
741
324
383
17
128
386
445
538
277
874
54
76
575
1095
215
208
1048
443
816
865
804
820
280
888
986
780
88
633
77
342
436
665
628
869
791
1056
654
149
479
1065
275
1021
891
612
228
374
428
350
1072
807
404
622
779
861
102
233
978
642
203
187
75
1023
193
88
362
320
463
980
577
404
71
605
30
191
542
84
775
472
654
134
330
1118
196
63
708
1125
670
143
102
811
666
843
211
828
814
290
965
697
796
863
982
53
689
321
590
1109
315
313
357
942
156
520
321
159
262
5
662
548
162
902
217
154
184
993
844
704
517
857
113
602
557
567
1075
504
1040
455
718
60
1000
1033
560
246
102
1129
342
17
21
760
877
135
1052
358
301
1012
695
633
124
42
565
598
631
515
560
306
177
867
64
1009
1109
887
1092
1130
166
28
821
909
416
774
618
685
959
324
837
975
987
987
538
716
225
677
508
288
1009
118
603
1143
66
744
475
322
481
165
1020
160
437
555
675
686
416
321
577
729
253
659
72
868
1137
978
389
375
787
943
1143
614
975
851
705
1019
375
276
941
155
941
1006
54
296
523
606
830
590
604
445
836
922
612
1105
1044
533
1119
1041
329
1034
1025
957
1006
1047
821
858
403
174
856
717
679
359
759
138
631
654
330
263
255
751
996
1016
683
162
574
256
837
525
297
531
881
981
535
175
313
115
819
110
746
523
591
165
327
761
586
540
169
569
198
840
509
602
812
139
1090
24
165
1060
27
355
750
1055
947
365
713
937
423
592
101
434
1048
1105
245
269
537
231
818
861
987
238
333
1163
878
9
1010
975
351
320
921
493
554
159
670
898
259
296
355
237
569
665
1158
277
216
871
734
1145
1159
79
1024
98
525
1081
1075
22
249
1021
156
940
59
588
899
602
500
332
1118
25
1015
38
558
452
897
222
172
598
771
31
807
376
978
565
1032
320
622
442
459
363
11
1000
990
630
474
941
1168
875
1076
417
54
943
583
164
979
654
348
262
385
39
750
851
164
434
212
143
571
745
404
52
109
1095
599
480
566
71
220
613
72
539
1158
744
1129
884
921
583
304
252
659
1075
899
1043
647
467
25
487
1005
491
255
335
742
204
890
850
712
868
1159
136
1015
802
1126
976
619
832
80
1105
57
881
642
488
955
797
372
1050
1102
973
226
635
704
822
452
452
143
296
415
242
1099
139
935
618
102
338
564
11
204
715
864
541
1027
130
363
182
609
704
116
357
77
363
643
687
815
340
319
501
929
246
1196
932
831
111
887
698
354
910
567
544
510
801
1128
289
87
1117
1074
390
468
11
696
97
1170
285
81
128
147
799
865
858
59
435
734
1107
137
761
876
747
908
205
967
818
320
128
1146
1013
292
206
682
300
861
326
165
960
569
342
561
420
1176
1115
294
639
566
522
1029
736
410
33
578
221
583
61
744
824
223
214
143
1164
162
445
760
969
546
391
766
385
245
715
526
286
197
675
641
343
663
25
475
123
159
774
298
611
392
1036
980
478
998
252
89
266
917
502
25
715
240
562
173
306
506
1164
998
1202
70
125
146
653
555
590
70
1213
297
771
1208
484
815
583
673
1218
1087
314
1182
786
916
471
799
649
377
1152
905
719
802
848
1010
1185
220
1101
15
1057
189
347
850
811
693
323
722
476
383
195
830
333
205
1056
1164
1232
197
463
726
972
669
63
681
157
1052
415
1108
732
1127
541
1198
653
314
714
454
211
139
878
488
950
1190
718
971
1055
389
153
891
62
188
727
42
22
920
519
397
937
964
1141
528
1064
869
136
343
1170
1098
316
529
475
238
809
1091
832
213
325
20
458
1110
986
1029
775
247
1069
894
1083
1070
1126
688
180
500
192
297
714
234
913
883
1081
909
1148
1014
774
856
654
1236
1001
29
177
1229
239
569
565
207
310
537
1030
11
1181
606
1040
320
265
250
1168
705
491
129
161
17
355
202
822
290
959
734
804
74
323
495
221
328
831
780
305
1132
932
632
739
905
598
799
157
938
996
426
183
273
712
761
371
1219
728
457
1077
90
904
116
975
97
100
1141
608
1036
813
519
63
336
736
248
378
245
350
238
1159
184
269
371
273
340
342
390
51
125
388
1013
745
926
851
384
1267
124
550
8
292
281
74
934
283
1083
126
908
1021
1019
746
1183
1140
692
686
57
449
680
162
719
475
176
288
705
519
450
46
321
1108
625
993
450
873
1109
781
1038
1148
46
228
1204
683
1137
878
900
373
419
553
448
625
946
95
991
1128
220
549
1011
112
717
199
194
544
906
791
451
434
30
647
1142
303
658
1020
467
570
559
471
700
514
1074
761
127
100
356
899
84
856
54
77
223
228
88
586
827
412
149
1128
824
1044
631
1065
932
181
689
1255
799
381
2
786
563
297
1285
664
563
66
1094
1104
25
106
607
285
317
1020
333
985
863
264
96
96
966
1013
984
322
329
230
320
54
1176
1086
576
211
339
219
468
432
180
380
391
136
605
594
1265
1036
544
30
340
467
1087
968
1024
205
304
29
383
1045
949
601
487
1039
1162
245
466
306
596
680
1126
1259
740
1291
672
131
654
934
129
747
48
855
417
319
5
751
542
792
664
978
957
1321
820
1156
924
638
197
204
546
731
1088
1278
585
52
545
851
450
799
5
270
340
1290
1049
97
1134
1054
15
585
1317
521
1293
70
1005
552
846
837
160
689
502
317
346
599
774
1038
149
557
706
1287
223
1047
747
653
869
950
760
278
1251
336
712
518
1099
591
1102
806
315
402
493
351
1181
876
483
1123
452
1156
1059
1287
647
1228
877
463
901
748
158
570
294
8
434
79
678
575
1079
740
603
723
983
1048
393
27
561
1006
550
24
560
846
1096
470
489
970
735
441
816
444
129
274
656
616
1161
1118
1018
509
1048
899
949
298
1167
937
847
288
262
156
1357
618
89
913
1254
731
1003
636
1116
63
521
1359
654
447
65
781
401
823
885
376
807
610
563
896
1242
1068
480
1001
1017
500
643
1157
318
390
795
368
158
1026
145
1167
437
156
924
781
903
286
826
1363
868
1091
1247
637
215
48
227
689
715
614
1234
962
662
965
689
201
570
15
548
493
896
872
109
201
769
62
1096
1034
946
498
436
695
888
821
897
886
284
51
1071
496
1118
1079
1154
873
1377
1276
275
1123
521
801
154
920
1019
1296
661
576
120
50
1022
410
674
765
58
333
188
355
492
800
1194
1252
536
1172
453
838
809
811
898
358
271
418
969
150
1362
330
969
389
241
549
1275
291
859
1323
462
1121
936
140
1075
655
1081
196
758
473
838
1262
88
242
585
998
339
1193
1230
778
849
925
985
251
1086
1335
133
870
18
74
1323
711
954
945
1245
1101
533
656
91
890
195
937
1039
1303
98
297
324
666
184
1317
652
543
867
1297
158
759
479
380
929
1072
732
216
1386
1353
344
876
553
643
1035
1129
359
1004
705
270
980
846
108
978
164
673
636
549
504
538
713
379
83
1269
662
385
939
110
290
1088
92
441
419
242
1266
1017
959
891
1354
913
398
502
1378
886
1008
390
420
1224
624
504
983
351
1295
692
375
533
1232
460
941
550
685
493
815
1397
703
13
852
450
156
1215
241
56
209
318
413
1412
474
1141
27
523
1018
13
150
0
74
938
1064
272
1331
569
877
447
1019
731
175
567
415
1107
237
835
558
799
1249
126
944
1212
472
840
1016
181
728
303
48
1451
1153
927
1367
1058
890
1322
280
1352
612
9
228
1431
837
687
898
991
513
148
6
123
152
778
905
1261
208
827
186
627
556
1334
611
341
647
48
1266
1061
436
1084
1140
194
437
810
89
475
395
807
811
214
1293
563
1120
431
364
1366
50
1207
1029
1361
513
1309
960
110
374
1189
407
270
646
1250
634
819
671
1181
228
82
1371
613
1071
525
505
1208
401
669
921
989
1074
35
720
430
1132
265
345
1045
1216
367
784
400
667
1270
785
601
26
444
946
351
1371
280
14
149
1281
929
1293
539
489
938
994
841
1045
1363
336
964
770
307
1370
756
893
1337
1003
719
921
2
893
645
278
1131
1121
351
335
1362
1386
954
297
1174
472
1216
1494
1291
430
1195
447
852
519
548
727
1353
1167
1482
842
1283
1334
482
199
1441
572
1445
1074
1500
1111
1116
853
327
247
1487
1162
1
501
292
1307
1491
821
474
746
403
596
277
426
1314
1239
992
809
583
413
284
1173
856
1479
750
715
1068
1194
71
342
891
522
1167
957
836
434
547
1471
785
914
650
629
833
590
1244
374
47
915
1341
241
1472
325
1399
920
908
22
46
100
557
1030
1180
204
61
936
199
261
134
1498
933
237
404
598
319
444
1331
579
682
935
1054
1182
994
673
0
1472
664
386
600
481
959
1010
428
1286
705
123
1283
1455
828
37
98
70
390
599
633
302
54
359
800
133
764
488
801
395
1246
1379
1026
108
348
431
273
354
1309
1164
56
207
282
787
597
1167
274
791
883
1113
894
57
30
1205
731
908
313
1216
490
1145
1519
1402
357
387
236
987
1467
579
447
108
1201
1056
623
1439
970
189
1166
732
964
537
473
1237
18
648
892
1433
1231
211
1234
1203
930
418
1453
294
944
365
330
100
573
1332
1407
433
682
294
253
768
1288
833
1187
1341
1377
281
213
898
1071
1470
787
344
1425
1368
327
491
251
643
94
867
463
444
583
138
1595
1142
255
1587
316
1015
1506
30
1164
256
885
1283
535
1104
1322
1418
489
72
1566
1052
1133
2
206
104
713
1441
589
768
388
92
844
1038
341
23
665
995
1429
1441
382
1607
679
1614
1174
1084
601
1162
451
897
1366
185
1599
1551
3
1208
1152
1085
818
771
1070
356
562
1
29
1109
514
1057
797
1412
368
169
1533
86
1434
287
333
108
1139
743
458
19
404
145
1493
1378
1014
151
731
1331
823
51
1542
824
1386
983
848
1094
775
113
143
210
1473
1328
718
1493
186
1254
1373
92
701
627
1505
1526
569
1098
1315
585
972
838
1608
1640
1105
1102
1121
404
967
1346
1426
1057
576
1475
223
305
1562
1172
678
598
709
790
558
346
492
897
1171
374
1482
1289
1654
1537
539
1363
299
1140
1034
432
621
1499
408
1294
1099
1166
1285
17
1565
151
391
1489
903
800
84
1045
17
553
193
424
7
551
1463
1123
1594
604
1063
499
633
766
1573
765
220
1669
549
383
685
1358
799
1553
1668
752
695
581
475
644
976
268
533
1237
150
423
179
263
1668
1671
954
1588
330
41
451
1507
124
869
830
718
725
1604
178
538
118
1436
131
727
1178
438
1327
1528
1480
243
674
399
949
389
129
414
987
86
1186
1511
1363
1104
575
1426
328
1705
541
1605
208
417
1632
1162
650
767
815
772
592
1722
1694
345
610
359
1350
1576
1139
1006
416
9
12
339
1561
561
1599
1062
901
891
977
1456
183
742
639
894
1518
1434
424
537
1200
603
457
916
771
1636
316
1426
441
1456
1278
240
474
800
1681
778
608
371
919
1113
1684
205
230
237
891
198
773
878
12
1051
1338
163
568
1190
625
1071
481
384
753
827
1752
520
333
1005
548
1219
608
1230
639
1279
871
569
423
864
161
1419
376
187
1754
1518
413
36
734
1666
1390
886
585
644
102
583
1385
1620
837
1391
501
196
445
313
729
1130
1641
855
1156
257
1673
311
826
638
106
1034
1303
1005
1625
708
48
1159
1641
1782
964
396
1703
1695
1075
796
925
1297
1745
1750
700
710
567
669
1182
654
1524
1638
793
1165
1551
1691
314
139
1276
249
1020
220
729
634
1341
1605
1586
978
341
458
857
199
1164
1402
586
1158
1728
169
1022
897
668
1367
1091
1628
1375
1729
977
1619
297
493
670
1729
1525
953
1608
443
1490
71
1430
118
893
1626
616
198
802
594
1045
525
316
624
1121
1327
1418
882
1748
377
487
1219
461
655
536
851
787
1338
984
1471
591
393
1026
1060
1323
743
1705
169
1067
1174
1605
203
1771
9
1618
999
1251
699
666
1121
901
522
1693
1745
1490
459
1520
1114
1411
961
1575
309
1344
843
1676
1074
1672
519
1469
238
1812
169
763
647
1159
926
1151
890
578
1292
518
157
1475
68
1010
129
986
1698
1886
1685
923
902
1640
1565
66
292
1275
604
794
1804
1446
970
654
1508
283
556
871
790
697
1725
1688
1300
410
1279
706
1509
1128
1357
620
1537
906
667
34
1134
1653
1657
697
905
751
26
325
1425
1519
976
352
826
229
1157
17
1496
1725
241
230
1117
1331
1565
809
1123
378
409
1833
1911
587
26
1287
1094
1350
460
1451
1312
289
372
20
1104
401
263
1647
1435
926
1825
1492
1395
1522
1178
1771
521
1918
975
1510
1241
1238
977
1660
1535
1492
240
1855
767
118
1240
720
497
173
939
1769
1811
1425
1109
1831
1718
997
973
975
1604
125
7
895
963
1070
926
1492
1618
695
397
1973
309
1572
876
1287
1540
88
1102
567
988
1906
511
624
1669
1544
930
749
1855
29
714
1590
958
1510
514
162
2002
1867
1864
763
411
1925
1634
1242
1738
769
1051
401
350
1524
1646
102
1457
1765
814
1225
1187
1591
835
470
367
175
1087
1248
1160
1117
513
868
2002
310
75
1069
264
483
720
76
106
2002
837
83
793
1790
1278
563
1521
939
742
504
1586
1625
1177
1256
635
1036
1472
1542
818
9
590
49
1569
1844
378
387
1170
539
512
1281
1797
68
1296
1585
1116
1663
213
1549
2035
1293
1430
132
579
1605
308
2031
880
469
395
1786
1415
1922
1996
405
1220
181
592
796
1561
1998
498
2034
1103
1086
513
756
1846
832
682
321
857
432
1202
1810
290
347
562
283
183
1239
2041
2074
287
1314
2016
1117
1786
167
1644
1353
179
665
1782
95
1274
369
1399
2131
209
671
1116
1456
1979
136
1496
37
272
1153
74
755
1144
1029
1410
180
407
1113
2063
982
1168
2127
354
377
421
873
694
209
459
714
1151
484
1765
1959
557
1133
1645
1842
40
1984
2113
1286
62
2103
1103
1427
879
750
1489
748
235
912
1933
1087
561
1182
1883
997
91
989
1817
801
824
1433
1725
2157
1537
930
1317
2008
1995
1757
1530
1381
425
323
1155
2009
833
1730
497
710
331
603
1387
1605
1592
328
2069
1522
729
2144
27
1866
1360
805
1625
1317
1374
1894
1035
678
638
1737
568
2069
1757
1110
1377
1390
127
1179
589
288
619
540
2233
1176
1615
1403
628
1260
1091
1882
1927
1506
2160
1327
1459
739
116
400
1280
974
1960
1117
1307
635
141
874
1076
1579
651
1761
1454
817
1345
1904
1126
1031
795
1480
1262
2027
355
550
981
948
1818
1981
339
1388
101
1197
1418
801
392
2158
1745
1765
577
604
1582
299
577
2215
937
189
1269
2123
1761
2174
1967
815
1386
1162
606
937
1292
1911
2199
1472
347
103
87
1937
2253
569
1568
1161
436
1138
1949
301
1984
641
1977
682
711
2201
1728
211
357
2321
1033
2020
472
2050
1463
2291
2250
1449
1884
1972
2060
262
2196
1004
2319
2028
2088
591
708
2118
198
131
323
576
1222
222
2180
326
316
2399
399
1902
1488
538
1200
266
1512
218
1988
2394
1963
167
461
750
1221
845
1558
1619
157
2156
1490
1906
1545
354
1297
1601
1075
849
1557
928
1993
1043
1767
1769
926
2416
463
437
1395
1087
1955
1797
1290
1371
1049
796
1304
1325
884
1807
450
187
286
2389
1809
769
273
243
264
1920
525
28
1866
1098
2458
162
2040
1974
895
1229
1408
643
1438
1264
2238
1223
491
1052
100
1394
789
2334
318
1431
2073
524
2037
1267
937
1091
165
876
94
1156
2400
399
609
1462
2597
15
2178
393
1752
1831
1429
2279
1226
271
897
1834
38
2424
2482
856
1408
2064
1447
1873
2055
1822
652
2520
1215
1640
860
1636
493
876
2341
2367
1371
1328
2640
2222
1928
1262
1038
341
636
2401
87
909
1888
1247
333
1381
2090
1383
2081
184
1645
2106
2504
2529
2163
842
1177
2667
510
684
1709
388
1563
2606
2236
125
802
235
2197
2258
915
289
688
1100
476
571
2650
935
1527
2445
151
1898
2007
2453
312
1487
128
238
1301
2383
124
203
1519
715
1906
773
1284
1029
2377
2351
506
2147
641
318
2480
1366
2039
1537
2010
113
42
95
1906
1670
428
531
129
615
1641
2331
1338
712
872
102
1495
283
899
1494
1880
1225
2123
442
162
1542
1784
1631
595
627
1671
2441
1294
1555
2572
972
2657
418
541
696
2115
257
1115
184
1798
2740
2935
1208
2300
306
1700
2105
2567
1832
644
249
661
24
919
2609
1439
1147
1619
522
244
2903
210
3008
1259
577
2786
1843
254
2257
1335
1250
2047
2115
692
1337
89
2053
521
1560
1283
6
2500
2577
1096
772
2675
565
253
2872
991
2398
2311
756
1420
963
1127
1642
1106
1977
1055
1506
1254
153
1165
1744
566
2398
139
1313
3041
2705
678
1925
952
971
1483
60
1979
653
2199
937
3047
1670
12
603
529
527
333
1376
2932
1229
1324
2823
2008
359
907
2943
3024
1876
675
2033
585
30
1962
175
938
1661
1012
3097
1566
759
2336
534
1028
2150
2763
1420
3229
769
2250
1632
1452
1112
3088
2749
1956
2459
1584
3079
1666
171
3332
3074
1407
72
2241
1382
2405
669
3009
1236
2590
1118
2594
3288
2625
2584
2860
2438
2196
2044
2488
1354
486
1487
2892
3557
646
1446
1045
2256
986
2193
189
1436
2087
3119
228
108
1978
2623
424
1369
915
2582
2697
3439
604
1564
3114
3582
69
1058
1265
3287
3291
257
2482
2963
10
2394
1761
2224
2993
1598
1134
163
839
1801
2048
536
1225
1389
3573
250
675
1305
2902
2086
2533
2822
1305
2135
2347
2239
1135
2451
1092
1145
1246
3526
3395
3307
863
900
3943
2608
3056
53
1231
3040
357
2932
1102
1954
418
3081
1880
256
1702
1123
2488
1376
152
1154
3019
3185
3984
2628
3983
2884
25
2061
1293
1935
1929
470
1323
1189
3577
3201
3976
3639
2330
3445
3228
4050
4106
2468
1132
1595
1179
2060
3559
1181
516
494
924
209
237
3785
4146
4210
3109
1391
414
3626
4076
2730
1823
3235
252
99
4242
1606
3354
6
3454
332
2976
2414
2372
3092
2459
2319
2604
3689
3603
4595
1486
932
398
1531
3667
3039
4229
3549
769
3056
1512
1779
4250
223
1381
1459
694
4228
1110
3643
4345
1536
2432
1856
657
2401
3270
272
2010
2652
2306
1118
1692
3531
1818
1096
2717
1525
1554
3052
3855
4255
3486
3136
593
175
5183
1088
4065
4110
1410
3316
4997
3419
1432
5208
2547
285
4612
4654
4468
1890
2202
5092
2393
4784
5250
4648
4711
4675
3057
2574
5127
4305
5100
3187
3201
1242
69
614
5477
4423
3420
5185
3645
2120
3260
3255
4747
1708
4185
377
3672
3216
888
3919
3402
984
4976
1006
1229
5741
1458
4377
3625
6048
5230
1048
2118
3242
1183
5877
5436
5493
2308
5700
5431
4266
5140
2532
404
6097
5551
4551
2546
4804
4783
434
1588
5127
1724
75
4721
2792
4896
1224
300
2539
4997
1849
2101
2264
4818
3579
6549
1864
5796
1477
4523
6814
2736
603
4172
101
2251
6370
4933
7729
1985
7959
2148
3136
6316
1058
68
5570
2498
4504
3380
7819
8784
276
6682
8139
8824
8918
4746
4486
5700
2362
5940
3789
4502
8147
2278
6803
112
5680
6625
3325
5943
4241
1603
11123
4030
608
4755
2574
10409
8844
6222
3719
5879
7077
4853
12781
1202
341
14163
4771
10768
2165
3425
12010
18852
12411
4863
18162
15150
3518
7496
22497
20329
30063
27679
42213
6581
