49408 55790675 998244353
12339
608
193
757
434
628
382
214
606
294
148
674
347
182
784
29
292
803
435
162
550
58
204
12
708
755
515
542
203
454
571
561
524
405
185
748
543
21
152
718
606
257
94
429
610
721
353
46
80
585
684
607
93
328
151
199
182
204
768
644
628
702
637
534
44
31
127
522
507
366
9
513
613
148
2
663
12
724
610
457
399
20
584
306
310
84
375
415
702
492
279
319
497
480
293
590
53
502
413
524
248
231
790
36
572
260
258
477
226
677
599
74
293
616
782
249
694
40
371
538
76
288
81
424
411
764
331
18
269
663
313
353
563
83
49
101
221
808
584
786
303
43
609
278
772
97
267
386
273
635
321
754
134
686
546
177
565
473
396
629
224
257
304
401
40
555
219
308
641
770
158
53
6
225
781
574
94
652
260
151
576
485
252
483
632
617
715
12
228
268
22
326
391
624
330
234
92
108
112
532
621
464
385
126
403
692
549
220
468
788
298
169
326
100
624
573
227
10
253
321
655
110
770
557
262
440
153
127
706
123
685
193
805
479
596
512
719
197
781
263
818
41
527
722
331
85
494
372
691
619
255
464
409
765
329
136
365
175
591
574
176
306
698
408
732
548
804
190
719
52
48
120
402
661
585
423
658
756
501
802
395
756
446
804
294
638
104
801
717
678
243
782
338
217
249
796
753
586
759
373
620
386
311
744
94
757
736
682
252
152
682
23
95
137
788
492
259
376
778
155
353
198
384
222
662
66
494
263
228
350
372
124
744
120
107
562
570
375
381
147
134
625
358
752
300
616
306
691
718
770
257
276
459
608
715
637
794
792
579
704
562
463
541
583
787
699
298
283
332
243
694
751
573
628
700
313
301
63
61
77
11
319
30
646
584
559
545
811
637
89
50
60
402
725
780
53
328
401
90
109
284
543
6
271
546
67
413
799
689
220
327
0
433
228
86
184
351
187
810
426
477
330
347
608
281
615
273
814
100
169
647
587
426
212
717
680
479
754
521
239
787
111
469
332
730
70
192
148
501
144
213
746
821
278
553
116
152
369
288
351
348
662
343
425
699
712
628
522
608
367
102
315
243
232
38
660
367
26
815
235
783
98
725
493
804
387
485
431
402
91
557
102
169
780
163
193
566
646
728
420
122
557
327
172
196
565
349
169
401
505
602
219
581
669
144
270
519
184
596
587
666
695
597
467
264
774
192
12
385
396
27
351
794
121
639
527
316
153
286
111
653
186
50
143
225
142
817
111
602
174
264
693
265
71
400
408
774
402
319
92
71
70
50
663
277
108
271
436
549
753
223
62
120
495
354
706
99
314
800
141
352
589
667
794
152
105
52
166
142
177
703
640
392
354
413
63
383
120
810
150
811
83
614
25
328
272
213
612
139
508
437
138
533
153
92
326
783
555
263
272
114
713
654
339
514
257
488
607
773
783
366
136
377
796
624
540
75
117
59
599
245
534
185
630
637
170
201
679
61
354
506
262
169
135
569
370
615
548
782
741
288
604
479
817
807
93
806
167
133
285
11
544
506
628
324
95
49
374
154
377
493
355
133
509
145
103
636
610
99
673
56
85
414
387
349
338
164
208
803
156
434
780
59
179
600
81
390
729
821
143
615
266
298
391
28
810
388
722
28
676
590
392
738
573
76
737
569
130
584
286
672
561
500
331
802
30
108
797
148
426
265
750
640
488
192
726
453
99
571
235
773
61
275
654
12
820
607
353
587
286
40
425
361
289
738
491
620
619
527
700
418
584
736
295
583
8
802
280
833
596
374
815
775
608
259
348
729
282
579
616
726
73
495
541
392
80
517
658
567
119
269
787
311
786
144
653
478
255
490
38
108
629
215
797
689
618
425
657
107
677
621
190
346
806
425
95
583
800
274
84
687
113
551
699
416
805
767
9
612
508
828
279
762
560
605
300
219
485
391
9
653
34
345
551
698
490
362
721
486
540
773
340
752
502
179
530
738
489
251
279
840
27
217
418
136
60
120
53
574
662
66
733
442
368
125
474
723
115
733
783
666
125
423
313
73
264
575
782
53
473
41
242
36
565
535
635
406
527
90
734
153
619
671
321
259
122
87
92
655
602
12
401
708
637
134
713
316
341
630
523
4
428
313
27
302
58
30
24
302
675
460
484
408
676
174
386
354
592
150
386
633
488
797
442
342
383
49
65
359
457
18
65
403
492
136
611
245
515
2
494
617
446
525
639
271
201
827
71
153
559
237
543
190
340
64
76
82
220
194
319
281
315
639
490
515
768
6
789
181
253
681
675
691
297
539
340
485
842
387
395
347
417
46
648
743
517
767
330
30
281
236
485
37
392
8
212
823
472
572
641
638
249
746
837
550
769
75
405
334
538
66
125
299
722
174
373
297
255
295
756
128
214
606
548
150
734
235
146
798
652
397
375
178
550
303
55
145
594
310
218
684
720
126
35
269
116
398
262
211
120
769
39
807
151
24
783
281
145
194
40
265
605
407
633
41
154
370
782
128
117
606
141
845
117
29
606
219
73
688
598
619
329
69
804
299
333
105
245
635
274
810
152
802
155
795
368
289
183
213
323
410
367
325
847
848
327
84
154
249
510
470
820
65
807
94
259
826
738
683
694
645
647
280
373
679
431
105
646
44
573
25
560
33
840
757
4
528
222
477
197
358
571
396
72
837
740
700
555
296
775
353
290
104
189
422
748
702
665
478
468
291
98
504
432
633
510
833
307
787
835
616
838
724
134
694
383
197
42
753
669
3
20
358
188
790
366
577
363
835
586
174
304
132
189
777
133
349
318
492
771
433
333
570
663
806
644
417
14
546
53
836
64
221
755
591
139
741
717
256
195
820
248
246
604
546
387
42
258
180
94
612
279
318
600
207
802
490
534
521
340
759
562
328
719
132
426
128
855
43
685
709
372
643
578
558
492
823
430
684
832
100
771
802
113
224
247
650
568
261
40
144
193
761
796
96
756
211
186
783
34
104
114
585
277
487
701
598
260
782
826
503
108
699
778
671
200
665
291
340
846
644
702
711
798
660
549
683
294
597
149
455
700
656
519
570
284
392
341
485
813
271
131
683
795
50
395
649
5
512
365
320
434
381
158
528
447
352
51
824
522
124
124
317
239
132
274
589
802
343
140
413
260
258
381
652
447
226
231
700
815
589
119
788
88
280
821
766
266
178
654
90
567
103
311
511
157
620
6
179
133
217
673
62
600
394
456
383
370
554
120
577
734
830
794
537
255
166
349
167
391
785
588
342
234
182
363
600
539
181
404
557
342
456
808
510
811
189
278
182
440
678
93
220
291
103
268
383
524
673
492
656
14
803
307
836
817
692
245
860
282
371
340
796
814
204
686
397
527
72
610
567
93
460
863
435
862
845
282
233
514
641
763
157
508
812
411
150
685
834
408
225
448
786
344
759
738
637
547
74
858
264
104
707
667
638
463
470
14
418
427
28
756
794
623
750
399
217
624
520
25
35
670
578
195
671
726
497
736
795
35
548
712
648
237
144
467
10
211
595
539
855
54
393
453
12
488
186
406
90
149
809
51
351
387
163
329
757
94
674
543
275
427
273
738
855
69
778
65
66
126
45
682
626
184
592
499
729
118
702
756
315
642
646
810
657
328
628
167
142
427
149
784
378
278
572
425
625
66
657
740
333
759
189
249
292
35
751
177
217
184
860
783
173
813
65
109
71
309
219
618
485
630
770
224
151
14
367
548
821
232
663
138
777
647
587
373
199
52
44
795
198
518
566
129
857
380
461
412
113
766
578
539
412
321
346
172
817
773
704
149
843
282
788
208
657
364
472
65
570
588
359
198
263
429
339
472
682
284
60
718
173
599
688
59
44
49
413
264
23
512
504
150
80
452
544
492
409
645
187
798
572
634
492
638
328
166
865
629
609
758
446
80
506
148
416
606
380
846
31
506
609
522
842
864
340
660
697
396
364
808
827
349
101
78
839
231
390
234
847
194
490
549
376
372
519
210
1
119
743
451
207
724
62
546
875
60
303
527
742
769
288
75
716
748
648
244
674
433
467
35
364
210
506
323
420
662
437
871
115
216
636
17
793
624
103
715
224
616
364
532
205
390
859
84
747
65
487
348
473
611
372
599
219
545
457
115
195
414
423
71
49
666
557
12
794
335
667
597
15
614
736
794
373
9
26
515
860
176
344
453
669
571
246
344
434
188
531
595
316
759
276
641
637
172
520
757
401
188
123
462
568
549
869
808
167
693
208
185
630
573
731
268
129
678
660
360
305
246
35
79
27
819
400
666
504
609
59
552
555
327
459
336
315
728
407
676
583
349
241
215
509
594
789
281
20
326
716
213
786
8
257
107
721
863
827
175
876
696
587
309
780
542
670
16
808
570
594
431
355
814
724
265
619
99
562
419
172
194
142
501
2
600
544
429
738
583
786
518
669
844
687
388
145
39
306
22
686
262
365
508
731
366
857
627
847
598
133
704
471
252
532
78
289
138
465
340
536
122
280
634
437
848
846
318
820
541
260
242
86
830
170
507
618
629
167
158
25
52
0
680
415
650
681
815
835
287
189
194
175
688
781
14
522
413
418
253
181
91
704
192
440
790
118
417
64
827
550
636
475
540
720
828
107
761
58
560
304
151
403
261
878
863
78
174
802
71
832
168
535
865
749
419
878
283
553
468
854
162
352
720
666
396
117
386
439
222
324
16
754
6
193
218
455
227
530
846
482
506
825
672
859
540
370
261
757
647
717
181
461
316
797
652
806
283
618
558
282
723
571
387
754
726
749
299
843
365
840
643
143
530
426
237
629
122
695
703
293
643
616
169
751
158
217
721
672
841
843
308
430
483
697
558
235
322
333
750
83
616
148
458
304
506
28
378
207
719
266
639
364
122
492
700
80
136
181
596
302
89
471
620
103
388
368
439
832
266
281
437
455
859
728
407
231
670
296
583
41
383
489
704
103
91
519
333
184
722
708
675
351
884
307
448
396
344
406
205
844
826
199
490
583
293
38
733
11
400
329
634
255
24
312
86
835
204
290
257
61
229
187
296
244
205
756
785
871
488
78
391
516
531
641
241
526
753
357
653
713
359
462
109
26
469
371
351
437
159
404
689
697
155
794
78
42
596
207
826
389
791
112
844
275
864
255
740
774
738
25
479
440
815
346
220
21
478
115
565
719
669
864
719
654
505
729
340
158
468
37
588
33
517
235
353
514
466
143
618
20
484
448
152
437
406
623
434
626
725
334
799
165
780
430
351
309
115
375
533
183
160
424
480
341
587
701
155
654
837
315
836
320
614
815
849
669
797
700
877
780
735
340
699
485
599
235
523
272
594
527
597
621
382
29
603
91
508
293
376
734
287
634
602
389
829
681
644
692
61
318
233
815
538
343
322
205
340
353
473
786
635
198
76
671
525
699
877
477
263
862
27
638
278
231
167
631
828
574
297
749
284
831
10
214
565
249
607
722
20
400
280
429
347
654
840
811
545
257
283
704
202
524
762
608
437
510
290
323
829
667
866
737
162
491
361
154
325
188
794
736
519
904
28
105
527
824
428
439
95
886
834
503
278
774
285
97
17
699
96
892
360
446
276
487
504
796
330
48
815
163
121
421
259
102
641
741
558
733
845
190
559
74
100
512
130
704
125
62
2
454
605
455
328
297
306
670
353
536
830
182
596
680
466
209
468
906
771
851
207
639
558
652
90
37
481
357
145
533
747
321
225
877
10
798
282
536
590
10
821
549
836
212
565
671
688
402
466
95
244
865
342
590
124
194
401
379
760
795
547
418
181
428
649
38
456
645
435
288
520
697
746
332
340
7
765
171
250
634
125
796
860
559
466
456
31
207
97
523
40
459
551
710
829
274
676
585
325
46
293
221
743
468
588
865
69
497
320
428
62
728
113
87
200
791
358
135
88
119
240
297
242
632
875
252
747
539
475
214
707
51
251
472
307
512
505
862
727
205
158
690
493
236
527
62
462
548
855
493
228
31
575
70
562
854
443
273
144
629
591
346
125
486
177
242
209
821
225
866
163
146
176
102
590
121
170
201
18
874
596
812
492
573
662
587
410
111
443
699
224
184
624
888
403
561
509
633
600
442
618
900
655
364
360
207
660
475
442
199
838
68
174
246
77
795
181
299
296
66
362
621
576
471
745
825
779
13
111
773
203
416
191
263
359
200
385
130
453
134
602
429
461
779
890
46
217
369
341
651
39
877
132
95
36
901
126
782
256
811
85
681
489
158
562
891
538
759
6
827
175
906
509
617
738
811
183
189
242
230
766
623
403
350
624
699
214
52
197
207
488
736
80
881
670
76
823
406
601
695
490
177
21
570
611
533
466
286
644
425
251
72
556
905
30
904
245
223
318
674
904
326
887
822
428
706
848
704
146
827
424
685
670
817
171
880
387
124
745
342
899
624
552
52
615
119
165
430
686
321
336
207
383
530
661
361
567
676
494
515
483
435
809
4
272
650
666
691
137
850
630
538
59
340
616
529
455
555
215
116
180
158
621
421
72
597
901
183
573
821
387
524
20
418
645
227
238
861
98
50
243
478
171
117
835
611
556
324
839
115
325
626
499
509
787
653
738
434
174
148
896
57
436
892
635
917
202
590
503
488
469
439
668
52
657
904
571
648
350
695
114
750
400
187
347
667
501
280
222
254
915
178
620
314
261
666
632
777
497
161
493
218
92
132
572
372
64
549
564
219
660
97
85
111
765
197
307
211
578
212
401
840
270
819
578
478
262
696
275
676
693
205
622
826
502
306
824
312
469
514
128
672
308
491
163
903
611
211
500
822
514
662
561
836
362
664
651
66
178
153
408
859
668
650
171
749
548
25
519
42
27
575
452
495
741
495
282
96
527
268
21
901
439
746
648
97
373
778
597
206
3
4
837
420
340
534
815
748
524
477
818
875
10
900
341
445
121
576
544
707
742
770
187
420
455
829
106
650
251
298
278
686
514
796
235
17
347
647
529
863
340
170
769
898
786
239
215
422
267
9
436
97
616
765
561
326
430
457
748
242
817
843
101
38
354
717
678
782
860
297
81
213
841
594
263
77
529
408
16
812
618
365
798
305
936
65
862
240
218
813
396
322
563
719
881
130
295
538
792
452
58
477
9
937
663
747
902
581
813
75
681
129
224
305
449
560
573
434
116
359
48
92
280
55
832
898
676
769
416
807
784
162
493
863
421
112
273
662
118
578
401
742
26
579
135
869
577
857
794
580
480
564
370
522
501
715
336
921
95
28
302
748
616
153
315
708
480
930
334
520
457
771
92
420
602
381
483
514
388
367
938
682
624
9
53
318
899
123
219
517
475
509
141
796
730
497
125
541
898
102
775
307
778
610
127
203
541
71
862
14
472
684
674
416
534
135
355
503
739
205
655
42
162
332
504
672
111
685
626
48
178
907
401
748
659
865
34
590
879
415
648
760
309
281
870
546
7
537
347
864
331
484
173
372
304
245
504
574
499
32
503
635
654
298
161
649
593
168
441
842
941
928
905
514
192
895
302
546
670
812
316
575
276
236
901
617
588
710
61
617
108
390
67
384
218
668
301
159
670
687
558
679
12
695
842
210
348
182
452
475
139
50
455
358
718
382
730
698
783
160
872
158
687
220
266
430
852
269
175
40
502
740
284
846
839
81
130
910
80
165
495
579
407
458
531
864
818
835
884
933
364
96
220
703
43
532
831
350
608
757
771
199
720
540
386
562
20
267
552
917
46
794
682
105
305
444
547
183
447
838
417
48
426
119
697
346
811
591
915
867
273
294
250
605
431
837
323
1
130
507
447
161
196
26
109
125
530
312
759
949
802
636
221
89
905
680
879
266
108
552
870
533
812
150
1
784
948
114
256
96
795
852
861
244
486
132
248
27
770
401
405
875
160
556
663
523
30
23
131
260
685
147
230
365
55
847
448
420
381
354
680
476
695
798
530
66
910
611
791
25
370
74
16
50
675
928
330
155
160
283
2
360
811
234
763
540
715
319
494
298
374
260
111
723
402
77
496
718
906
329
485
527
443
622
752
520
146
960
797
352
511
949
83
514
412
124
632
493
254
849
807
38
263
553
343
623
487
86
785
458
954
400
342
89
784
481
880
128
221
853
675
299
509
889
348
504
869
797
905
610
744
836
584
255
843
505
61
353
503
801
149
316
317
298
499
227
95
581
620
832
758
236
256
738
149
596
712
849
151
104
474
202
300
565
140
102
486
846
286
307
565
683
389
221
790
272
84
857
853
572
338
923
98
194
774
688
646
543
195
789
887
344
889
14
625
685
821
179
957
193
366
24
253
568
682
242
612
77
609
330
807
609
753
297
261
842
181
592
114
452
572
52
893
338
35
490
762
259
670
290
200
602
48
879
619
600
161
936
655
255
574
860
554
935
366
724
475
65
754
341
480
192
430
723
629
132
431
451
826
119
513
436
181
517
315
274
741
787
748
328
904
865
527
531
728
883
312
914
811
895
869
713
699
113
261
380
368
44
527
730
477
262
72
625
137
391
20
101
908
408
673
962
509
551
335
888
652
121
655
201
626
658
418
212
881
255
531
349
261
708
675
434
7
91
803
680
433
190
739
643
757
968
603
225
430
356
170
423
192
511
875
614
730
630
173
516
194
853
65
867
134
822
76
277
451
197
445
707
663
526
587
761
125
459
578
577
178
388
949
752
795
718
912
549
250
500
132
438
290
766
801
846
555
731
812
620
700
413
636
947
701
114
307
248
625
552
959
649
142
878
434
818
44
123
781
549
69
873
387
809
560
503
351
762
901
88
357
217
696
143
185
439
480
777
275
93
29
502
650
920
322
742
558
18
61
884
451
660
350
237
139
976
1
583
613
644
875
521
952
268
47
398
166
409
100
494
322
161
315
960
505
285
787
44
302
346
460
919
386
166
372
187
752
148
168
573
691
810
664
44
475
897
647
207
293
368
798
309
314
251
643
919
234
832
327
700
163
307
494
937
118
1
969
744
622
702
916
202
822
326
820
711
321
258
950
933
519
326
840
579
904
147
660
318
323
658
400
600
93
72
730
783
325
975
825
941
739
245
549
283
522
367
21
429
708
90
843
863
124
203
649
597
921
19
919
884
14
505
381
659
866
923
663
545
136
878
248
741
365
793
442
946
370
776
630
123
777
510
970
833
224
880
118
305
526
484
102
832
146
300
895
465
539
296
806
214
54
194
798
827
281
196
813
549
294
39
419
394
330
961
921
920
596
631
243
129
284
408
440
677
139
855
360
87
579
155
180
456
496
833
228
41
90
489
197
106
649
20
600
33
759
955
599
887
839
124
652
908
726
864
794
604
578
198
18
29
686
697
250
288
846
832
431
918
988
666
615
981
330
91
678
165
369
763
33
405
621
79
163
723
108
297
960
360
340
986
164
947
479
628
690
114
723
326
150
242
921
171
401
359
261
819
207
442
954
468
491
133
781
967
669
24
326
211
768
964
786
867
267
443
812
551
70
896
474
707
167
579
337
334
30
854
803
655
964
222
631
189
269
488
933
431
866
381
371
900
823
97
521
339
130
128
82
723
736
56
635
898
846
100
374
406
714
765
246
106
999
269
325
783
791
582
224
569
10
352
56
908
394
468
115
694
303
766
330
415
42
744
574
440
954
205
55
750
775
117
83
88
198
414
509
426
142
175
57
342
166
672
688
934
154
364
90
911
482
392
841
30
297
711
399
579
74
966
916
291
783
579
240
373
47
290
24
142
691
57
650
708
323
882
320
51
320
812
676
590
830
137
210
886
664
399
719
343
453
177
784
210
526
618
351
268
217
215
113
47
991
650
527
634
798
209
304
287
783
106
839
363
105
594
305
256
291
643
113
523
804
957
101
948
869
927
408
847
178
245
701
753
23
723
84
876
300
829
403
872
33
114
492
634
676
44
934
675
121
867
446
367
619
626
252
112
927
257
550
665
771
941
379
32
804
744
356
1007
780
314
84
382
416
517
517
350
557
568
375
772
291
832
820
696
562
192
575
329
41
74
34
246
773
981
792
404
894
1010
167
61
905
37
806
529
311
783
323
913
247
900
37
859
904
171
145
418
550
541
545
643
861
716
823
511
532
377
338
580
771
271
31
336
602
383
299
478
755
694
871
295
713
868
134
331
766
477
492
904
352
326
976
1004
978
679
987
457
381
130
510
680
428
930
536
501
968
166
738
587
290
650
559
728
58
457
100
950
747
222
452
659
392
958
837
984
505
252
512
899
952
349
459
913
172
225
841
404
891
436
586
581
700
366
189
244
207
602
57
79
740
664
1011
968
582
630
550
804
188
964
377
398
329
202
801
124
963
562
567
127
999
856
471
420
871
1015
12
816
570
586
4
780
326
468
279
176
350
859
74
671
840
281
277
285
254
626
833
162
765
838
38
662
701
751
594
316
913
162
109
616
840
463
539
224
447
578
526
189
707
701
120
421
428
560
478
498
876
700
289
650
537
16
270
243
676
229
200
947
651
445
192
775
676
143
785
885
431
317
307
130
1018
729
591
1019
539
303
389
720
771
933
305
305
946
10
756
394
529
858
897
28
802
76
378
725
535
239
854
228
14
829
781
847
481
447
40
812
43
385
190
382
566
617
107
831
553
681
452
713
904
111
480
1004
440
866
623
315
213
30
878
767
295
537
818
930
404
883
203
684
725
811
178
586
734
640
59
903
639
796
84
997
940
500
266
385
621
311
68
406
139
884
722
637
689
964
835
161
327
371
994
333
183
886
865
445
848
560
707
672
97
493
669
70
993
94
706
802
817
960
535
647
681
347
686
626
577
701
620
742
84
63
164
288
515
275
355
383
417
917
189
568
2
35
805
1002
977
733
302
871
26
657
1000
947
198
646
241
80
331
703
295
1025
872
52
945
276
260
687
545
433
769
782
640
297
754
139
789
772
144
716
567
746
763
817
231
2
937
771
776
481
48
328
423
996
805
328
763
22
556
443
41
893
125
286
457
43
509
74
707
485
602
327
996
700
738
701
916
976
392
252
655
560
387
963
306
712
963
515
632
193
137
563
280
822
391
397
484
440
97
974
980
252
575
784
640
659
307
590
527
53
750
268
922
393
221
200
320
144
690
337
978
23
434
446
329
506
141
920
254
454
606
292
102
941
377
893
123
247
365
479
111
724
1030
893
93
953
595
1033
785
91
714
726
631
238
776
406
64
279
84
885
635
552
427
537
842
340
602
972
390
595
242
317
1003
721
1038
118
265
939
939
609
96
523
155
595
302
1023
60
450
296
732
933
67
694
290
1015
648
204
136
129
34
939
335
156
584
663
908
283
38
897
156
1043
632
388
1028
837
20
371
993
768
907
231
493
531
798
863
1001
709
630
663
615
245
147
494
177
151
919
946
642
845
259
941
120
1029
687
630
163
659
347
260
161
158
475
345
204
70
597
311
318
145
529
763
909
642
219
37
457
537
125
568
506
737
201
962
275
995
374
225
631
455
82
525
952
309
152
915
22
94
423
683
705
618
194
42
662
793
548
2
32
561
458
43
1034
415
114
239
60
555
1026
726
212
248
320
550
573
650
916
507
41
298
490
873
1037
399
1048
536
928
478
497
925
115
371
1036
160
227
564
106
299
222
354
881
679
36
33
855
113
798
463
974
842
75
446
706
477
362
975
663
129
386
729
457
233
889
987
36
951
154
900
900
916
44
243
1029
892
184
1018
658
862
90
440
390
875
231
605
69
757
1055
562
1029
977
442
734
648
878
582
978
228
842
654
982
203
288
461
806
815
462
489
339
440
51
637
310
4
316
41
339
599
796
1027
495
639
781
45
364
882
765
947
957
336
421
725
341
378
269
529
792
222
274
934
1043
231
955
1014
19
1029
480
895
490
215
996
323
771
223
100
575
52
878
258
601
806
428
1040
649
914
353
1050
607
92
100
210
902
580
494
296
655
903
670
483
176
368
637
544
189
446
540
536
936
98
75
849
114
449
694
784
440
789
949
568
651
191
290
89
433
731
873
182
220
325
404
518
433
835
224
904
353
708
969
860
143
827
673
872
1022
316
632
136
241
173
289
387
296
340
891
350
974
17
958
726
690
766
840
665
346
188
87
466
884
1051
301
440
488
256
286
710
772
839
739
822
526
564
485
1069
119
379
221
1001
434
523
715
50
486
384
386
136
527
456
484
227
394
252
868
274
252
153
684
289
70
321
647
490
761
586
36
82
118
535
930
786
756
205
407
501
284
1006
245
544
734
204
169
262
900
921
144
723
649
791
268
932
833
187
1028
169
683
537
423
1062
261
1033
790
281
75
328
1032
563
434
731
834
953
990
197
917
900
222
1051
485
544
253
76
822
416
75
636
844
654
898
644
1073
634
829
163
857
568
821
350
412
974
643
292
253
109
657
862
430
69
235
914
559
435
105
218
136
537
476
1065
1083
1046
401
416
730
986
702
962
537
973
498
247
397
315
854
699
499
585
386
428
266
834
743
837
751
404
677
168
287
654
20
90
342
765
731
732
596
666
1042
257
569
32
400
1057
539
498
1033
1016
431
876
472
168
7
872
702
576
520
756
207
375
1072
779
549
258
544
193
126
604
217
165
200
400
740
717
548
667
870
456
922
179
331
440
1043
688
729
590
955
437
822
681
997
511
654
35
433
230
1057
463
965
745
781
400
827
227
1009
783
782
471
160
811
1077
57
1013
366
986
786
394
641
191
577
336
69
844
875
84
222
1035
810
1
183
474
522
1073
140
131
1040
561
704
613
583
875
514
439
221
815
804
359
185
1055
1018
699
971
443
171
384
773
411
674
1020
952
0
78
676
25
958
88
997
148
698
729
141
1012
407
955
883
1097
477
178
222
717
344
195
616
369
1034
667
798
557
676
472
321
436
12
635
851
1019
745
855
523
744
474
18
334
388
139
726
527
1058
214
293
1062
1013
518
338
924
588
814
500
27
1016
273
553
492
328
205
164
185
992
936
805
387
937
1073
743
747
48
643
672
901
154
347
587
455
993
456
666
398
819
760
993
200
284
340
134
630
268
54
414
746
375
669
787
53
320
620
311
170
506
272
193
486
783
832
669
745
704
537
88
742
284
936
335
703
963
899
271
439
289
491
90
653
658
623
335
112
536
189
139
231
696
737
49
700
628
394
800
109
687
336
483
983
1076
23
214
407
591
1051
296
564
487
967
26
51
482
872
511
1083
6
613
422
669
514
101
455
123
685
731
665
644
808
313
573
72
123
608
602
1023
118
568
946
341
888
286
918
113
105
271
666
205
633
558
290
679
898
369
260
497
621
776
5
209
249
472
806
1034
527
924
1083
660
802
384
207
547
1028
391
520
836
517
1
1010
860
924
990
6
296
822
944
730
1023
641
254
562
388
69
648
490
380
559
934
165
744
1005
149
1043
699
514
1041
525
38
191
1113
964
105
860
363
451
388
570
261
439
825
329
212
940
880
807
174
659
259
593
659
628
937
278
295
493
612
651
78
770
493
396
889
564
616
183
81
883
752
17
64
692
472
756
861
150
982
427
960
270
877
53
701
926
572
903
502
648
118
856
1083
850
351
296
711
791
398
858
1020
252
1117
171
32
718
267
893
1115
937
370
270
258
70
655
1112
335
650
774
445
299
407
1
1112
33
737
421
197
1120
276
921
627
228
347
589
893
894
916
1082
379
296
285
1088
1122
113
50
708
284
1101
285
48
123
270
863
308
720
536
1098
236
474
557
269
512
885
692
197
487
710
957
682
17
882
299
197
74
992
835
901
713
951
231
863
213
631
403
170
710
1058
1057
697
220
792
556
35
995
983
1049
448
554
719
450
614
335
167
461
471
35
1119
557
1049
287
390
781
264
385
269
1126
134
350
827
43
321
591
74
742
88
588
3
533
526
811
292
503
729
437
127
242
914
464
279
725
238
589
590
576
214
340
1103
565
619
857
395
835
456
1137
1018
1053
557
755
903
863
50
129
181
544
624
775
812
43
1088
217
324
718
740
172
286
129
1045
98
629
555
436
703
129
779
462
1041
361
1076
940
374
799
521
19
1065
309
541
121
860
381
572
885
316
188
719
1031
402
124
1072
85
665
372
1051
709
243
600
1012
568
122
363
1144
291
316
930
117
535
756
920
748
661
1063
943
447
167
300
58
667
197
364
259
1096
822
415
426
766
422
949
919
1065
162
961
1048
454
1070
741
167
997
870
108
277
855
55
824
1043
478
961
1022
1066
269
1013
405
325
1027
417
284
226
908
599
145
875
75
249
678
116
9
1099
541
901
773
595
591
858
511
591
840
1039
335
69
1109
1127
226
1124
549
132
1024
662
309
564
719
314
275
148
39
933
535
731
122
510
849
20
108
71
143
1040
130
705
918
746
285
702
1063
298
368
466
805
450
449
19
1053
393
73
576
336
45
901
271
582
866
862
821
81
477
1097
1000
123
739
272
727
569
156
971
842
857
486
1090
227
28
501
693
324
210
416
973
201
545
614
837
963
372
715
521
713
486
1027
502
20
804
432
806
91
1047
840
895
303
979
455
1018
484
538
737
631
137
547
309
634
1025
815
783
644
957
429
508
301
591
191
51
602
108
554
633
625
149
680
300
1116
571
454
926
389
568
109
511
376
540
124
1145
527
685
462
224
119
1017
687
1167
20
928
430
207
1157
831
55
327
369
966
910
602
1109
149
374
504
439
417
637
632
853
508
1169
1081
587
838
111
1109
371
272
80
844
283
467
308
1151
1153
997
638
171
737
669
539
929
781
493
306
454
160
1001
520
104
298
176
974
782
131
893
330
806
16
716
15
1094
182
351
486
446
346
973
432
1155
259
512
805
933
777
1052
1106
1007
758
567
632
1087
468
353
1094
363
4
886
556
290
430
1136
219
118
1052
575
431
610
917
282
872
365
1028
113
828
397
1072
966
240
565
702
762
11
713
1139
188
259
324
721
525
918
755
375
566
923
439
783
952
374
541
973
503
1075
901
1025
946
458
391
36
164
503
955
453
20
319
127
344
711
926
410
16
251
575
257
1019
46
289
132
981
119
579
1024
400
410
166
725
1110
699
1088
219
689
1160
777
762
245
42
1035
1119
885
327
567
126
723
896
1124
435
1109
287
1051
891
886
826
614
120
1085
1042
1002
14
731
537
570
932
1145
3
69
1074
180
167
1113
54
465
235
104
720
390
929
1013
691
123
825
780
534
889
1179
912
820
322
58
822
633
679
340
513
287
977
86
180
23
758
14
65
1006
315
70
932
757
1124
808
1056
260
930
1129
682
851
599
515
447
130
1140
398
827
885
517
1068
522
1049
701
843
189
579
32
487
299
827
841
831
405
633
772
1074
159
774
203
561
640
119
842
59
555
300
969
1014
140
106
268
277
38
123
992
116
525
523
126
168
1095
139
595
952
133
919
923
320
310
892
281
915
858
266
743
1197
516
806
837
561
366
24
946
360
673
209
333
619
267
177
379
604
161
456
122
1110
635
749
746
59
576
47
810
584
370
64
230
1136
141
501
510
214
1150
1016
1091
1069
226
328
74
29
601
1191
226
54
409
550
1109
686
570
495
293
1170
1098
13
82
1153
1202
638
210
516
915
147
1043
962
990
472
183
79
859
397
517
887
345
755
6
921
8
1012
368
905
55
756
821
1086
594
1146
466
903
540
623
768
1047
60
881
781
124
253
899
28
799
987
1066
129
123
197
410
761
896
871
1052
795
445
25
532
921
606
1025
989
207
1061
641
1117
1039
1145
175
367
31
1149
580
1198
248
347
143
756
713
85
263
442
791
81
388
801
918
787
908
859
74
538
82
634
540
1138
348
692
204
447
1088
1014
793
1100
688
709
519
1087
1102
0
1028
890
127
421
196
1093
1175
35
1056
868
382
23
1220
886
108
719
853
606
1188
123
794
930
127
445
341
1095
616
4
673
1083
346
821
1055
188
874
819
969
732
629
136
836
773
572
348
358
405
594
926
1046
325
1224
953
799
674
698
364
560
211
906
763
290
1184
362
85
590
148
509
1060
65
559
688
701
656
537
1069
752
868
156
495
383
335
642
1196
380
153
621
403
732
1004
469
581
24
327
1007
928
866
962
922
980
414
842
911
44
409
871
1137
1074
263
66
303
1083
684
458
393
715
78
316
1016
1098
10
874
785
760
122
835
708
380
495
1157
158
880
386
532
219
1155
50
216
1221
371
50
1072
978
647
650
648
251
838
352
576
955
644
395
204
638
709
113
912
559
556
1057
1165
672
1180
986
271
625
105
98
937
290
40
901
802
712
851
1054
763
586
748
398
603
759
111
501
383
441
643
45
304
167
720
117
771
795
45
1045
150
327
886
1167
512
258
937
1237
11
272
1083
662
1087
164
295
355
670
132
59
975
608
735
858
878
952
1004
387
670
316
237
532
812
941
302
66
518
423
1112
618
614
865
70
397
820
1094
129
298
415
909
151
886
1147
322
165
1223
538
259
990
1118
678
385
248
553
680
243
1
185
86
870
220
1190
623
78
547
251
727
274
1101
956
1228
958
69
318
267
403
139
997
945
286
1185
985
875
924
858
180
749
4
55
870
133
899
670
384
1121
929
87
29
382
773
436
104
986
774
941
1218
116
949
1237
288
109
175
431
1076
522
471
361
315
899
309
116
332
522
85
792
1019
122
1247
117
267
779
207
74
844
1087
862
784
1102
531
66
6
262
807
251
998
382
676
1149
646
1134
700
693
825
230
806
418
377
433
209
906
819
556
433
1162
771
1076
406
1008
467
1088
732
145
1110
435
196
1133
1028
1170
733
630
314
285
377
332
130
394
870
871
127
1064
476
1074
475
169
97
809
727
140
42
854
463
238
1025
431
342
599
432
1251
662
443
317
821
1164
614
1101
1150
913
1248
1250
932
148
558
657
801
332
422
970
1010
1179
241
312
202
867
637
279
595
1169
610
251
841
301
497
777
989
522
268
466
623
40
588
1195
1180
294
760
577
961
1113
1106
1209
864
692
1122
1246
369
792
574
822
1219
879
1215
114
98
777
173
1100
717
389
396
47
118
980
536
447
662
552
744
906
1112
685
590
1101
1208
760
911
408
296
944
923
1195
1149
239
29
119
450
250
1189
591
227
501
62
350
961
915
731
419
397
1142
426
689
123
764
927
91
971
238
506
185
483
571
26
246
146
787
797
582
1237
1121
1090
34
71
836
586
392
225
1147
1047
1102
1221
49
391
550
1242
874
1146
786
1205
85
1160
862
204
178
572
122
1263
367
899
976
1247
1162
1176
369
770
857
1231
600
1228
447
878
242
163
448
534
1193
1084
504
956
1268
454
692
891
694
1128
1116
622
526
578
1075
267
981
253
680
379
1043
783
976
101
38
588
415
1267
703
55
1096
252
284
476
682
190
345
62
27
981
968
1223
107
582
841
975
573
1260
1288
1267
921
1293
205
1137
1137
83
1049
713
624
496
763
1295
146
279
939
1121
316
811
552
542
839
689
291
1261
570
13
1195
233
1022
908
294
647
962
1112
483
965
522
1181
291
434
497
588
1257
512
307
1173
1145
920
1164
1021
664
253
66
284
1080
1010
1075
700
1070
847
1245
356
512
1195
84
42
798
287
956
640
336
922
381
281
310
1294
1286
204
482
843
157
1029
777
1064
285
476
828
261
1212
97
1264
271
1005
430
695
1165
379
244
123
912
827
1031
607
754
88
131
784
222
326
666
695
718
864
618
1086
1232
62
661
524
438
488
1038
864
622
1085
281
1112
796
1166
137
788
907
27
804
925
975
887
613
729
810
613
333
243
1024
503
945
1061
17
205
673
596
825
632
125
129
309
671
946
722
1109
578
718
912
1081
862
502
152
912
115
337
131
1273
661
733
1197
136
907
1208
343
1242
559
470
220
82
650
43
1041
786
765
100
1055
1099
1274
892
1285
404
250
527
754
316
1006
339
536
148
273
475
535
1030
36
597
1042
246
867
603
118
677
926
776
431
740
1031
297
1256
743
176
446
62
181
821
871
814
214
512
722
1262
1142
1181
91
834
693
1259
28
982
851
991
189
256
478
714
381
539
1269
959
626
497
315
430
373
858
903
18
357
833
692
1056
627
747
466
808
363
1330
1075
307
29
541
569
488
1261
863
1292
511
393
560
466
99
1105
1139
679
733
711
796
120
1141
530
1083
653
1170
938
260
438
81
832
1058
280
603
552
736
573
447
1001
876
203
1094
664
331
634
1030
657
1011
800
1087
1006
1053
1225
13
270
983
688
1336
1023
58
1134
693
1310
478
604
77
300
426
1156
1224
1283
723
80
419
754
525
406
1066
796
982
519
114
922
643
316
1128
362
294
685
1056
633
533
755
395
536
552
442
851
340
1318
1097
616
1154
478
176
609
1250
1028
1081
857
1118
507
1120
72
359
1326
254
693
195
155
181
22
128
132
1288
727
840
300
1204
437
1165
340
930
962
1232
179
290
423
1047
1177
565
213
309
508
132
358
1176
971
411
708
492
859
694
285
238
112
302
118
838
505
916
860
1165
834
1240
264
136
554
217
1257
395
886
194
850
21
1165
904
73
17
936
1211
1126
1218
858
768
947
467
1112
497
1178
750
1077
1070
443
133
440
770
503
1346
246
1309
1192
1169
1050
411
758
729
1211
1090
603
414
13
715
191
323
33
95
1344
198
248
1363
1079
1210
1164
799
1244
1146
348
413
80
1051
899
478
781
1151
19
964
1116
1136
1350
1353
41
1223
269
489
1168
935
224
891
379
253
1184
451
788
1272
1161
284
153
802
974
610
727
916
495
1059
350
122
471
1355
999
929
814
1081
84
935
417
779
6
877
220
914
472
814
1297
151
1362
799
980
793
305
132
1076
1034
265
1000
1051
938
668
835
664
31
62
1009
635
185
259
1032
789
404
591
853
545
136
926
758
1112
223
1225
633
332
1000
22
408
1327
630
1148
80
520
902
616
1063
1070
1117
609
448
101
1028
792
467
1279
903
1241
850
35
669
1327
90
896
567
889
1146
618
682
1172
783
1024
1120
651
1163
814
1221
161
104
509
1169
402
70
161
434
166
1130
719
775
806
979
1361
131
1041
1142
754
886
1149
144
893
1001
1246
10
286
5
1344
726
1360
1006
1079
169
70
1298
1101
158
73
1370
1230
1296
990
954
3
911
239
1183
155
414
246
914
480
640
616
1074
1265
1389
899
1337
971
887
789
900
1011
944
332
491
407
1256
971
925
320
273
507
423
1331
1105
728
1306
623
1340
443
307
988
1051
1153
1157
209
466
1123
883
435
407
35
1053
767
287
1298
858
1381
1144
306
531
69
1338
568
231
1071
1165
1191
1130
945
1115
342
427
248
1118
54
545
1086
758
56
1233
565
1392
473
445
588
373
20
561
179
541
120
315
1178
1384
639
477
1395
178
1406
1292
979
870
673
1391
29
562
502
41
745
1089
849
883
464
1412
117
933
491
324
993
230
873
1217
1246
183
631
226
69
802
1400
52
177
457
449
69
769
172
1205
627
537
1276
945
215
59
1217
931
1239
557
804
1278
881
1340
4
99
685
1147
220
359
449
1022
422
1164
502
81
510
940
946
1153
818
396
1019
139
772
390
315
720
363
748
1115
528
1152
1059
1147
1223
783
1107
1400
1425
957
112
562
29
954
513
575
746
1089
1012
551
628
79
392
452
1003
1297
1286
1043
1212
305
272
339
444
174
923
278
956
1181
328
1204
618
445
162
89
1268
442
215
450
935
350
827
1059
1200
708
1010
1281
664
9
785
1365
213
296
51
542
1390
1434
1145
571
133
924
166
211
430
1407
224
1281
845
859
1437
1160
620
1204
857
666
1419
540
101
373
146
448
845
864
712
256
567
915
969
732
236
1365
769
1086
36
891
905
1214
984
1030
360
1176
701
847
736
1255
625
250
1217
1316
1146
653
591
1417
723
1328
695
1092
1418
1128
494
530
701
115
1318
1187
691
1249
997
3
283
495
1385
796
262
177
331
1240
232
707
673
635
1173
1064
232
452
121
638
1404
1273
663
787
997
1248
50
147
1365
40
628
478
1207
867
544
1415
1102
318
1410
697
1280
258
843
553
538
145
1306
82
944
867
1440
606
290
473
919
22
1063
1409
510
136
534
219
1018
930
1216
1034
1147
619
708
1399
1190
128
480
444
1320
700
1091
952
397
497
738
150
996
1279
1311
244
862
909
315
1049
1203
712
1029
1252
590
58
221
1069
837
469
844
280
1040
61
1469
1438
325
857
834
1456
1196
958
956
567
1156
1259
848
1067
168
1036
266
648
736
718
466
1398
324
546
482
523
1259
867
1021
368
149
1464
467
1321
173
1318
925
361
61
470
404
850
227
517
1033
702
883
91
212
740
105
317
125
155
808
584
298
1234
76
1298
1201
1066
180
691
1406
441
1290
72
663
1208
449
767
1045
958
1138
1395
260
454
978
811
1162
3
1183
1336
481
415
470
1348
826
98
19
1486
541
541
1109
358
115
736
436
1396
788
1212
141
104
108
1248
575
1420
1165
411
597
1146
1049
1173
883
1222
50
1376
1042
520
506
453
818
1064
124
1142
1360
996
219
218
1240
227
491
591
579
656
1247
1328
1074
952
443
197
278
1130
1002
374
284
1379
789
582
314
699
1319
1445
622
479
1090
872
871
755
416
126
1326
1172
1159
57
859
90
535
619
1392
953
619
658
1401
1029
1311
1061
130
1258
1251
104
1255
1308
243
951
849
764
1139
497
944
397
529
221
862
1186
1296
937
338
1319
895
71
345
295
623
74
614
262
220
619
800
1389
341
1272
1251
1451
715
149
888
1319
1474
893
667
1055
484
1397
1341
260
862
1269
1179
450
484
533
46
1096
730
1064
326
1478
1307
403
766
324
477
840
1449
420
238
1342
980
171
808
504
553
396
1161
90
1235
208
1463
117
1169
1038
769
539
1514
1032
1183
1257
82
237
939
707
1235
762
394
451
516
231
364
1162
1361
974
1395
123
1432
1112
1251
1263
56
176
176
1327
87
1160
1367
986
94
935
162
1424
328
314
856
1432
589
1027
1475
515
416
1280
550
239
372
559
1234
749
914
324
1161
812
501
6
719
360
1087
698
891
1407
1004
1235
1238
868
1059
1179
986
173
250
433
895
270
145
581
988
1154
1453
1320
948
638
855
1510
1412
664
6
565
317
402
887
242
141
576
1139
417
923
1310
242
1481
171
363
544
28
130
45
1007
461
413
1287
1522
928
1281
1169
676
926
396
325
1282
310
654
580
389
757
356
903
1202
375
1348
1174
751
583
633
751
687
315
523
45
1028
1026
734
1474
135
1488
838
120
881
676
967
1130
579
37
1308
815
1171
1100
1086
134
30
17
200
382
496
674
831
369
1227
278
647
1176
966
952
1303
1397
913
1229
341
418
1170
1550
1013
1537
391
437
4
1536
283
662
554
1038
766
1454
1339
1494
988
862
393
539
618
1017
1484
69
529
1442
185
1222
377
191
1244
440
780
1029
594
843
1171
1118
1374
1468
1045
1353
842
826
201
1276
1008
335
585
524
596
1114
675
651
950
937
1134
404
842
356
605
670
1048
559
377
1182
1230
1029
852
953
373
1326
584
255
1489
926
731
764
136
1226
266
545
975
1097
395
105
1539
1416
1041
608
346
611
838
903
1570
1349
1413
311
1086
22
1050
1124
369
1223
942
19
1377
411
961
328
1140
25
779
693
1213
604
320
936
476
1145
769
1318
84
570
1397
188
166
337
1226
1130
240
1067
1140
1143
379
1465
534
1186
428
448
1496
1426
1489
1400
892
1106
1141
1136
987
446
161
1375
290
139
281
59
852
104
842
554
289
1402
926
1176
294
1111
18
1549
1007
175
597
1150
1534
999
524
64
147
941
1531
1438
1217
134
1281
813
1118
974
1319
1068
1148
4
491
515
304
1140
1425
492
1022
730
1115
1322
1437
1003
567
826
193
583
1036
40
134
997
754
315
206
109
590
403
441
5
59
123
338
1113
1493
378
499
252
1065
607
472
92
898
178
37
613
1319
1333
1490
618
287
1461
298
1391
1440
467
366
1081
1560
1513
934
724
940
838
1401
1562
315
1015
454
704
640
1075
1279
398
1242
458
1385
241
149
923
613
1061
1131
1374
477
82
408
1545
1587
1520
979
937
428
1223
639
68
212
1418
898
1162
762
1447
898
295
254
360
1260
754
306
1090
1362
412
784
898
1456
1209
165
1136
39
523
1624
415
1422
591
1128
726
1063
45
659
1461
1546
1101
1562
82
1227
1236
1550
1247
903
503
1250
392
1311
1067
1187
431
635
1354
1645
529
1318
1159
244
392
225
873
495
1605
1247
1125
705
710
1617
1185
1532
788
814
332
1181
510
933
1147
1167
815
887
988
1022
216
1273
1013
1030
1507
1134
1333
126
1084
813
993
979
1009
688
141
1117
1062
465
1467
1131
1221
443
894
896
252
1165
1580
392
678
1316
1509
982
354
331
449
1668
165
1282
1555
1625
600
348
1338
712
354
634
1127
1232
475
1275
578
1364
1335
770
74
638
52
122
843
1511
1439
371
1417
918
1665
980
1440
1367
1069
562
617
699
661
272
912
1267
1062
1311
679
195
667
1144
527
1212
825
1430
1036
1595
43
1083
1623
154
866
1507
1658
849
222
178
32
423
394
109
607
426
1202
32
875
828
557
855
1067
1264
992
737
1425
668
474
1374
960
94
65
892
81
1512
633
936
1034
299
289
710
965
703
145
322
1305
1221
1066
110
662
1527
512
1146
1181
1680
959
1445
74
98
185
537
1638
1015
1175
958
266
1450
1189
639
275
1623
441
241
1627
1018
199
1688
311
569
335
307
1054
273
1127
1541
357
390
211
965
706
667
1201
1643
475
1093
1351
585
110
1103
133
1439
1089
484
891
1624
568
20
1286
1088
550
1675
161
1719
1547
1148
1056
8
92
1346
80
600
292
597
106
1266
1715
1300
560
976
1510
156
1027
1441
1103
1088
1493
152
1627
1157
771
279
1365
801
520
362
1616
809
1581
782
1571
553
372
18
1485
910
699
791
1553
1330
1319
708
437
835
410
486
715
1635
621
1700
878
1109
842
1647
1200
137
123
1433
498
166
456
1548
1614
497
74
406
843
421
363
836
16
1320
806
1425
1535
754
1666
640
578
549
858
251
45
1162
1033
1122
441
589
1432
1544
1603
80
1415
1727
78
327
1482
1124
1192
1475
967
624
60
919
350
1385
1158
1758
296
1009
1396
191
495
1166
1730
1481
1432
435
1025
320
1533
1131
275
884
987
1369
795
1414
1182
1345
1393
130
426
715
594
737
216
1520
1454
1697
912
1693
35
243
1570
1248
959
1050
1290
335
1755
190
740
768
515
935
1037
1188
1148
1261
1615
124
844
1696
1208
1335
416
1724
498
1068
760
827
837
283
165
1649
1463
671
511
1299
850
564
1077
559
773
1374
1580
72
331
11
936
387
425
1302
1437
197
1550
536
1336
606
1404
432
1415
395
1580
1161
28
1104
1139
1415
1672
1736
1044
621
426
1616
323
1568
902
715
1490
1288
17
425
471
1026
1455
562
992
1348
829
58
1184
215
1469
1543
1156
193
134
972
350
408
1243
644
909
541
500
1787
146
279
648
666
49
720
1103
48
415
1158
34
802
310
846
1387
26
233
1296
143
925
323
1635
1526
272
1307
578
348
1479
528
676
137
263
1166
662
1120
401
1674
1200
79
1471
507
113
1762
749
287
401
905
1088
1318
860
609
400
1786
1829
643
1224
1388
78
494
348
1698
1706
10
1788
1129
872
199
1512
1599
1002
1263
130
471
75
1409
1338
1407
1807
684
890
455
1779
822
1136
1593
1068
755
1211
818
1802
1147
1651
451
271
1741
184
581
776
7
744
1430
885
1670
1796
1271
651
153
1832
1107
532
982
1121
1096
1086
828
999
1339
276
1638
805
80
796
1351
1155
409
549
1131
902
1591
581
581
1852
1782
1437
862
109
80
707
1289
645
294
96
816
647
970
795
605
3
1761
1850
277
1359
1765
1465
1363
1109
350
764
1357
1479
1645
1796
290
95
865
1839
439
170
962
914
489
689
577
704
476
742
281
1030
960
1763
129
59
850
481
957
883
1722
1658
1335
1877
1774
1711
1856
333
651
1140
1101
1574
540
1369
807
435
250
623
1406
1765
973
747
21
719
1506
1359
916
1529
1228
1425
793
1822
966
1597
847
1759
589
1245
360
325
1123
799
935
58
1
562
1570
1467
874
457
287
43
556
788
488
330
566
1893
1489
118
1847
1319
759
665
800
1147
385
679
531
1665
280
836
256
487
817
155
1482
1187
1700
1389
359
404
869
752
556
94
1605
206
1195
1797
475
1719
1418
827
1821
5
304
218
304
1176
720
732
719
405
606
511
573
329
900
324
1393
1926
1493
1753
1542
1433
1915
1105
476
852
1009
1717
1744
678
232
1716
273
1147
1039
1261
1076
1856
53
1778
1206
495
822
324
452
1293
1724
746
981
287
1303
288
971
202
261
766
244
1507
272
1335
771
885
306
1478
1428
1943
597
59
391
1735
1072
1229
1116
1631
1410
539
862
330
1445
1451
1331
1438
1815
92
952
575
772
92
259
545
57
1739
460
1159
1946
1470
1682
1184
692
1618
1083
768
1796
1083
877
611
1698
1337
1485
1718
1887
1761
1608
899
1300
226
195
1257
1358
1472
585
1439
11
1355
582
577
1698
1682
356
918
1046
1274
1770
1770
1113
371
1897
1846
520
1111
1141
1171
728
873
406
1113
1642
1821
1710
2
1475
219
627
797
1751
1858
1386
1792
993
1640
1210
325
1034
934
322
1818
684
1428
14
917
1480
1575
679
443
997
1627
244
1575
305
304
558
1047
395
1392
170
1649
576
769
821
466
1349
1062
1687
999
981
1775
819
730
200
1130
763
1269
551
278
640
1869
954
427
13
1007
167
1376
310
199
206
1876
328
293
1129
735
1826
109
374
1569
858
1916
1561
1691
2
769
925
1422
429
1739
1640
1591
1200
1938
150
883
925
1202
1242
1193
271
612
1224
103
1052
105
661
956
1970
999
1117
796
2044
1519
1516
1266
653
79
30
1739
645
319
1113
1871
1207
1175
147
403
304
918
1832
2026
832
174
1101
664
546
527
1586
1748
1808
1721
887
806
1759
846
1229
1234
1677
1152
1473
1436
1864
99
478
526
1010
917
1479
341
1277
1830
457
171
39
434
1756
1960
1426
812
1567
142
45
301
1875
689
406
1156
145
1652
325
1442
390
2042
1506
2008
568
1231
1085
501
292
777
1286
623
1382
592
560
1561
552
596
1750
831
1975
1287
1176
1864
1003
36
2028
1938
1235
271
510
1111
1933
1595
1486
598
1113
1504
300
507
1330
736
1199
1309
1791
410
2062
1156
932
2073
147
1033
2069
1982
1820
1898
1710
1683
1545
1253
1864
1611
142
1820
49
810
231
193
1560
600
1774
555
1953
1913
1418
529
2095
1455
1666
433
1469
941
160
561
1221
256
1998
628
553
1294
2131
1050
2091
1828
834
400
1138
1814
731
977
740
1481
1571
525
764
1333
1582
1199
1819
304
622
1524
933
73
1237
409
1464
1832
1713
1804
490
1812
1064
464
2075
412
1580
1338
947
1235
989
503
67
1194
1256
1908
1220
1966
1907
517
1549
903
286
1059
1376
1765
1066
1458
1758
1947
1491
1955
842
1182
1733
11
393
210
942
225
74
524
2006
502
670
1295
502
276
555
807
2179
1139
132
97
437
2167
201
471
354
1633
509
1830
1831
1684
2173
1078
1024
484
433
741
1397
1615
149
930
340
1457
1876
835
1818
1283
839
143
1087
866
38
1813
519
388
1366
936
765
1573
2138
750
1447
1583
1871
2004
1667
1008
416
736
1911
577
1318
560
2209
799
1075
1105
453
1517
2152
223
435
1444
117
966
1969
1462
1754
686
58
848
974
1829
341
315
733
240
1250
1430
1825
557
1652
2168
842
1938
405
517
1261
1493
1116
553
2220
2001
989
582
324
1033
568
1798
438
186
1974
1338
1377
650
1592
705
562
1000
462
56
1554
2163
16
2110
506
32
613
130
1143
791
955
2107
727
2042
1276
2203
2115
1815
250
1372
957
2082
1870
1578
2167
2041
40
116
1013
977
1113
1945
127
386
1653
140
472
548
1109
1506
481
1635
1223
915
1123
545
1062
1401
1050
1232
1269
1159
727
1166
1266
1011
1722
388
1043
2266
247
823
603
616
2301
1612
224
636
435
557
1414
3
1618
1583
300
1486
452
1915
1605
393
2031
944
190
2208
902
2258
721
1185
1621
400
1077
2024
1409
1552
2132
2278
295
1295
1897
1692
1058
155
1422
2110
1405
524
514
1004
1791
1683
755
197
281
1481
2084
538
1168
2251
1149
619
1590
342
1802
172
1855
601
1230
1512
699
414
2242
641
653
2092
1514
418
2272
555
424
2060
2044
2057
1043
959
1302
955
766
2372
1025
2230
1729
1678
965
2245
674
189
610
1683
727
2132
737
707
1289
676
490
1606
2213
900
1339
197
951
1389
626
1970
1603
2103
1526
874
2391
2181
356
846
721
123
2111
2329
68
1699
181
716
1229
2190
753
2289
916
1143
2361
2091
102
809
2225
1465
639
991
1233
612
1452
262
1284
2006
266
1034
547
866
1101
1691
1684
2164
969
1069
476
2248
1017
1406
1515
779
1083
227
2239
411
1497
2405
1038
1145
364
1758
741
984
1665
1581
1714
818
1190
1318
1123
2253
275
1012
545
1860
1828
2410
1765
1971
779
1291
956
1348
1992
1498
588
1037
239
1609
1754
1048
1979
367
1303
2104
2244
364
708
300
854
257
1669
2289
918
465
789
1489
2123
512
382
90
2282
1289
2093
1393
184
25
2433
772
1542
2436
1947
1866
502
470
367
1712
1402
2199
348
1179
1553
2165
46
2433
1028
707
36
1348
818
1874
2234
739
1132
1205
881
1473
1852
2021
347
282
864
1318
1801
1544
571
2211
1512
45
582
1932
1862
2137
694
1433
752
584
998
239
1764
821
326
768
1713
1413
148
10
59
1551
952
2149
2255
2242
1324
1133
2199
933
1131
1516
94
812
1096
1613
1571
2406
1120
2543
2000
2585
1219
1428
2498
1461
1610
1954
296
1042
1375
1120
2572
1321
1867
655
1892
2153
1100
167
1560
1870
2080
1473
738
476
1171
1717
2470
126
300
1665
2346
152
1297
1826
1503
1980
1050
1838
1300
2323
519
2312
2218
909
195
1878
580
88
1540
385
1255
1398
1354
1848
1754
793
591
665
2080
807
406
2063
1746
2445
2563
180
733
1171
1862
979
145
2481
611
135
87
776
1800
2121
1692
1806
2222
2635
2331
2603
1204
443
1953
1739
1342
653
1248
1738
2623
2561
1007
179
2525
1742
51
1774
1801
114
1082
777
997
1194
4
2306
2665
491
1993
2439
61
576
1692
1136
1029
1162
943
1160
2095
2304
1621
62
1902
535
1314
1941
2668
2672
714
1022
2376
2697
1238
25
801
2434
1386
2110
650
1147
1954
2392
1850
1546
717
427
649
131
608
1156
2454
837
1880
739
104
2718
866
1602
1311
1444
559
867
882
2144
1929
1645
105
858
2601
1937
709
2534
302
1817
1780
1215
390
938
2531
1130
253
2063
847
786
188
1723
768
1687
1985
2661
837
2006
148
1646
995
1259
2664
1960
663
2289
200
1322
618
2409
1138
730
317
1808
2248
533
242
321
1907
1055
945
888
2522
1927
1907
588
568
1306
535
2533
2026
270
288
2559
313
2411
1345
346
1406
2699
81
2505
1714
883
463
343
2740
104
356
2101
1988
1352
690
1886
601
2494
574
245
963
1499
66
1556
1509
2703
2669
476
1049
852
26
916
757
807
2797
1381
1220
0
591
603
174
2858
461
1232
1877
2048
2296
1878
1037
1224
1695
1824
1273
278
1529
1670
1941
2106
2729
2510
1343
2786
1310
1199
938
2286
1527
2686
970
1691
530
715
2508
603
1698
914
488
2727
2442
2623
752
1735
1152
873
436
1529
476
2284
1223
1136
170
2680
827
2227
3017
500
2669
1450
268
1448
395
938
1384
1247
753
903
371
1558
1975
663
1111
314
2023
2076
220
2625
169
2483
820
2473
1020
421
2463
1044
1993
414
163
2766
1832
2528
1646
2764
3078
2654
2346
1110
2446
1566
1412
634
1139
2344
1390
528
93
837
664
2510
637
2657
2852
1175
1307
1724
935
627
1210
2198
3130
1319
643
213
3130
132
2826
1827
834
3194
2362
836
2976
959
528
999
1893
2474
1026
782
242
2995
1783
766
2732
2674
3190
1589
1047
2286
668
3147
941
1787
2007
732
439
994
1892
3139
98
865
1543
2763
799
2693
2404
1032
3068
1626
2103
1719
2001
1023
1925
2890
620
189
180
3175
1996
2700
1588
263
974
1075
1198
2536
2625
2572
2430
1050
2722
1288
3209
2997
1799
3192
2196
3310
1290
562
2257
2746
2316
2443
1507
2230
3218
1952
2535
2206
2509
2196
1210
910
2289
1883
1454
2332
2649
2814
3170
975
986
2099
3235
2188
1789
2638
2510
2874
155
1816
1573
2381
73
3167
895
156
2945
2963
3394
2213
1276
1246
2214
205
2231
2437
1147
2074
1504
1291
2277
991
1716
3071
3211
257
226
790
1514
2657
3287
1771
979
301
164
1030
1247
271
1759
1456
3380
726
2768
291
486
3094
2748
783
2500
3236
1212
1240
2323
2331
2497
1156
2543
3197
957
2461
19
1640
397
1752
2851
2219
3318
267
2397
935
193
2619
2266
2042
2596
1150
5
1568
2062
412
1139
3275
3474
2430
662
648
2951
2800
3381
3371
3109
3008
2465
3355
3511
345
3531
267
81
1650
1993
1796
903
953
405
981
1609
2122
1273
1432
2220
2205
438
1372
2157
268
112
1607
2794
1418
2912
541
2250
3715
3465
1071
689
3619
2503
564
3379
90
1047
3030
3280
607
2323
1025
3492
144
41
3780
26
3511
3807
473
2138
3371
452
725
2298
3498
1863
567
3493
2356
1588
1173
2233
1273
1184
447
3649
584
1779
796
148
2619
3602
1594
1945
968
3464
1056
1780
2454
1229
2925
1477
1050
1539
425
2600
3332
928
3930
668
3172
3726
1397
3907
2600
3958
2926
2956
1439
1820
2388
2504
1833
1835
1156
2948
3428
65
2298
3045
2104
64
2344
3359
2319
1993
3042
3000
3654
1753
2353
411
4037
1946
3438
941
1258
117
2192
2898
1691
2325
489
2037
1002
3629
2008
2448
303
3187
1959
361
831
2435
4095
3796
2613
1874
24
3847
3313
3315
2562
408
2315
2695
208
3185
3899
380
4177
2759
762
3756
3727
2367
726
380
3003
1864
3677
2609
2513
1450
1642
2927
1945
772
3765
3562
1743
1451
3695
1654
689
56
2019
1427
4182
1360
399
217
2499
1232
3349
1811
1741
1990
3106
2986
1574
1691
3456
384
4488
88
515
2693
1674
2186
324
2024
1823
3174
321
3797
688
3485
2303
1196
3674
884
432
1190
904
3741
66
3303
3673
1002
946
2377
3644
616
4237
2396
4096
516
2867
1974
2505
1205
4711
885
2867
2913
1053
2551
3320
2137
4737
3174
4092
2424
481
3428
3258
2851
1344
12
1054
4104
2856
3007
2098
2614
2086
3758
99
4539
299
2784
681
1437
1543
1265
4732
1542
64
4489
4210
3207
1173
769
3232
2432
1759
4140
3338
1858
5103
1015
61
2896
1445
3207
205
4147
3985
4566
110
3411
831
4332
173
520
4236
2430
1546
1804
3504
2807
435
3864
2426
4080
1479
5321
3490
4408
3663
4309
283
977
1372
4967
4624
3619
4620
1192
4244
4881
479
3121
5206
5302
4648
2825
4098
4622
1547
232
4903
447
3785
5416
2096
2538
3063
2892
2815
2881
3886
761
3661
4988
851
4464
2852
4538
4551
5263
3625
209
613
2316
1463
3863
2753
1132
5275
1665
4351
879
733
4628
1612
5777
5141
998
2306
1310
2584
2330
5996
3501
481
1941
965
4842
453
1783
392
4604
460
733
3497
3256
1767
434
730
6241
5300
1479
6429
5318
6210
4427
304
708
2432
4393
4424
3636
6048
412
1928
4850
1932
1784
2045
546
1439
3870
5463
376
5673
6280
2599
5968
843
3320
6340
5491
1398
3453
30
6820
5863
6173
1763
3495
711
5163
2046
7091
399
6398
5544
3132
6077
3015
1940
5625
1866
6853
1206
1036
3803
3315
305
7166
212
2342
5951
7637
1648
427
801
7481
2634
7259
3978
2263
2065
6579
953
3497
4796
6178
4954
7451
7010
5935
8003
7963
3183
1794
1138
6838
2413
3651
8284
3504
6726
2491
179
4384
4235
4673
6828
2000
6205
1824
8222
5100
1806
1948
6072
855
2629
2316
3193
5240
557
1032
8437
1759
5750
5120
8641
3865
2620
8394
2089
7735
8397
10349
2802
1876
3281
4306
6280
6702
2290
9568
3757
7914
1094
10602
10701
5228
3491
7807
10369
3545
11718
7752
6147
8067
8312
3393
7892
7541
7681
4507
3733
13486
12697
9986
8507
3057
3031
11973
10
8325
113
12678
6426
2275
11540
10624
729
9583
3310
10896
10158
11680
10169
16165
6646
17908
9570
19520
19884
13576
13489
6485
6236
9387
23555
19871
20455
16578
3437
21286
30647
8962
20500
51265
24371
