133
000110000000010000000001000000000000100010000000000100100000000000000100100011000000001000000000100000000000010001000000000010010000000000000010010001100000000100000000010000000000001000100000000001001000
01000000001100010100011011000100000101101000000001000000100000111001100000100000001111100001000010010010010101100000000001000000010010000000001001000101110000101000010100011000010110000010000100000110111000000000101000011110000100010001
0100
010000000011000101000110110001000001011010000
0
000000001010000000101011011000000010000011111001
011
1010100100000100010000000001000110000110001010100100000100010000000001000110000110001010100100000100010000000001000110000110001010100100000
100001
01
01000111000001011000000001010111100000000010
00011000100000000000011101010000001101110000010100000001010000101000000101000010011000011000010000000000001000100100001000010011000000010001000
1
00010000000011100010100010110000100000111100011000000010000000000100000010010000001000000000000100001001011011001000100100001001100000110011000000000000100010010000000000110000000101010000010
10101001000001000100000000010001100001100010101001000001000100000000010001100001100010101001000001
00011000000001000100000000000010100000011010000000100100000010000001000000100000011000000000000000000000000000001000000010010010000110000010000001010000101001000001000111000000000100100111000000110100001101100000001110000000000
100
010
0000000000101010000001100001000000010000100001011
0010
0100011000000000001010101100000010100011001001010100
010001
01010111010100000000000011010010000001101010101110101000000000000110100100000011010101011101010000000000001101001000000110101010111010100000000000011010010000001101010101110101000000000000110100100000011010101011101010000000000001101001000000
0001100000000100000000010000000000001000100000000001
00000000101000000010101101100000001000001111100101011100110100000001100100000000010100000001010110110000000100000111110010101110011010000000
00011000000001000000000100000000000010001000000000010010000000000000010010001100000000100000000010000000000001000100000000001001000000000000001001000110
000000000100000011000000101010000100010000000000000101000000010000010000001011001110001010001000001011001000001000000
000110000000010000000001000000000000100010000000000100100000000000000100100011000000001000000000100000000000010001000000000010010000000000000010010001100000000100000000010000
0100101001110000001000010000110000100100101000
01010111010100000000000011010010000001101
0000000000101010000001100001000000
01000110000000000010101011000000101000110010010101001010001100000000000101010110000001010001100100101010010100011000000000001010101100000010100011001001010100101000110000000000
000100000000111000101000101100001000001111000110000000100000
1000011000001000010000100011000000000000000000000100010101101100100001100100000000100000100000000001100000010000000001010000000100001010000101100001010000011100001010010001000000000000000000000010000000000100000100001001000000010000100001000010000000000100001011001110010001100000000000
000000001010000000101011011000000010000011111001010111001101000000011001000000000101000
01000111000001011000000001010111100000000010100000000000101010010000111000100011100000101100000000101011110000000001010000000000010101001000011100010001110000010110000000010101111000
0001000000001110001010001011000010000011110001100000001000000000010000
0000000001000000110000001010100001000100000000000001010000000100000100000
0100000
00011101001000000000000000100010
01010111010100000000000011010010000001101010101110101000000000000110100100000011010101011101
000110000000010000000001000000000000100010000000000100100000000000
10000
0000000000101010000001100001000000010
00100010000110000001000000111010000
01100000000000000100000101010100000000000010001000001000100100010100
0100101001110000001000010000110000100100101000000011001001001000010001000100000001010011101010100101001110000001000010000110000100100101000000
000000001010000000101011011000000010000011111001010111001101000000011001000000000101000000010101101100000001000001111100101011100110100000001100100000000010100000001010110110000000100000111110
01010111010100000000000011010010000001101010101110101000000000000110100100000011010101011101010000
0101011101010000000000001101001000000110101010111010
0100000000110001010001101100010000010110100000000100000010000011100110000010000000111
100001100000100001000010001100000
010101110101000000000000110100100000011010101011101010000000000001101001000000110101010111010100000000000011010010000001101010101110101000000000000110100100000011010101011101010000000000001101001000000110101010111010100000000000011010010000
0100000000
0101011101010000000000001101001000000110101010111010100000000000011010010000001101010101110101000000000000110100100000011010101011101010000000000001101001000000110101010111010100000000
1000011000001000010000100011000000000000000000000100010101101100100001100100000000100000100000000001100000010000000001010000000100001010000101100001010000011100001010010001000000000
01010111010100000000000011010010000001101010101110101000
0101011101010000000000001101001000000110101010111010100000000000011010010000
001000100001100000010000001110100000000100000000000000011001001101
0100000000110
000000001010000000101011011000000
0000000010100000001010110110000000100000111110010101110011010000000110010000000001010000000101011011000000010000011111001010111001101000000011001000000000101000000010101101100000001000001111
000000001010000000101011011000000010000011111001010111001101000000011001000000000101000000010101101100000001000001111100101011100110100000001100100000000010100000001010110110000000100000111110010101
0001100000000100000000010000000000001000100000000001001000000000000001001
10010
10
0100000000110001010001101100010000010110100000000100000010000011
110100100001100101100000101110000001011
01000000001100010100011011000
110100100001100101100000101110000001011010010000110010110000010111000000101101001000011001011000001011100000
0100011000000000001010101100000010100011001001010100101000110000000
00000000101
110100100001100101100000101110000001011010010000110010110000010111000000101101001000011001011000001011100000010110100100001100101100000101110000001011010010000110010110000010111000
0100000000110001010001101100010000010110100000000100000010000011100110000010000000111110000100001001001001010110000000000100000001001000000000100100010111000010100001010001100001011
01010111010100000000000011010010000001101010101110101000000000000110100100000011010101011101010000000000001101001
001000100
0000000010010000000110000000000001110000100101101001000101000000010100000011100100000000001100001
10100001000001010001000100000010000000001001011000001100000000000010001011001110001000100100100
0000000010100000001010110110000000100000111110010101110011010000000110010
1000011000001000010000100011000000000000000000000100010101101100100001100100000000100000100000000001100
000000001001000000011000000000000111000010010110100100010100000001010000001110010000000000110000100000000100100000001100
000100101000001001101000000000110000001010101000000010000010010001100000001010000000100000000000000000011000010
000000001010000000101011011000000010000011111001010111001101000000011001000000000101000000010101101100000001000001111
011000000000000000000110001011010010000010000011100100000000100000100100110000000000000011001000011000000000010001001100010010000011000001100000100001110100100100000000011100011011010000010011
00011000100000000000011101010000001101110000010100000001010000101000000101000010011000011000010000000000001000100100001
1010100100000100010000000001000110000110001010100100000100010000000001000110000110001010100100000100010000000
000000001010000000101011011000000010000011111001010111001101000000011001000000000101000000010101101100000001000001111100101011100110100000001100100000000010100000001010
000100000110010100000000100110110110001000101100000010000000011101001101000010110000000000100000000111100010000110110000000010000010000000000100010000101011010000100011001001100100101000010000011001010010001000100000000001110000000000001010010000000110000000000011000110000001000001000
010000
10000110000010000100001000110000000000000000000001000101011011001000011001000000001000001000000000011000000100000000010100000001000010100001011000010100000111000010100100010000000000000000000
01100000000000000000011000101
11010010000110010110000010111000000101101001000011001011000001011100000010110100100001100101100000101110
010000000011000101000110110001000001011
01000110000000000010101011000000101000110010010101001010001100000000000101010110
100100000000000010111100000011001100011010100001101000101100000100100000101110100100110000110100000000011011001100000011001111100001000000010010001010100010101001101100000
11001100011001001000000001010100010000000100010100100000100101101100000000101000000010011000000000010110010100111001010000000001000000000110100000001000000000000
010101110101000000000000110100100000011010101
0010001000011
01010111010100000000000011010010000001101010101110101000000000000110100100000011010101011101010000000000001101001000000110101010111010100000
1010100100000100010000000001000
110100100001100101100000
1010100100000
00011
000000000100000011000000101010000100010000000000000101000000010000010000001011001110001010001000001011001
010010100111000
1010000100000101000100010000001000000000100101100000110000000000001000101100111000100010010010010100001000001010001000100000010000000001001011000001100000000000010001011001
1010100100000100010000000001000110000110001010100100000100010000000001000110000110001010100100000100010000000001000110000110001010100100000100010000000001000110000110001010100100000100010000000001000110000110001010100100000
00010000010001001100001000000100101000110100110001001010000100000010000000000011101001010100000000100110000011100000100001100100000100001000000010000001001000110000000110000000001100001000100001001010100000001110110010100011000000000000000000000000011
01010111010100000000000011010010000001101010101110101000000000000110100100000011010101011101010000000000001101
100001100000100001000010001100000000000000000000010001010110110010000110010000000010000010000000000110000001000000000101000000010000101000010110000101000001110000101001000100000000000000000000001000000000010000010000100100000001000010000100001000000000010000101100111001000110000000000000000
010000000011000101000110110001000001011010000000010
01000000001100010100011011000100
0100000001000000000000
10100001000001010001000100000010000000001001011000001100000000000010001011001110001000100100100101000010000010100010
01000110000000000010101011000000101000110010010101001010001100000000000101010110000001010001100100
0100011100000101100000000101011110000000001010000000000010101001000011100
0001001010000010011010000000001100000010101010000000100000100100011000000010100000001000000000000000000110000100001001010000010011010000000001100000010101010000000100000100100011
0100101001110000001000010000110000100100101000000011001
1101001000011001011000001011100000010
01000110000000000010101011000000101000110010010101001010001100000000000101010110000001010001100100101010010100011000000000001010101100000010100011001001010100101000110000000000010101011000000101000110010010101001010001100000000000101010
1101001000011001011000001011100000010110100100001100101100000101110000001011010010000110010110000010111000000101101001000011001011000001011100000010110100100001100101100000101110000001011010010000110
00010
1010000100000101000100010000001000000000100101100000110000000000001000101100111000100010010010010100001000001010001000100000010000000001001011000001100000000000010001011001110001000
00100010000110000001000000111010000000010000000000000001100100110110100000000000110000100000001000110000000000000001000000100001000010000001100000101011000000000100000000100000100100000100000001001011000000100100101101000000001
000000000010101000000110000100000001000010000101111010000000000100000000011000001000011001011000100000001000101010000000100110010000000000001000000
01100000000000000000011000101101001000001
0101011101010000000000001101001000000110101010111010100000000000011010010000001101010101110101000000000000110100100000011010101011101010000000000001101001000000110101010111010100000000000011010010000001101010101110101000000000000110100100000011
0001
0001100000000100000000010000
110100100001100101100000101110000001011010010000110010110000010111000000101101001000011001011000001011100000010110100100
1000011000001000010000100011000000000000000000000100010
01010111010100000000000011010010000001101010101110101000000000000110100100000011010101011101010000000000001101001000000110101010111010100000000000011010010000001101010101110101000000000000110100100000011010101011101010000000
1010000100000101000100010000001
