135
00101000000100001
000000000000100000010010100011010000000000001000000011101000000010100000000000011010011000101000001100000100000100100000100000110001110010010000111101000000000010
0000100011000000000010001100000000001000110000000000100011000000000010001100000000001000110000000000100011000000000010001100000000001000110000000
001000001010000000000001001100000110001000000000010000010000000000010001001000000010100000110010100010011000000000010000000000110000100001000001001011001110100000011101000000100000000001010000011
00000001000101100100010000001010000001000000001000010110000001111100000000000010100100000001100100100000101100010000010001111000000100000110001010111000100001100101
0
0000000000001000000100101000110100000000000010000000111010000000101000000000000110100110001
0011001000000011100100
0100110100001000001010010001100000011000000001011
0000000000001010101011100000010011111000000000011010000001100001101000010000000011000001010000100000100000100100000000100
0011001000000011100100100000100001010000011001000000011100100100000100001010000011001000000011100100100000100001010000011001000000011100100100000100001010000011001000000011100100
01001101000010000010100100011000000110000000010110011011010001000100000001110100110100001000001010010001100000011000000001011001101101000100010000000111010011010000100000101001000110000001100000000101100110110100010001000
010011010000100000101001000110000001100000000101100110110100010001000000011101001101000010000010100
010011010000100000101001000110000001100000000101100110110100010001000000011101001101000010000010100100011000000110000000010110011011010001000100000001110
0100110110001100100000101100000100000001010000000010110100111010011100000000001011001000010000000001010000000000000000111000110010111110010010000000000000000100000000101
00000001000101100100010000001010000001000000001000010110000001111100000000000010100100000001100100100000101100010
0110010000001
0110010000011000010000000101010100110000000000000111
01001010000000000100
01001010000000000100100000010000000110010001101110110100100001000010000000100000000100111000010000000010010100000000001001000000
0000000000001000000100101000110100000000000010000000111010000000101000000000000110100110001010000011000001000001001000001
010010100000000001001000000100000001100100011011101101001000010000100000001000000001001110000100000000100101000000000010010000001000000011
01
00000010000000100001010000000001000001000001000010000000000100000110101000100000101110000000000101
0100000000000000100000000000011000000000011000010010000000000000010000000000001100000000001100001001000000000000001000000000000110000000000110000100100000000000000100000000000011000000000011000010010000000000
000001100001110000101000000010000011000010100000010001000100100110
010011010000100000101001000110000001100000000101100110110100010001000000011101001
00110010000000111001001000001000010100000110010000000111001001000001000010100000110010000000111001001000001000010100000110010000000111001001000001000010100000110010
110010000100110111010000010000000100010000001000000010000000010111001000100011000001011001001000000100000010000000000000000010110010101110001000110110001000000001000100000000000010101010100
00001000110000000000100011000000000010001100000000001000110000000000100011000000000010001100000000001000110000000000100011000000000010001100000000001000110000000000100011000000000010001
000000010
01001010000000000100100000010000000110010001101110110100100001000010000000100000000100111000010000000010010100000000001001000000100000001100100011011
00100000100000101001001100000000000000101000000100000110000000100010011000001101110001001110000000100100000011010000100000000000000000101000000001001000000000000000010100001100000010000001000011000000000001001000001001000000000000100010010100000000010000000000000010001
0000000000001000000100101
001010000001000011000100110001000110000010000001100010000001001011010010000001
0000001000
000000100000001000010100000000010000010000010000
110010
00000010000000100001010000000001000001000001000010000000000100000110101000100
010101100110000000000000100011000000001
0011001000000011100100100000100001010000011001000000011100100100000100001010000011001000
00001000110000000
010011010000100000101001000110000001100000000101100110110100010001000000011101001101000010000010100100011000000110000
00001000110000000000100011000000000010001100000000001000110000000000100011000000000010001100000000001000110000000000100011000000000010001100000000001000110000000000100011000000000
010011011000110010000010110000010000000101000000001011010011101001110000000000101100100001000000000101000000000000000011100011
00000000100000010010000010000001001001000001000000000000010010001110001000
00000010011100000000100000111100000000000000001000000000011011011100000000000011011000010001000100101010001100010111000110000000001000000001010110000100000100100110110000000000010001010000000011001010
0011001000000011100100100000100001010000011001000000011100100100000100001010000011001000000011100100100000100001010000
0000100011000000
010
0100110100001000001010010001100000011000000001011001101101000100010000000111010011010000100000101001000110000001100000000101100110110100010001000000011101001101000010000010100100011000000110000000010110011011010001000100000
0100110100001000001010010001100000011000000001011001101101000100010000000111
0110010000
0000100011000000000
001100100000001110010010000010000101000
0100101000000000010010000001000000011001000110111011010010000100001000000010000000010011100001000000001001010000000
0000000000001000000100101000110100000000000010000000
010011010000100000101
010011010000100000101001000110000001100000000101100110110100010001000000011101001101000010000010100100011000000110000000010110011011010001000100000001110100110100001000001010010001100000011000000001011
00001
0000100000010011000000001101000000010010000100010000110000000100000011100000000010
010011010000100000101001000110000
0000100011
0100000000000000100000000000011000000000011000010010000000000000010000000000001100000000001100001001000000000
010011010000100000101001000110000001100000000101100110110100010001000000011101001101000010000010100100011000000110000000
01000000000000001000000000000110000000000110
0100001010000100010010100001000000100000000100000000000000010000110100010100010000010000100100001000000010100011010000010110001000010000011101010011000000000000010
01001101000010000010100100011000000110000000010110011011010001000100000001110
0000000000001000000100101000110100000000000010000000111010000000101000000000000110100110001010000011000001000001
00000000100000010010000010000001
0100110100001000001010010
010000000000000010000000000001100000000001100001001000000000000001000000000000110000000000110000100100000000000000100000000000011000000000011000010010000000000000010000000000001100000000001100001001
010011010000100000101001000110000001100000000101100110110100010001000000011101001101000010000010100100011000000110000000010110011011010001000100000001110100110100001
01001010000000000100100000010000000110010001101110
00000010000000100001010000000001000001000001000010000000000100
0100110100001000001010010001100000011000000001011001101101000100010000000111010011010000100000101001000110000001100000000101100
000000100
0001011000010001100000001000000000010110000
01001010000000000100100000010000000110010001101110110100100001000010000000100000000100111000010000000010
0000001000000010000101000000000100000100000100001000000000010000011
0011001000000011100100100000100001010000011001000000011100100100000
00000001000010000001001
010011011000110010000010110000010000000101000000001011010011101001110000000000101
0000001001110000000010000011110000000000000000100000000001101101110000000000001101100001000100010010101
010010100000000001001000000100000001100100011011101101001000010000100000001000000001001110000100000000100101000000000010010000001000000011001000110111011010010000100001000000010000
000010001100000000001000110000000000100011000000000010001100000000001000110000000000100011000000000010001100000000001000110000000000100011000000000010001100000000001000110000000000100011000000000010001100000000001000110000000000100011
00000000100000010010000010000001001001000001000000000000010010001110001000000001000000000000000010001000001000000000011000100100001000000001000110100000000111010000011000000101000001010000100111001100001010001
010011010000100000101001000110000001100000000101100110110
0001010001100000000101001001010101100100010000100000101111001
010011010000100000101001000110000001100000000101100110110100010001000000011101001101000010000010100100011
00001000110000000000100011000000000010001100000000001000110000000000100011000000000010001100000000001000110000000000100011000000000010001100000000001000110000000000100011000000000010001100000
0000001000000010000101000000
010011010000100000101001000110000001100000000101100110110100010001000000011101001101000010000010100100011000000
00000000000010000001001010001101000000000000100000001110100
001
000010001100000000001000110000000
000000000000101010101110000001001111100000000001101000000110000110100001000000001100000101000010000010000010010000000010000000000000010101010111000000100111110000000
001000
00110010000000111001001000001000010100000110010000000111001001000001000010100000110010000000111001001000001000010100000110010000000111
000000100000001000010100000000010000010000010000100000000001000001101010001000001
0000000100010110010001000000101000000100
01000
01001101000010000
000101000110000000010100100101010110010001000010000010111100100010100011000000001010010010101011001000100001000001011110010001010001100000000101001001010101100100010000100000101111001000101000110000000010100100101010110010001000
00010000000010010001000110000000100000010110001110101000100000110000000000001110000100000011000001000000000111010100000110000001000100001010110000000100110010000100000000001001010000110011100000000000000010100
00101000000100001100010011000100011000001000000110001000000100101101001000000100000011001010010100000000010100010100010100010100000100101000010000000000101000011000100001010000000100100000
000101000110000000010100100101010110010001000010000010111100100010100011000000001010010010101011001000100001000001011110010001010001100000000101001001010101100100010000
00000000000010000001001010001101000000000000100000001110100000001010000000000
0000100000010011000000001101000000010010000100010000110000
0100101000000000010010000001000000011001000110111
0000011000
000101100001000110000000100000000001011000000101100001000110000000100000000001011000000101100001000110000000100000000001011000000101
010011010000100000101001000110000001100000000101100110110100010001000000011101001101000010000010100100011000000110000000010110011011
0000000000001000000100101000110100000000000010000000111010000000
0011001000
00000010
0011001000000011100100100000100001010000011001000000011100100100000100001010000011001000000011100100100000100001010000011001000000011100100100000100001010000011001000000011100100100000100001010000011001000000011100100100000100001010000011001000000011
010011010000100000101001000110000001100000000
010000000000000010000000000001100000000001100001001000000000000001000000000000110000000000110000100100000000000000100000000000011000000000011000010010000000000000
00010000000010010001
00000001000010000001001001100010010000110000
01001101100011001000001011000001000000010100000000101101001110100111
0100110100001000001010010001100000011000000001011001101101000100010000000111010011010000100000101001000110000001100000000101100110110100010
01001101000010000010100100011000000110000000010110
000000100000001000010100000000010000010000010000100000000001000001101010001000001011100000000001010000011100000100000010000
0000000100010000000011010100001000000010100001000101100010001000110001000100000000000000001001000001000100000000110010010000000
0011001000000011100100100000100001010000011001000000011100100100000100001010000011001000000011100100100000100001010000011001000000011100100100000100001010000011001000000011100100100000100001010000011001000000011100100100000100001010000011001000000011100100
0001000001000100100000011000001000010110110010011100110000010111000100001000100100000000000000001
1100100001001101110100000100000001000100000010000000100000000101110010001000110000010110010010000001000000
0010000010100000000000010011000001100010000000000100000100000000000100010010000000101000
000010001100000000001000110000000000100011000000000010001100000000001000110000000000100011000000000010001100000000001000110000000000100011000000000010001100000000001000110000000000100011000000000010001100000000001000110000000
01010110011000000000000010
000000100000001000010100
00000010000000100001010000000001000001000001000010000
01001
