78
0100101001000010000000001000000
100000000000010100100000000110100000001000000000000001100000000110110101000100110110010001000000001001011101110100010001000001010000111011000100110100000000001001001000000000000000000010010001000000100000100
0100101001000010000000001000000100000100000100100100000011010100000000010100001010101001000100000011100001000000011101010010100010
0001000000100000010000001000000100000010000001000000100000010000001000000100000010000001000000100000010000001000000100000010000001000000100000010000001000000100000010000001000000100000010000001000000100000010000001000000100000010000001000000100000010000001
0100
010111000100001010010010010001000000100001000011001000000100001000001010000000110100000000001000
0101110001000010100100100100010000001000010000110010000001000010000010100000001101000000000010000000000100001000110000010001010000010000010000010101001001001000000
0
01000
0100101001000010000000001000000100000100000100100100000011010100000000010100001010101001000100
000011010101100100000000000010000100011000000000001000101000010001001100000010000000100000110000010000000010001010000100000
00001000101000000010001010000000100010100000001000101000000010001010000000100010100000001000101000000010001010000000100010100000001000101000000010001010000000100010100000001000101000000010001010000000100010100000001000101000000
010000
000000000000000000000010010100001001111010011010010000000000000001000000010100000100000000
10
010
01001010010000100000000010000001000001000001001001000000110101000000000101000010101
010101010000010010010000010011100000000000000010001011000000000100010011000001001100000010001010000000000010011000
00001010001
0001000000100000010000001000000100000010000001000000100000010000001000000100000010000001000000100000010000001000000100000010000001000000100000010000001000000100000010000001000000100000010000001000000100000010000001000000100000010000001000000100000010000001000000
010010100100001000000000100000010000010000010010010000001101010000000001010000101010100100010000001110000100000001110101001010001001001010010000100000000010
011000100010010000000000000100000000000000000000001
0001001001001000001001001001000001001001001000001001001001000001001001001000001
0001000000100000010000001000000100000010000001000000100000010000001
100000010000100100010110001000100010000000000011000001000000000000000000010010000001100001010100011000001100001110000011001011010000100101000001100010001000
1000010000000100100000001010100000010100010000000100000011100101000010000000100100000001010100000010100010000000100000011100101000010000000100100000001010100000010100010000000100
000100100100100
100100000110010000001010100000100010001010001000000100001001110110001001000000000000010000100000101010011100000011100000010100000001000000001000010100000000000100000000000000000001011101100000010001000010000010000100000000100000001000110001110000101000
00010000100000001101000000000001001000010101110100100000000000001001100010000000100001000
110000011100010010000000010001111000110100010100000001001000100101000000011001000
0001001001110001000111000000000000001011000010001111100001001001110001000111000000000000001011000010001111100001001001110001000111000000000000001011000010001111100001001001110001000111000000000000001011000010001111100001001001110001000111000
000011010101100100000000000010000100011000000000001000101000010001001100000010000000100000110000010000000010001
000011010101100100000000000010000100011000000000001000101000010001001100000010000000100000110000010000000010001010000100000000000010000
0000000000000000000000100101000010011110100110100100000000000000010000000101000001000000000000110110
0000111000010000100000000000000000000000001000100
001001000100101110000001100100000000101111001011010100000000001001000000000101000000000101010100000001100000010110001000010
000011100001000010000000000000000000000000100010011100000011100100110100010000011000001001010100000001000100000000001110000100001
010000101101000101000000001000100110010001000110000100010000001
0001001001001000001001001001000001001001001000001001001001000001001001001000001001001001000001001001001000001001001001000001001001001000001001001001000001001001001000001001001
1000000100001001000
1000010000000100100000
010010100100001000000000100000010000010000010010010000001101010000000001010000101010100100010000001110000100000
00100
0110001000100100000000000001000000000000000000000010110001000100100000000000001000000000000000000000010110001000100100000000000001
100000001000000000000001000111000101000100000010000001001100100001010000010101
010010100100001000000000100000010000010000010010010000001101010000
0100010000010010001000001110010000110000
0001010000010000000000010100100000100110000001000010110000010010000001000000001000101101000
010001000001001000100000111001000011000000000001000000000001000000000000000001000010000001011100011100000100000100011011
01001010010
00001000101000
0110001000100100000000000001000000000000000000000010110001000100100000000000001000000000000000000000010110001000100100000000000001000000000000
0000111000010000100000000000000000000000001000100111000000111001001101000100000110000010010101000000010001000000
000010001010000000100010100000001000101000000010001010000000100010100000001000101000000010001010000000100010100000001000101000000010001010000000100010100000001000101000000010001010000000100010100000001000101
0001001010110101001000101000001
000011010101100100000000000010000100011000000000001000101000010001001100000010000000100
000100101011010100100010100000101110010001001010100010100000000000101100100000001001000000010001000101101000001000010010000011000010000000001000100100000000010000010010010100100001000100000000000111101110010011100000101000001001000000
00001110000100001000000000000000000000000010001001110000001110010011010001000001100000100101010000000100010000000000111000010000100000000000000000000000
000100100111000100011100000000000000101100001000111110
10000
0000100010100000001000101000000010001010000000100010100000001000101000000010001010000000100010100000001000101000000010001010000000100010100000001000101000000010001010000
00010000100000001101000000000001001000010101110100100000000000001001100010000
1000000100001
01000100000100100010000011100100001100000000000100000000000100000000000000000100001000000101110001110000010000010001101110100000000010000100000000000100000010000000000001000001000011011101000001100000100001101101001100001
0001001001110001000111000000000000001011000010001111100001001001110001000111000000000000001011000
1000000010000000000000010001110001010001000000100000010011001000010100000101011000000010000000000000010001110001010001
101110010100100000000011011010001010010111001000110001000000000000000110001000000110000001000000011000000000000001001001001001000010001100000010000000011000110010001000000010000001001000101110000001000000101000000
100001000000010010000000101010000001010001000000010000001110010
0001000
00010010010010000010010010010000010010010010000010010010010000010010010010000010010010010000010010010010000010010010010000
10000100000001001000000010101000000101000100000001000000111001010000100000001001000000010101000000101000
100100000110010000001010100000100010001010001000000100001001110110001001000000000000010000100000101010011100000011100000010100000001000000001000010100000000000100000000000
000011100001000010000000000000000000000000100010011100000011100100110100010000011000001001010100000001000100000000
0100101001000010000000001000000100000100000100
010010100100001000000000100000010000010000010010010000001101010000000001010000101010100100010000001110000100000001110101001010001001
1
110000
00010010011100010001110000000000000010110000100011111000010
