69
000110011001100001000010001100
10
0
1101001100000000101000011001100100000000001001001100000000000011000100011000100000111100100000001101101110110010000100010000000000110
00000000010000000000110000000010011001000101000000000000000000001000000010000010010000010000000001001000
000010000000000100000100
0001
00010
0011001011010000000000010001000010100000100000000001010000
0000000001101101100000001100100010000111001000001000001100000010010000001001000010000000101010000000011000000000000100100000001101000000000000010000101
0001101000000000100001010000000100010000000010010001000100000000001110001000010000110100100000100100100000010011001000000000100100000000000101000100000001000010010010101000001001001
100000
0001101000000000100001010000000100010000000010010001000100000
0001000000000100001001101110100000010000001100000
1000000
000100000000001001111000000011000100
00011001100110000100001000110000010011000110000001000010000010101001000000001000000000000101010100000000000000100000100000000000001101001001001001000000000100001000000101000000001000111100000100000000000000100001001000010101
00010001000011101101101110100011100000100001000100010100100000000010111100001010000100011000001
000000100001000000000101100000110010000100001000001000000000100110000010000001000000001010000000001000010000001001100001000001001001001000011000000010000111110110010100001000001001000011100100110110101
00001000000000010000010000000000011000100000000000100000000101000000101011001110001000100100000011000001010000010101111100000010011001000000000000001011000000000000000000000010001100000010101010000010100000100
000010000000000100000100000000000110001000000000001000000001010000001010110011100010001001000000110000010100000101011111000000100110010000000000000010110000000000000000000000100011000000101010100000101
1
000100000000000000001100000000000011110011000000100111010000000010110
1001010100000100000000100000010000001011000001001101001000011001001101000010000001010000000000000100001001001001010000000000000000100000010001000000000101000000000011001000101100010000000010001010010111100001000
110100001100110010110000001011011100011000000010100100000000000001000011000000
00011010000000001000010100000001000100000000100100010001000000000011100010000100001101001000001001001000000100110010000000001001000000000001010001000000010000100100101010000010010010011
0000000001101101100000001100100010000111001000001000001100000010010000001001000010000000
00010000000000
00000010011000001110001000000000000001001100000111000100000000000000100110000011100010000000000000010011000001110001000000000000001001100000111000100000000000000100110000011100010000000000000010011000001110001000000000000001
000100000000010000100110111010000001000000
10000000000000000000001000001000100000000110000010000011000111000110000011011000100000000100101111100100100000000000100001010101000000000000100000100000100000000
0001000000000000000010
00010000000000000000100111100000001000100000000011000100001000000000000011000010010100
000000010
0000001001100000111000100000000000000100110000011100010000000000000010011000001110001000000000000001001100000111000100000000000000100110000011100010000000000000010011000001110001000000000000001001100000111000100000000000000100
00010000000000000000100111
0000001001100000111000100000000000000100110000011100010000000000000010011000001110001000000000000001001100000111000100000000000000100110000011100010000000000000010011000001110001000000000000001001100000111000100000000000000100110000
11001100100000010000001000100000001101000000000001100000101100000000000010000000001000000000010001110110000010001011000000000001010100000100011010010001100000100000001000011010001
110111001000000000011000001000001011001
1001
000110100000000010000101000000010001000000001001000100010000000000111000100001000011010010000010010010000001001100100000000010010000000000010100010000000100001001001010100000100100100111000000001000000000000000
0000000001101
0000000001101101100000001100100010000111001000001000001100000010010000001001000
100
100101010000010
000000010000110100100010100000010001000000001000000000100010000001000010110000000000101001010100001001000100100110000000000100000000100000011000000000100000010000000010000100001000101001000000000000011
011111000000010001001100001011001000010101100000
0000001000010000000001011000001100100001000010000010000000001001100000100000010000000010100000000010000100000010011000010000010010010010000110000000100001111101100101000010000010010000111001001101101010100010000001100000000000000101110
0001100010000010001000110000000001110101000000000101001110000001100000100010000000001000000101110010010101000101000000101000000010010000010001100010010010000100000000000111101001000001000000000100001010001010011010100000000111010000010100000001000000000001001000010000100000100000101000000
000000000110110110000000110010001000011100100000100000110000001001000000100100001000000010101000000001100000000000010010000000110100000000000001000010110001010001010
000100010000111011011011101000111000001000010001000101001000000000101111000010100001000110000011110000101001
000100000000
00000000010000000000110000000010011001000101000000000000000000001000000010000010010000010000000001001
10011101001001001000010011000000001000000000001100010001001000100000010010000100100000001010000001001000000100010001000000110000111010101
00010000000000100111100000001100010000000000110000111100000010000000000100111100000001100010000000000110000111100000010000000000
00011010000000001000010100000001000100000000100100010001000000000011100010000100001101
0000000001101101100000001100100010000111001000001000001100000010010000001001000010000000101010
0000001001100000111000100000000000000100110000011100010000000000000010011000001110001000000000000001001100000111000100000000000000100110000011100010000000000000010011000001110001000000000000001001100000111000100000
010
000000000110110110000000110010001000011100100000100000110000
000000010000110100100010100000010001000000001000000000100010000001000010110000000000101001010100001001000100100110000000000100000000100000011000000000100000010000000010000100001000101001000000000000011001000000001000010100
0001000000000000000011000000000000111100110000001001110100000000101100001000000000000000011000000000000111100110000001001110100000000101100001000000000000000011000000000
0001000000000100001001101110100000010000001100000000100000000010000100110111010000001000000110000000010000000001000010011011101000000100000011000000001000000000100001001101110100000010000001100000000100000000010000100110
00000000011
1101110010000000000110000010000010110011101110010000000000110000010000010110011101110010000000000110000010000010110011101110010000000000110000010000010110011101110010000000000110000010000010110011101110010000000000110000010000010110
010000110100111001000001000000101100000001001010000000000000110000010000000
1001010100000100000
0001000000000000000011000000000000111100110000001001110100000
1101000011001100101100000010110111000110000000101001000000000000010000110000001010010001001000000011010101000010000000011000110010010000001000000000010010110101000100111000100010010001010100000010000000011001000000000000000000000000000010000100101011110
