142
10000110000001010101000000100010110110011010100001001000011000000101010100000010001011011001101010000100100001100000010101010000001000101101100110101000010010000
0
0000111000000111000000111000000111000000111000000111000000111000000111000000111000000111000000111000000111000000111000000111000000111000000111
00001001000010100011010010001000001000100110001010100010000000001010100001100001000000000100100001010001101001000100
0100000010000011000010000110000010000000001000001011100101011110010100000000000010
000111000011100001110000111000011100001110000111000011100001110000111000011100001110000111000011100001110000111000011100001110000111000011100001110000111000011100001110000111000011100001110000111000011100001110000111000011100001110000111000011100001110000111000011
001000001110000001000000011001000110000110000000000001000000100001001000110
1
0000011010000000011001100100110101100010101000010000000001000000010001000010000010000
110010011010001000101111000110001010000101100010000010010000000010010001000000111001000000000000000010000010000010000000000000001100
0000000000001000010100100010001100011000100000000010100000000000000100010110010110101111000001001001000010010001101000111
01001000000000001100000000011001
0010010010110000100110000000001101010001000000010010010110000100110000000
000111000011100001110000111000011100001110000111000011100001110000
0000001000110000010010100000001010001011100110
110000000111000100001010011100000101011000100001000001000000000000000000010000001000100100011001001110000010101000001000010001100000000010100011011001111100000100101001000
001000001110000001000000011001000110000110000000
00010101000001000100100001100000100000
0000000000001000010100100010001100011000100000000010100000000000000100010110010110101111000001001001000010010001101000111000000101110000001100001000000011000001010000000000010011010000000110000
0000111000000111000000111000000111000000111000000111000000111000000111000000111000000111000000111000000111000000111000000111000000111000000111000000111000000111000000111000
0010010010110000
0000111000000111000000111000000111000000111000000111000000111000000111000000111000000111000000111000000111000000111000000111000000111000000111000000111000000111000000111000000111000000111000000111000000111000000111000000111000000111000000111000000111000000111000000111000000
11000000
0101001100001000110000000000000100100001100100000010100110000100011000000000000010010000110010000001010011000010001100000000000001
10
0100
110010011010001000101111000110001010000101100010000010010000000010010001000000111001000000000000000010000010000010000000000000001100100110100010001011110001100010100001
1111000111000
000011100000011100000011100000011100000011
000111000011100001110000111000011100001110000111000011100001110000111000011100001110000111000011100001110000111000011100001110000111000011
0000111000000111000000111000000111000000111000000111000000111000000111000000111000000111000000111000000111000000111000000111000000111000000111000000111000000111
00100
10000
00100000111000000100000001100100011000011000000000000100000010000100100011000000
100001100000010101010000001000101101100110101
000011100
01000100000001000101000001010000010010010011000000001000111000001000010001000100001001000001000001000001010000010011000101000000000110000010000
00001110000001110000001110000001110000001110000001110000001110000
0010
0000111000000111000000111000000111000000111000000111000000111000000111000000
00100100101100001001100000000011
01001000000000001100000
00001110000001110000001110000001110000001110000001110000001110000001110000001110000001110000001110000001110000001110000001110000001110000001110000001110000001
100000100000000010010101000000101000001100010100111100000000000000001110110000000000000000000001000000000000100010000110101010100
0001110
00001110000001110
000011100000011100000011100000011100000011100000011100000011100000011100000011100000011100000011100000011100000011100000011100000
010010000000000011000000000110010001100
0010000
01001000000000001100000000011001000110000000
0000111000000111000000111000000111000000111000000111000000111000000111000000111000000111000000111000000111000000111000000111000000
0000111000000111000000111000000111000000111000000111000000111000000111000000111000000111
00000110100000000110011001001101011000101010000100000000010000000100010000100000100000101000000110000100100000100110010000100100100000010000000000010000000000101010110
00100001011000111011000000000010000000100111010001110110100000000100001000000101001100011011000000000000011000100000011001000000001011000010001000010001000000011011010000010000100
100000000000010110101101000000101000100100100000110100001000000000010000001000100000110000111000011000000110100110100100010001000100100100010000011000100001000010010010100000010000000010100010010100010101000100000001010
00001110000001110000001110000001110000001110
1100000001110001000010100111000001010110001000010000010000000000000000000100000010001001000110010011100000101010000010000100011
11001010000001011001000010100100000100100001000100010000000000010000011100000001100100000000010101100101000000101100100001010010000010010000100010001000
000010010000101000110100100010000010001001100010101000100000000010101000011000010000000001001000010100011010010001000001000100110001010100010000000001010100001100001000000000100100001010
01
0101001100001000110000000000
0000100000
010010000000000
110000000111000100001010011100000101011000100001000001000000000000000000010000001
1000010000110010000
0000111000000111000000111000000111000000111000000111000000111000000111000000111000000111000000111000000111000000111000000111000000111000000111000000111000000111000000111000000111000000111000000111000000111000000111000
1100000001110001000010100111000001010110001000010000010000000000000000000100000010001001000110010011100000101010000010000100011000000000101000110110011111000001001010010001000100000
00000100000000001000110000100010010000000010110000000000000001001000010000001000100000000
000010010000101000110100100010000010001001100010101000100000000010101000011000
000000000000100001010010001000110001100
001000001110000001000000011001000110000110000000000001
0010010010110000100110000000001101010001000000010010010110000100110000000001101010001000000010010010110000100110000000001101010001000000
0000100100001010001101001000100000100010011000101010001000000000101010000110000100000000010010000101000110100100010000010001001100010101000100000000010101000011000010000000
001000001110000001000000011001000110000110000000000001000000100001001000110000000010010001010010
110010100000010110010000101001000001001000010001000100000000000100000111000000011001000000000101011001010000001011001000010100100000100100001000100010000000000
11001001101000100010111100011000101000010110001000001001000000001001000100000011100100000000000000001000001000001000000
0100100000000000110000000001100100011000000000100000000000010000001000
1000
00000110100000000110011001001101011000101010000100000000010000
0000001000110000010010100000001010001011100110100101000001000000
100
001000001110000001000000011001000110000110000000000001000000100001001000110000000010010001010010000000001
010010000000000011000000000110010001100000000010000000000001000000100001100101000000100001
00001001000010100
0010010010110000100110000000001101010001000000010010010110000100
0100100000000000110000000001100100011000000000100000000000010000001000011001010000001000010000001000011000101001110101000010110010000000000000000000100000100011000011001000000000000000000
1000000000000101101011010000001010001001001000001101000010000000
1100101000000101100100001010010000010010000100010001000000000001000001110000000110010000000001010
010001000000010001010000010100000100100100110000000010001110000010000100010001000010010000010000010000010100000100110001010000000001100000100000100010
001
0000011
100001
0000000000001000010100100010001100011000100000000010100000000000000100010110010110101
011000001000010000000001000
000010010000101000110100100010000010001001100010101000100000000010101000011000010000000001001000010100011010
000010010000101000110100100010000010001001100010101000100000000010101000011000010000000001001000010100011010010001000001
0010010010110000100110000000001101
1000000000
0000100100001010001101001000100000100010011000101010001000000000101010000110000100000000010010000101000110100100010000010001001100010101000100000000010
0000111000000111000000111000000111000000111000000111000000111000000111000000111000000111000000111000000111000000111000000111000000111000000111000000111000000111000000111000000111000000111000000111000000111000000111000000111000
0000100000001110000100000000000101000000100000000000111000001011000100000001010010000010001000011000000100100000000000100010111100100011010010001000010010000101000000011010000000110000010000000000101000000111000110001010100101001010000000000000000010000000100100000100101
0000111000000111000000111000000111000000111000000111000000111000000111000000111000000111000000111000000111000000111000000111000000111000000111000000111000000111000000111000000
00100000111000000100000001100100011000011000000000
0000111000000111000000111000000111000000111000000111000000111000000111000000111000000111000000111000000111000000111000000111000000111000000111000000111000000111000000111000000111000000111000000111
000010010000101000110100100010000010001001100010101000100000000010101000011000010000000001001000010100011010010001000001000100110001010100010000000001010100
0000100000001110000100000000000101000000100000000000111000001011000100000001010010000010001
0000011010000000011001100100110101100010101
0000111000000111000000111000000111000000111000000111
0010000011100000010000000110010001100001100000000000010000001000010010001100000000100100010100100000000010001001000000110000000001000000111000010010000000011011001000000001000000001
00001110000001110000001110000001110000001110000001110000
000000100011000001001010000000101000101110011010010100000100000
110010011010001000101111000110001010000101100010000010010000000010010001000000111001000000000000000010000010000010000000000000001100100110100010001011110001100010100001011
110000000111000100001010011100000101011000100
100001100000010101010000001000101101100110101000010010000110000001010101000000100010110110011010100001001
100001000011001000000100001000101000010001010000000010001100001000100000001010000000001000011011100000111000000010000110000000000
0000100000001110000100000000000101000000100000000000111000001011000100000001010010000010001000011000000100100000000000100010111100100011010010001
00100100101100001001100000000011010100010000000100100101100001001100000000011010100010000000100100101100001001100000000011010100
00100100101100001001100000000011010100010000000100100101100001001100000000011010100010000000100100101100001001100000000011010100010000000100100101100001001100000000011010100010
00010000000011000001001010101000010000001000001000101000010000011000100
1100
00001110000001110000001110000001110000001110000001110000001110000001110000001110000001110000001110000001110000001110000001110000001110000001110000001110000001110000001110000001110000
0010010010110000100110000000001101010001
110010011010001000101111000110001010000101100010000010010000000010010001000000111001000000000
0000100100001010001101001000100000100010011000101010001000000000101010000110000100000000010010000101000110100100010000010001001100010101000100000000
00001
110000
011000001000010000000001000011010000000010011010100001000001101001011010000000001000111000010000000000100000100011
010000001000001100001000011000001000000000100000101110010
0010010001000011100000100000000000110010010100010101010100010000001000011000110000001000001000010010000000000101100000001000100000100000000100010100000001000001000000001000010000001001100100001000001001000000000001011001000000010000100011000001011100001100100010011100000101000000000001000000000
000010010000101000110100100010000010001001100010101000100000000010101000011000010000000001001000010100011010010001000001000100110001010100010000000001010
0101001100001000110000000000000100100001100100000
0000000000001000010100100010001100011000100000000010100000000000000100010110010110101111000001001001000010010001101000111000000101110000001
100001000011001000000100001000101000010001010000000010001100001000100000001010000000001000011011100000111000000010000110000000000001100010010001010000010000000001000011000000000000000110000011000000010000001000100000101010000000010010011000
001001000
0000100100001010001101001000100000100010011000101010001000000000101010000110000100000
110010100000010110010000101001000001001000
000011100000011100000011100000011100000011100000011100000011100000011100000011100000011100000011100000011100000011100000011100000011100000011100000011100000
0000111000000111000000111000000111000000111000000111000000111000000111000000111000000111000000111000000111000000111000000111000000111000000111000000111000000111000000111000000111000000111000000111000000111000000111000000111000000111000000111000000111000000
10010110100010000011000100010000000000
1000011000000101010100000010001011011001101010000100
00100001
00010101000001000100100001100000100000100000001010000001100000000010000000101000000000100010100000000010000100010111010010000000001101000000000001000000001000001000010000001100000000000100011010101001001000101000100100000000010
