82
0000001000100010010010010000000010010000010100000001000001000000011010111000100000000001001000000000
0
0000000100000000100001001000000000000000001000000001000010010000000000000000010000000010000100100000000000000000100000000100001001000000000000000001000000001000010010000000000000000010000000010000100100000000000000000100000000100001001000000
01100110010010001000000010011000000010
0100000000010011000000100100000000000100000000001000000000100000010000100010010001010010100010110000100001000001001100000000000000010001100010100000011000011
000101000010000000010010101000100101000101100000001100100000001011100000100001101
010000010001000000001111100001010000010101000000100000100001001000011000100101100010000001100100001100000010000000000001010000010001000000001111100001010000010101000
0100000010001001111010000100011000100010000110100010010000000010000000011100101011100011000000000001100110100000010001001111
100100000010000000000100010010000000011000010101000000000000110000011000000001011000100000000100010100010001000001001100000000100000000011100101000101001011001000000001100100000100010000000000010000000000001010000
0110
01100110010010001000000010011000000010001001010000001000000011
010
0100110100000000100100010010100010000000110001000100101001011101001100000100001010000100000010110001010
100001000010000000000010000
00000001000000001000010010000000000000000010000000010000100100000000000000000100000000100001001000000000000000001000000001000010010000000000000000010000000010000100100000000000000000100000000100001001000000000000000001000000001000010010000000000000
0110100111001010000000110010100101000010
0110011000010000001111010100110101011000000000010000001110000000000001000000001010011001100001000000111101010011010101100000000001000000111000000000000100000000101001100110000100000011110101001101010110000000000100
0000000100000000100001001000000000000000001000000001000010010000000000000000010000000010000100100000000000000000100000000100001001000000000000000001
1000100000100010110100000001000011110010100111011101010000111001000000001011001101100000100010000001010111
1000
01000010100110000110010100000000100010011100000000000100100000010011010000010000000001011100101000000000101000000001000001011101001001000000100011011010010000010000101010000010001001000100100010000010100001000000
0000001000100010010
0110011001001000100000001001100000001000100101000000
100001000010000000000010000101011000100001001001000001010000001110
01
00000001000000001000010010000000000
0000001000100010010010010000000010010000010100
0100
0100000010001001111010000100011000100010000110100010010000000010000000011100101011100011000000000001100110100000010001001111010000100011000100010000110100010
00010010100100110000010010
00000010001000100100100100000000100100000
0110011001001000100000
0000001000100010010010010000000010010000010100000001000001000000011010111000100000
010000010001000000001111100001010000010101000000100000100001001
01100110010010001000000010011000000010001001010000001000000011001100100100010000000100110000000100010010100000
0100000100010000000011111000010100000101010000001000001000010010000110001001011000100
100010001001000000000000101001100000011001100110101010010001000100100000000000010100110000001100110011010101001000100010010
10000100
0000001
100010001001000000000000101001100000011001100110101010010001000100100000000000010100110000001100110011010101001000100010010000000000001010011000000110
011
0000001000100010010010010000000010
0100000010001001
01000001010101111000100010000000000000101010000001011101100000000001110100000000000000011000100101001011000
00000001000000001000010010000000000000000010000000010000100100000000000000000100000000100001001000000000000000001000000001000010010000000000000000010000000010000100100000000000000000100000000100001001000000
01000010100110
10
010000001000100111101000010001100010001000011010001001000000001000000001110010101110001100000000000110011010000001000100111101000010001100010001000011010001001000000001000000001
000000100010001001001001000000001001000001010000000100000100000001101011100010000000000100100000000000000010100001100000000010110000000100001000000011100000000010010011000010010000100010001100110
000000010110
010000010
000000000001101010000000110000100000001100100000110100010010000110100010010000000000101100011110010000100000000001010100000100010000000001000111101000010110100100010001000010001010101100110000000001000101000100100100101001
0100000100010000000011111000010100000101010000001000001000010010000110001001011000100000011001000011000000
1000000000000000001110010100000
01100110010010001000000010011000000010001001010000001000000
10000000000000000011100101000001011110000010000100001000000000000000000000110110000111000010000010010010001000010000000001010010000000010010011010000000000100100010101000100100000000001010101001000000000000000000010100010010000000010000000000101010001000100000
00000001000000001000010010000000000000000010000000010000100100000000000000000100000000100001001000000000000000001000000001000010010000000000000000010000000010000100100000000000000
01101001110010100000001100
0110100000001001100110010000110001001011000000101100000000000000000000110100000001001100110010000110001001011000000101100000000000000000000110100000
011010000000100110011001000011000100101100000010110000000000000000000
01101001110010100000001100101001010000100000
0110011001001000100000001001100000001000100101000000100000001100110010010001000000010011000000010001001010000001000000011001100100100010000000100110000000100010010100000010000000110011001001000100000001001100000001000
0000000000001101010010000001000000
010000010001000000001111100001010000010101000000100000100001001000011000100101100010000001100100001100000010000000000001
1000100010010000000000001010011000000110011001101010100
11010001100011011000000101000011110000100010000100010100101010000010000100000010000010010000000000000000000010101101010000010110100011000110110000001010000111100001000100001
010000001000100111101000010001100010001000011010001001000000001000000001110010101110001100000000000110011
0110011001001000100000001001100000001000100101000000100000001100110010010001000000010011000000010001001010000001000000011001100100100010000000100110000000100010
0100000010001001111010000100011000100010000110100010010000000010000000011100
11010001100011011000000101000011110000100010000100010100101010000010000100000010000010010000000000000000000010101101010000010
0110011001001000100000001001100000001000100101000000100000001100110010010001000000010011000000010001001010000001000000011001100100100010000000100110000000100
000101000010000000010010101000100101000101100000001100100000001011100000100001101001000000101011000010000100111000001010000000100101100000010000001100000001011100000000110001010000001001010100101010000010000
100001000010000000000010000101011000100001001001000001010000001110000110000100001
0110011000010000001111010100110101011000000000010000001110000000000001000000001010
0100000010001001111010000100011000100010000110100010010000000010000000011100101011100011000000000001
01001101000000001001000100101000100000001100010001001
01100110010010001000000010011000000010001001010000001000000011001100100100010000000100110000000100010010100000010000000110011001001000100000001001100000001000100101000000100000001100110010010001000
0001001000000000001001000001001100100001101100001000110000000000001000000100000001010000110100000100010000010
01000000100010
0000000101100011000011000000000000000000000100001100000000111001100100000101000001001000010011010100100000001100001100110000101000000011
0100000100010000000011111000010100000101010000001000001000010010000110001001011000100000011001000011000000100000000000010100000100010000000011111000010100000101010000001000001
1000010010000100000100100110000000110100000101001001000010100001010100010000000000010110000000010000010000000000100010100010000100010000000000101100010001110010001010000000010100010100000100000000100000000100100000010100000101001000000101100000001000010
