100 100
56 62 56 117 58 114 126 121 176 119 175 196 179 303 487 793 482 790 799 1295 1282 2102 1283 3398 2100 3406 5510 3395 3399 3404 8924 8923 5495 8892 14441 14436 14396 23294 23367 23289 37812 23295 61185 37805 37688 37693 98999 61175 60995 160191 160192 259199 98695 159691 259195 159691 258390 419392 678587 419394 1097982 1097984 1097988 1776576 2874566 1776575 1776581 4651149 2874564 2874569 2874575 4651142 4651157 7525735 4651162 7525739 7525742 12176896 19702642 31879546 51582197 31879547 51582191 51582193 83461752 83461749 83461741 135043942 135043932 135043932 135043932 218505674 353549614 218505682 572055292 572055289 925604904 1497660199 1497660198 925604909 
1 2
1 3
3 4
1 5
3 6
2 7
3 8
6 9
5 10
6 11
7 12
8 13
13 14
14 15
15 16
14 17
15 18
15 19
19 20
18 21
20 22
18 23
22 24
20 25
22 26
26 27
25 28
25 29
25 30
27 31
27 32
28 33
33 34
31 35
32 36
34 37
37 38
36 39
37 40
39 41
37 42
41 43
39 44
40 45
42 46
43 47
44 48
46 49
47 50
47 51
50 52
49 53
53 54
50 55
53 56
56 57
55 58
58 59
55 60
59 61
59 62
59 63
63 64
64 65
62 66
63 67
65 68
66 69
67 70
67 71
69 72
71 73
73 74
71 75
73 76
75 77
76 78
78 79
79 80
80 81
79 82
80 83
82 84
81 85
84 86
83 87
86 88
87 89
87 90
87 91
91 92
92 93
91 94
93 95
93 96
96 97
97 98
97 99
95 100
1 35 14436
1 17 483
1 62 1097987
0 34 37
1 99 1497660195
0 59 70
1 9 175
0 63 70
0 89 53
0 38 7
1 96 572055290
1 63 1097986
0 85 1
0 78 84
0 67 87
1 25 2098
1 72 4651144
1 23 1284
0 1 65
0 9 19
0 53 90
0 26 25
1 88 135043945
0 53 55
1 38 23292
1 67 1776579
0 60 40
1 5 64
0 38 64
0 24 63
1 59 678587
1 74 7525736
0 19 96
1 11 179
1 34 8892
0 12 36
0 19 48
0 34 62
1 9 173
0 13 98
0 77 4
1 16 798
0 35 59
1 92 218505674
1 93 353549610
1 93 353549612
1 40 23294
1 61 1097981
1 73 4651160
0 61 97
0 24 28
1 92 218505682
1 48 61176
1 76 7525738
0 87 88
0 32 61
1 7 126
1 81 51582191
0 74 51
1 29 3400
0 37 53
0 81 78
1 57 258395
0 87 99
1 82 31879539
0 51 69
0 61 90
1 41 37803
0 81 13
1 98 1497660194
1 53 98697
1 64 1776576
1 42 23292
1 54 159696
0 6 12
1 86 83461736
0 80 56
0 91 98
1 10 129
0 69 87
0 28 37
0 12 4
1 50 160191
0 38 29
0 34 59
0 7 73
0 28 38
1 23 1282
0 79 81
0 18 81
0 23 54
0 72 80
0 45 55
0 42 77
1 95 572055300
1 85 83461743
1 84 51582186
1 56 159700
1 74 7525735
1 72 4651141
