1000 3000
273 988
131 996
976 184
345 598
897 41
380 234
305 933
166 318
51 771
16 373
642 270
657 952
458 32
962 856
791 753
23 327
627 88
904 544
338 434
929 20
737 912
311 95
686 661
757 554
209 809
997 58
651 600
106 465
782 295
333 443
461 79
87 299
437 450
7 471
773 230
476 265
738 992
958 336
862 978
664 191
177 816
24 988
833 960
538 900
174 265
537 941
697 205
855 60
918 553
768 552
383 316
554 822
484 302
408 326
936 812
79 253
101 553
832 13
410 495
656 475
604 862
220 943
339 916
969 281
215 438
402 314
283 773
699 705
256 125
334 879
20 802
628 597
125 804
351 500
689 524
597 541
432 263
383 26
772 171
803 236
935 632
175 199
662 625
183 835
29 298
832 797
3 924
670 141
783 840
787 265
747 240
769 282
712 436
378 676
691 35
238 28
542 920
309 862
258 999
549 893
707 152
46 94
620 100
604 174
541 493
773 339
210 475
852 713
198 604
213 671
104 747
889 361
733 181
845 479
118 200
310 461
355 341
544 468
151 887
31 817
790 620
525 204
549 4
957 916
266 552
247 930
795 420
878 235
899 480
174 834
66 171
250 189
964 241
477 366
421 720
55 716
619 333
146 787
245 708
238 570
290 15
658 124
397 574
291 18
288 976
346 767
543 497
121 19
990 21
118 147
333 204
516 193
43 535
94 768
625 642
581 724
808 594
580 839
549 672
722 910
684 550
991 30
996 706
411 265
281 105
859 157
567 358
525 863
6 619
711 507
25 967
75 720
979 840
430 946
740 747
32 711
192 642
398 359
417 661
111 373
150 244
748 491
348 300
164 637
612 304
694 349
629 322
616 735
964 866
815 461
465 774
520 518
915 715
671 170
646 403
950 785
301 143
113 621
747 862
479 101
662 263
859 316
166 148
531 313
314 808
393 616
836 906
521 793
118 490
106 863
532 611
928 76
132 833
9 75
380 445
327 598
883 32
142 649
371 364
190 831
45 521
242 395
205 630
106 833
991 942
511 54
539 910
477 422
741 603
5 757
640 929
228 608
699 330
830 340
364 995
159 959
797 726
796 462
541 379
317 767
656 608
421 40
369 259
837 295
615 229
862 323
229 529
277 907
695 205
868 294
738 473
279 738
443 94
301 465
51 457
464 553
929 279
653 635
576 27
447 535
242 582
153 645
702 406
468 639
614 962
248 165
236 637
126 809
14 90
965 733
559 575
59 985
16 540
447 801
487 293
253 814
199 254
113 812
848 823
135 12
200 929
922 523
306 968
12 107
703 969
278 808
898 621
424 453
359 463
627 248
743 938
701 100
61 862
93 822
309 757
279 602
286 225
122 918
13 353
752 703
932 244
382 219
979 821
542 183
790 911
137 138
62 554
440 265
797 814
492 196
500 984
172 513
935 459
736 656
964 553
132 431
983 682
311 943
258 876
972 230
67 540
576 846
942 140
925 477
69 541
671 903
453 295
822 986
907 31
539 184
543 503
206 562
136 380
447 402
503 293
939 250
648 495
361 195
191 801
46 969
471 500
806 821
905 282
740 91
355 132
892 934
751 780
999 360
61 922
991 774
795 821
707 426
684 480
796 227
927 584
961 875
755 403
961 352
743 251
176 965
358 442
275 89
826 600
39 456
360 379
334 145
990 783
508 384
952 686
305 965
48 874
568 325
903 985
16 343
863 375
880 345
228 434
56 979
91 586
589 620
328 920
454 589
22 209
845 971
227 866
664 113
66 534
265 885
525 774
42 321
706 705
805 797
133 604
955 451
175 771
419 611
190 200
445 625
373 235
191 707
141 492
73 359
731 997
188 117
692 91
696 568
791 998
942 723
242 239
811 265
24 826
31 94
97 364
756 524
602 407
755 409
326 131
243 839
645 407
443 483
869 208
218 811
182 121
253 121
346 348
817 933
357 296
898 795
361 652
491 704
277 674
15 723
807 303
615 137
184 11
404 745
751 724
272 458
256 344
200 57
702 498
53 647
974 668
300 43
759 791
338 868
47 398
651 666
535 626
677 821
34 233
185 30
658 32
106 901
932 579
217 962
957 50
487 816
452 535
180 230
226 997
336 864
871 811
385 782
391 897
805 908
197 907
864 762
142 243
855 284
442 915
774 564
759 620
135 598
214 433
524 581
858 583
951 524
22 321
367 288
950 782
726 396
984 966
562 732
148 30
240 127
563 544
775 959
612 311
204 298
693 769
50 454
215 813
461 896
778 439
327 390
716 897
826 966
252 525
598 798
547 553
870 238
382 601
166 75
485 787
720 973
167 823
447 738
18 278
35 244
37 389
655 201
121 186
71 515
400 102
798 183
444 299
238 105
67 95
626 136
273 505
593 125
694 588
675 690
450 59
961 49
703 732
784 898
758 80
550 921
908 89
256 175
566 244
659 896
26 441
34 270
32 641
856 244
874 160
430 629
319 27
646 469
758 740
345 720
682 35
471 746
32 823
733 127
337 621
100 68
52 696
311 901
51 698
660 264
153 42
375 474
898 79
852 417
964 252
12 274
341 68
161 300
341 976
333 525
109 454
416 683
944 324
345 517
473 901
743 35
757 379
448 747
386 135
689 718
696 589
655 2
647 683
70 809
250 163
824 386
163 326
512 630
46 196
295 742
674 802
263 460
453 491
319 31
912 602
694 178
803 174
187 407
905 407
532 480
416 872
245 630
242 542
716 406
783 288
755 265
959 440
197 586
858 569
397 742
530 984
219 359
748 840
720 361
651 793
932 737
341 537
142 706
714 966
940 794
890 522
123 836
790 647
177 911
827 213
58 896
458 971
504 963
539 58
102 32
43 952
846 987
307 923
25 428
412 180
752 257
880 455
768 809
562 744
651 218
832 896
485 340
375 112
140 448
961 709
220 956
475 717
434 784
906 977
143 678
327 867
303 941
343 290
26 670
592 611
491 667
353 802
528 525
122 146
377 717
876 81
396 501
962 247
975 431
576 817
784 166
915 425
866 277
649 632
505 901
666 383
920 170
719 450
841 960
466 670
509 890
695 333
524 867
753 655
871 216
231 667
435 742
792 815
601 72
13 196
781 652
727 757
980 623
265 305
513 222
871 471
793 534
671 34
397 318
486 917
872 108
167 160
322 548
967 716
252 888
660 172
469 605
112 148
901 66
176 934
440 559
962 195
996 435
534 927
847 486
500 192
619 521
454 872
707 794
447 905
219 268
893 88
618 807
155 765
499 828
178 82
717 211
58 674
848 360
859 861
209 68
56 969
872 624
942 946
287 823
865 877
485 436
328 881
548 370
50 840
712 379
778 133
178 787
407 838
891 757
70 627
557 126
116 759
742 265
558 7
30 275
316 153
923 64
358 663
83 773
989 164
59 944
557 646
157 261
417 100
559 58
64 122
929 21
31 563
694 509
543 782
176 158
56 812
758 577
222 649
247 794
787 249
483 196
413 285
263 906
193 134
866 144
352 418
870 714
617 940
617 634
448 640
396 544
269 191
99 77
400 1000
103 576
724 401
513 21
17 124
304 595
534 940
252 341
222 226
428 531
83 707
445 138
833 357
403 105
604 882
413 885
756 515
684 328
240 945
565 525
121 176
824 31
864 238
207 962
43 666
618 562
636 704
539 963
874 652
110 577
332 500
283 537
395 331
526 856
471 236
639 490
21 796
174 749
608 307
409 535
190 731
498 566
572 794
74 271
988 813
467 296
189 222
644 786
500 832
901 33
714 415
622 686
326 510
372 655
581 683
356 269
655 357
554 830
188 865
652 204
974 841
394 199
840 479
321 62
568 737
49 867
961 885
524 864
188 22
704 716
527 927
662 354
671 584
547 244
939 831
687 820
104 840
549 52
876 192
26 319
637 174
482 894
130 532
471 687
69 373
731 196
119 623
64 200
316 626
509 63
441 625
484 158
499 857
90 920
817 840
519 419
293 913
447 19
303 108
944 573
979 546
444 263
956 378
953 894
985 574
136 71
6 210
235 10
590 813
146 236
344 696
752 444
968 663
697 976
23 782
542 385
5 935
645 613
870 593
307 43
843 458
699 956
643 568
716 312
353 36
885 798
136 752
492 457
332 707
720 335
995 586
755 435
12 33
332 846
550 387
684 633
372 646
672 166
751 707
822 984
541 957
675 936
193 791
396 969
675 570
204 494
850 271
654 251
943 282
11 322
147 977
837 935
363 452
493 285
427 660
338 698
521 488
620 576
284 926
240 942
293 583
876 455
380 614
966 577
518 226
920 537
973 298
566 133
153 825
411 729
462 947
401 38
901 110
863 16
336 452
920 319
560 552
970 281
609 718
236 373
537 353
803 51
573 79
327 162
156 359
106 746
576 183
265 36
906 783
517 847
669 762
684 724
166 621
916 404
954 872
432 816
577 22
374 256
113 72
695 640
798 822
297 649
881 704
306 12
999 266
662 29
835 967
899 533
806 111
651 783
526 228
105 760
61 233
384 681
460 52
600 630
351 318
906 884
722 640
790 663
260 568
650 585
779 740
822 570
561 518
615 52
657 598 395 929 46
189 612 171 820 16
949 320 429 629 662
355 372 795 435 834
264 778 8 801 373
140 339 982 441 294
602 983 499 368 823
694 92 727 475 474
431 968 542 792 859
762 858 649 79 573
762 58 384 719 643
707 492 40 328 719
889 237 648 437 193
502 853 203 11 545
756 245 73 498 734
536 287 992 885 886
191 760 328 667 218
798 370 546 168 695
242 143 417 502 277
623 73 50 830 56
249 280 600 730 545
105 519 751 401 959
748 243 901 222 700
830 656 62 452 36
35 280 662 338 999
802 698 316 605 694
364 57 760 850 845
381 926 591 574 62
27 887 87 1000 289
251 585 3 67 411
884 608 968 270 118
944 508 538 61 936
234 660 176 605 841
904 923 800 863 599
596 542 715 366 414
133 856 553 32 224
408 346 464 405 683
798 966 17 686 634
360 315 627 999 976
320 561 593 81 210
588 447 521 813 163
106 761 748 302 787
681 594 465 489 704
956 914 736 559 607
940 699 408 152 516
334 540 385 425 944
954 233 529 828 605
292 413 74 301 269
978 55 314 220 723
169 751 297 563 807
229 930 818 720 192
147 825 342 75 432
136 283 601 431 790
158 704 862 329 219
270 146 32 842 227
704 79 468 283 433
764 237 463 248 439
360 848 149 317 434
248 498 669 379 701
605 129 417 838 581
150 438 418 819 436
963 695 873 174 741
15 724 636 417 661
841 724 118 328 441
529 342 232 747 987
918 39 242 924 601
373 136 167 628 164
484 639 845 16 741
184 162 957 327 121
760 182 101 580 518
504 38 972 257 599
547 555 308 180 462
819 372 762 206 660
72 431 117 841 198
515 646 451 747 869
764 308 671 188 879
282 20 919 540 530
841 795 346 596 8
436 119 803 203 134
812 281 825 725 490
928 501 860 201 160
620 148 320 932 797
214 44 853 956 716
702 209 59 800 195
691 522 212 623 751
592 50 915 464 561
447 197 368 764 597
614 966 384 419 390
834 322 178 269 268
215 216 657 907 110
779 284 901 415 353
687 957 111 169 625
160 922 104 113 526
866 305 904 98 877
610 758 342 518 513
865 373 82 805 644
16 418 197 83 741
832 263 785 226 141
376 540 794 631 392
647 656 870 588 536
112 322 23 655 128
3 108 636 877 937
27 906 372 670 790
47 16 323 507 358
739 477 57 746 335
243 76 125 790 605
513 592 445 420 738
242 140 942 990 33
441 430 510 144 962
462 113 351 242 817
443 839 926 575 399
47 763 300 634 501
65 218 110 628 129
447 169 792 969 265
92 525 218 42 226
858 247 921 85 841
714 21 439 498 941
110 13 925 453 347
494 476 394 21 530
682 4 666 436 266
870 161 727 617 734
32 539 247 793 546
158 543 707 352 913
611 346 904 372 42
479 652 25 221 279
440 790 750 605 114
518 590 221 179 458
569 153 278 197 41
38 49 958 915 118
638 507 492 401 996
532 860 980 57 602
518 949 868 708 842
737 618 374 757 751
350 767 484 352 316
600 791 500 78 356
461 378 435 15 721
140 811 990 249 467
364 655 988 655 160
291 775 536 134 399
319 817 683 341 571
43 626 379 628 221
790 751 288 876 652
430 985 371 975 122
685 450 371 191 342
54 333 696 252 365
338 407 433 244 700
360 382 362 737 354
767 300 385 841 106
493 804 163 670 784
657 114 70 199 905
308 951 201 493 851
603 907 523 197 583
598 456 822 173 455
403 928 641 799 222
649 372 245 740 981
786 409 764 858 760
325 636 5 596 94
549 591 68 953 20
571 989 473 321 384
240 623 210 656 56
115 403 427 981 807
720 509 276 953 61
370 8 165 744 91
578 733 279 471 972
161 1 130 194 559
939 944 902 572 886
112 987 859 864 208
700 400 798 640 72
990 198 633 731 705
643 41 698 810 600
297 44 27 671 732
274 387 1000 147 846
430 927 136 9 930
889 869 277 267 832
302 734 601 677 430
382 264 639 538 588
733 823 578 330 669
909 133 43 195 869
809 358 645 195 525
4 672 874 45 573
645 518 209 109 455
25 9 684 168 65
304 639 475 604 94
274 410 586 943 91
156 457 664 856 340
616 784 869 387 667
115 370 427 132 949
899 592 700 329 19
472 577 204 352 819
296 515 906 188 900
512 538 899 408 891
974 759 967 549 576
871 727 844 288 255
693 378 825 794 352
481 863 699 229 641
426 400 816 37 244
441 120 51 573 336
680 326 306 131 615
667 72 322 494 204
412 794 451 533 92
361 77 83 481 993
144 89 790 809 316
42 517 903 280 409
43 2 500 213 754
972 119 563 190 466
207 154 294 742 413
714 382 449 335 90
603 77 447 499 137
584 672 436 853 976
239 372 733 208 268
833 238 642 334 185
729 76 853 40 836
504 813 40 367 579
782 345 568 79 397
275 515 736 90 900
326 40 71 665 399
622 722 779 554 136
583 187 508 198 600
21 642 150 704 1
831 56 919 161 370
186 341 958 648 823
866 435 7 616 257
606 782 363 679 220
299 633 756 693 346
106 47 633 45 47
335 981 139 245 5
290 273 153 977 598
782 446 622 399 58
730 784 1 695 777
566 666 344 340 672
584 45 288 206 303
213 367 787 758 386
269 666 226 754 410
698 871 882 611 820
174 748 667 600 590
147 757 760 646 199
364 912 782 659 884
432 663 314 884 420
467 111 114 78 48
243 855 868 419 651
725 248 46 317 983
569 60 392 538 905
653 236 681 395 40
454 326 520 3 333
968 191 223 650 227
807 211 913 676 740
532 836 569 694 85
895 583 779 108 883
646 123 648 428 489
215 432 677 208 93
126 258 686 327 578
44 66 365 955 374
986 486 243 605 850
755 822 509 100 171
260 775 864 992 713
248 573 906 887 110
796 465 546 266 63
348 628 530 264 973
356 358 309 73 560
22 775 185 149 128
434 263 324 175 330
365 780 824 375 264
400 27 294 320 641
528 649 317 133 493
602 187 743 78 101
763 909 900 47 209
870 97 200 737 228
760 390 859 916 468
21 715 623 561 689
331 283 475 767 380
649 691 93 186 583
471 55 252 18 651
686 623 368 186 289
836 116 989 848 749
631 842 772 153 584
116 648 277 406 281
187 620 808 520 920
294 454 145 959 135
604 280 926 777 338
854 78 933 392 7
354 310 80 837 39
586 263 578 873 267
559 797 594 35 606
124 60 791 751 975
488 965 211 853 699
771 749 778 759 387
403 767 931 209 891
356 164 864 612 4
253 862 127 170 318
133 79 853 452 399
536 742 399 144 385
571 467 890 710 940
683 221 700 517 892
157 851 713 364 799
98 721 707 934 226
444 959 673 687 644
120 249 267 182 41
489 169 781 359 466
674 355 437 185 297
877 276 149 23 323
385 560 792 391 369
753 735 71 790 557
491 313 250 642 455
421 157 145 303 656
865 252 458 429 23
365 445 266 676 584
119 280 369 474 571
466 208 796 624 976
107 766 642 657 697
977 59 310 720 125
698 881 822 476 521
346 125 341 156 234
212 778 905 414 563
158 642 721 754 969
47 336 115 90 110
775 352 612 116 589
259 962 119 986 779
498 584 343 203 920
642 590 459 275 683
896 780 198 332 860
501 966 641 706 125
250 615 510 586 243
749 250 640 900 488
508 474 160 571 296
700 252 217 809 575
870 128 676 995 957
647 719 192 455 10
90 409 375 135 230
295 700 292 833 39
957 371 309 426 463
729 122 459 137 567
143 200 183 872 138
223 247 632 765 627
18 338 95 841 720
977 986 976 48 528
503 665 370 963 580
840 601 860 517 448
951 862 815 269 544
140 508 680 220 544
376 512 483 562 257
158 916 52 859 511
905 306 689 7 526
240 23 874 468 372
179 580 932 721 421
859 30 445 525 205
860 278 627 49 328
847 157 472 381 67
51 197 516 683 479
661 53 397 412 553
831 830 124 599 290
802 962 177 142 655
642 822 596 726 438
900 49 142 100 627
186 892 211 544 354
53 978 928 519 540
34 388 155 356 842
428 178 140 796 938
439 458 74 444 155
158 965 549 370 281
561 367 760 171 108
935 236 268 999 734
943 148 811 536 888
476 430 562 249 756
560 816 784 895 834
255 896 663 884 847
366 245 467 831 372
541 837 568 314 538
93 108 712 133 493
594 980 911 659 125
545 936 470 443 423
15 760 826 881 302
375 7 20 491 510
334 125 472 48 530
670 74 418 196 586
867 976 761 516 33
505 323 521 158 120
574 419 578 276 868
780 262 896 368 126
119 347 802 260 547
666 954 695 755 223
77 509 654 657 398
748 520 40 907 753
690 189 877 914 17
572 947 867 154 657
523 391 15 543 105
895 85 517 152 931
797 988 910 103 471
467 745 772 984 234
141 217 371 573 526
345 522 656 216 312
568 292 641 944 39
457 458 355 707 526
561 328 969 689 135
847 652 929 153 854
954 816 793 801 218
15 725 976 659 107
761 162 509 370 399
509 903 266 2 521
60 882 385 361 165
838 36 2 934 701
215 710 433 29 982
562 683 445 494 132
664 467 678 175 671
805 780 518 515 661
650 770 509 495 137
943 611 401 616 362
437 366 532 155 58
909 259 508 220 811
815 73 674 507 593
469 735 976 493 733
318 426 760 7 808
915 393 78 629 171
451 532 67 139 906
767 53 405 807 534
28 463 718 630 384
702 601 634 961 670
312 119 61 731 366
183 819 228 104 830
703 386 915 453 768
713 185 641 439 442
62 743 920 356 563
685 63 873 765 549
652 651 397 521 156
882 96 968 104 428
259 530 893 342 546
836 178 77 77 520
572 855 113 537 719
980 631 591 28 732
45 791 738 434 632
470 897 805 778 143
169 489 84 189 729
818 795 728 933 898
735 191 811 845 10
811 566 197 286 399
302 334 558 446 266
901 793 898 804 255
610 763 643 593 932
942 462 166 385 109
254 704 299 768 638
942 546 181 106 902
141 432 892 96 251
640 220 787 314 709
732 418 147 293 737
447 689 328 505 988
448 248 290 626 116
417 430 689 539 128
53 862 692 715 779
550 258 713 475 717
316 674 710 97 819
395 165 223 506 724
323 475 255 760 407
100 757 437 378 745
511 596 505 482 24
792 194 868 644 256
243 579 112 221 376
909 490 832 170 918
598 936 95 438 638
167 542 520 820 7
33 787 1 360 893
816 415 662 236 31
203 293 790 401 45
123 875 21 677 719
410 915 224 110 191
689 983 731 147 708
826 134 454 755 802
28 33 494 628 145
281 800 231 40 727
548 413 511 124 308
510 872 530 620 965
657 3 936 952 587
373 855 773 980 373
732 673 717 1 961
56 479 415 589 779
166 523 864 126 892
19 388 51 255 637
333 658 846 646 186
290 946 853 4 52
609 482 61 367 768
151 52 857 137 100
302 644 505 935 574
64 272 348 808 240
195 180 696 869 940
737 64 153 682 156
3 915 493 449 734
528 778 952 406 797
85 90 944 126 331
317 498 915 475 620
113 336 298 696 331
251 419 887 194 147
96 474 762 231 714
642 428 314 871 323
2 827 956 576 634
284 36 513 953 652
114 84 544 708 232
311 767 894 979 149
539 690 201 344 453
264 29 24 445 13
413 213 720 734 569
786 41 451 387 414
684 952 749 75 220
670 328 699 211 34
929 977 96 718 61
995 34 962 799 734
72 313 107 304 787
400 280 453 337 480
613 596 521 168 780
128 832 471 957 142
229 524 302 612 516
690 146 387 515 956
265 570 153 811 653
994 816 866 640 650
718 745 761 798 872
650 441 149 304 468
15 599 149 576 390
463 696 121 33 807
990 757 187 435 546
713 752 260 168 523
59 296 102 41 638
369 723 997 797 214
806 123 302 691 861
529 467 372 25 411
271 684 690 868 697
303 259 963 598 921
602 565 746 179 718
966 854 163 425 149
868 605 702 903 635
617 5 550 966 612
961 867 988 203 148
537 442 211 341 436
326 986 499 693 64
65 969 650 689 551
668 58 204 626 862
202 293 316 347 315
606 193 494 873 762
72 345 12 473 139
793 768 1000 864 37
493 441 5 893 491
245 144 148 18 988
150 516 624 159 675
375 919 570 100 812
920 991 3 823 745
847 725 221 416 23
397 827 442 48 141
988 640 889 40 941
652 21 83 226 407
910 143 863 421 875
248 419 48 326 176
909 785 398 185 861
386 605 300 233 522
217 652 270 711 311
40 379 151 473 127
805 361 901 842 698
919 807 680 155 827
36 868 202 628 900
215 567 5 997 318
105 427 38 771 771
346 506 868 737 985
424 813 753 86 150
752 246 479 13 997
283 881 524 925 432
5 254 726 603 622
286 679 766 1 604
429 1 244 536 314
445 555 509 41 491
474 85 262 670 809
152 59 138 171 426
771 13 896 330 339
927 760 395 977 367
991 115 791 80 476
720 319 914 427 253
699 946 941 245 148
436 579 794 406 216
509 323 383 870 94
668 276 984 516 318
161 108 439 729 693
346 128 114 12 803
213 395 373 485 99
634 980 198 371 82
274 249 110 233 335
569 377 207 914 439
731 890 890 879 97
144 597 768 14 688
257 20 769 104 200
661 588 574 54 426
551 249 426 240 166
663 635 736 120 84
714 73 712 452 476
814 391 114 680 360
617 679 165 698 752
600 989 344 338 739
427 689 802 681 358
103 966 360 85 178
900 353 305 357 28
278 533 538 795 55
95 288 863 681 672
845 675 495 415 603
110 953 985 635 123
270 813 964 850 294
708 612 889 241 798
779 871 180 922 825
727 766 859 458 2
924 720 298 555 662
759 129 71 831 497
427 184 853 353 185
775 444 918 794 585
280 615 324 472 483
70 803 9 362 298
223 267 315 354 643
188 796 266 729 109
633 493 57 498 747
485 243 394 122 148
824 619 964 135 815
348 855 181 277 1
736 940 147 88 609
325 781 74 370 216
430 594 849 750 559
960 447 18 977 258
583 344 813 54 664
434 304 107 506 842
689 303 454 531 295
457 990 764 467 561
986 940 354 529 562
963 654 702 538 625
759 841 936 316 186
398 474 475 5 406
446 76 607 385 97
806 487 822 339 615
55 522 499 980 542
526 377 878 122 386
514 762 835 176 341
716 609 396 159 852
156 639 59 196 386
403 169 513 555 470
371 700 862 970 423
147 42 109 692 450
949 54 131 134 719
760 283 104 314 322
387 733 583 901 965
587 176 905 404 356
92 672 492 619 108
307 696 804 574 144
748 51 658 50 566
427 888 205 521 504
189 169 759 728 374
701 140 269 480 969
433 248 353 324 952
603 918 586 958 62
137 733 143 963 536
786 530 425 29 535
693 804 265 552 640
372 220 894 169 657
507 189 808 316 998
572 215 483 92 973
24 843 824 789 49
199 350 732 695 437
18 714 812 393 880
548 667 254 450 107
862 979 613 957 64
675 988 951 120 928
608 377 360 730 196
931 692 971 596 406
978 576 312 436 511
75 817 356 812 710
834 926 929 974 956
668 646 545 172 575
35 290 940 576 632
279 164 136 533 759
25 381 212 773 362
598 232 613 503 554
629 759 498 673 180
392 612 942 927 675
624 983 997 343 240
937 647 514 445 201
50 701 759 915 284
777 480 830 421 313
525 626 416 404 509
975 80 890 130 650
218 762 792 673 31
60 807 962 638 36
541 844 759 549 260
612 242 333 797 494
281 271 468 140 437
827 821 226 375 415
235 712 666 858 438
224 362 312 438 227
696 473 186 36 674
192 336 43 113 769
993 121 133 77 683
36 986 985 29 316
62 434 204 102 182
878 921 459 862 652
466 158 422 327 997
787 468 706 872 742
71 992 116 246 21
48 406 839 240 522
326 86 733 417 669
275 827 844 76 614
821 203 181 757 970
634 479 911 754 432
727 302 952 893 969
147 610 757 856 281
797 580 501 990 817
151 78 74 243 704
995 328 767 509 6
86 513 716 429 419
5 940 665 157 532
978 748 238 975 977
50 998 262 171 922
144 709 652 986 211
156 482 33 577 661
720 945 922 488 377
442 791 353 971 28
664 870 991 183 231
99 216 573 988 294
229 308 775 685 637
889 408 484 814 591
167 62 653 560 316
530 136 871 912 573
445 524 548 529 775
691 854 162 344 412
496 104 964 885 584
205 546 107 51 259
190 150 841 798 849
636 658 229 963 456
47 431 161 422 635
208 345 660 637 822
580 431 749 563 545
647 494 303 132 750
382 121 248 540 482
792 439 777 233 4
524 707 179 147 501
319 55 480 414 478
53 899 488 917 718
460 453 951 771 531
205 967 10 512 529
117 163 929 550 69
706 469 522 655 692
3 783 528 176 295
371 923 148 727 222
867 165 129 174 933
210 449 107 929 733
88 79 804 267 699
750 948 18 901 428
841 229 933 214 64
573 248 135 829 673
290 96 582 903 339
306 384 589 426 403
374 757 988 903 817
176 645 8 562 911
600 269 937 919 152
143 251 598 221 246
928 961 819 617 812
126 165 583 130 992
149 171 364 446 221
451 809 273 856 841
318 614 598 663 94
992 238 58 303 772
191 36 291 275 602
598 836 288 676 747
317 854 128 480 191
327 552 158 106 908
710 141 768 669 423
631 537 132 968 791
114 290 356 161 831
758 809 934 886 529
194 1 138 495 714
885 253 137 437 647
175 664 428 649 558
621 237 300 218 356
902 623 508 85 979
831 277 961 221 266
969 647 281 621 568
195 189 911 493 48
932 217 296 767 664
303 782 400 277 175
241 608 396 477 824
75 750 62 879 116
232 46 269 868 52
155 26 234 784 513
248 111 644 214 948
50 901 595 973 669
824 146 134 747 325
758 131 538 550 150
720 50 377 536 321
376 465 186 612 987
980 76 21 566 118
639 4 381 356 506
993 632 312 818 279
156 241 756 458 826
290 832 512 775 785
247 150 21 20 665
824 54 511 965 608
316 151 999 752 451
261 437 201 831 33
696 928 945 168 148
847 829 410 718 53
421 909 559 84 828
191 609 44 900 799
964 34 596 499 731
552 800 327 439 457
527 79 674 718 973
180 907 844 866 275
364 283 525 393 115
163 140 791 319 465
381 976 896 33 899
152 465 863 821 884
514 537 55 864 777
882 95 757 641 619
851 601 322 444 386
691 187 723 741 34
400 176 497 405 328
122 230 651 898 431
151 247 965 904 926
364 335 143 179 739
369 743 848 187 559
124 449 923 958 307
492 771 446 684 850
411 14 743 99 885
487 807 771 617 982
564 962 963 653 155
101 952 790 951 684
395 334 522 545 68
351 252 118 116 545
697 78 644 842 312
967 496 217 494 504
62 441 438 432 228
530 576 475 324 910
70 370 980 572 479
298 231 308 182 708
187 333 278 745 417
669 758 670 258 787
905 329 810 464 981
64 340 61 259 4
549 228 321 376 828
42 380 439 106 35
145 980 698 373 346
606 556 303 786 551
526 687 319 501 655
432 956 797 453 802
276 418 385 569 995
451 265 493 676 673
364 319 112 785 541
336 516 72 867 462
25 978 946 476 723
558 563 613 819 769
762 307 340 719 779
881 708 839 814 721
859 815 505 187 532
204 469 289 665 460
81 488 201 141 275
406 96 731 817 428
823 26 40 456 714
642 578 338 430 915
936 437 218 785 346
485 446 43 793 509
127 398 608 583 544
303 9 750 546 291
657 942 149 57 56
75 914 793 477 971
760 15 137 972 991
597 271 227 740 716
693 756 216 814 936
742 527 701 354 537
624 268 949 555 508
745 140 667 146 516
115 162 36 184 568
2 816 752 922 313
499 911 778 791 401
200 831 474 346 411
372 114 337 135 10
624 600 506 381 154
136 562 534 806 654
604 54 173 159 1
643 761 611 672 875
252 462 175 671 325
575 699 968 764 128
911 424 909 607 966
35 63 29 431 332
805 540 424 725 524
989 290 452 279 754
343 181 900 147 763
96 915 917 892 463
562 185 70 362 27
611 122 837 114 187
386 489 215 968 607
121 406 120 720 788
906 853 860 430 315
347 278 298 342 240
452 891 860 934 403
518 182 87 160 683
339 109 956 592 485
708 510 154 69 779
854 148 237 135 378
303 63 89 683 996
303 799 633 667 803
607 658 169 456 340
720 678 189 490 330
213 500 395 192 614
516 40 423 791 796
930 549 311 340 206
514 403 698 960 176
556 811 589 308 716
803 147 432 833 217
445 69 46 647 229
910 359 988 749 995
847 209 246 946 534
875 468 936 484 579
275 841 661 945 494
338 32 396 971 271
582 203 906 867 254
174 870 42 225 264
243 812 514 664 358
149 916 24 691 300
950 158 417 264 977
27 657 739 53 989
423 953 621 348 423
967 747 645 453 223
240 105 748 292 296
853 712 999 178 901
860 238 266 20 496
485 654 301 346 729
812 921 12 911 327
627 601 467 568 394
594 6 878 80 581
861 680 739 934 134
383 37 595 416 206
993 845 475 460 587
950 561 245 360 246
86 931 116 835 945
34 715 582 250 134
383 235 469 898 286
189 686 314 924 347
460 30 368 460 917
252 137 138 626 814
432 703 420 462 480
156 204 649 69 48
378 45 584 807 110
690 648 815 327 61
158 424 696 665 146
749 725 169 500 444
63 817 722 735 113
45 158 898 371 673
235 218 38 930 877
852 339 798 601 425
502 922 659 128 449
604 602 79 505 929
634 833 444 922 777
643 631 157 477 46
504 577 492 891 516
124 693 13 310 512
247 687 191 36 74
602 823 416 436 336
116 354 616 508 756
101 63 763 348 932
147 31 47 996 900
218 295 53 53 443
898 377 931 753 177
150 527 356 637 677
900 898 603 471 760
787 67 841 211 618
276 724 726 766 615
3 30 631 77 721
308 857 513 818 446
989 987 538 512 255
437 705 586 31 995
485 821 514 258 310
192 420 848 311 69
723 791 957 264 366
422 129 635 661 100
882 742 431 175 656
724 258 322 501 273
206 613 677 44 452
726 372 711 379 911
142 496 558 79 686
149 689 283 536 939
320 321 757 184 728
458 526 62 490 650
946 543 285 807 88
118 768 334 856 647
239 139 719 654 456
213 434 28 948 917
916 699 989 999 812
991 491 762 781 50
781 135 309 924 480
464 126 604 654 573
175 31 494 617 952
634 310 96 91 226
733 576 999 99 957
341 680 727 865 147
595 980 389 690 26
327 237 688 50 601
456 286 742 168 80
664 887 21 298 500
240 350 580 32 317
754 330 468 825 124
856 522 8 440 833
871 275 562 280 450
286 191 635 629 486
979 105 228 195 57
876 911 404 407 833
332 97 68 141 850
528 370 286 491 408
262 864 51 746 927
509 642 336 490 228
600 217 595 968 527
138 778 438 383 892
595 274 786 282 203
120 764 969 333 670
177 370 282 850 478
256 492 267 2 573
513 790 11 745 647
300 407 778 327 437
30 632 397 871 539
305 482 978 445 843
206 491 873 269 452
342 999 552 964 807
753 652 323 215 332
451 393 899 341 269
961 86 765 70 619
946 459 237 466 797
518 188 446 429 899
24 677 710 783 835
259 30 771 94 568
101 124 83 536 879
500 332 327 487 57
720 562 551 653 453
322 351 157 117 264
440 541 179 339 906
745 54 375 863 1
233 870 118 649 286
600 918 904 705 85
543 434 846 123 559
570 285 139 585 314
892 93 811 913 452
756 108 878 6 638
874 125 35 117 869
139 800 15 685 577
145 4 946 931 396
166 550 619 185 291
995 470 897 346 417
763 636 390 479 38
46 946 35 562 625
448 659 827 867 545
33 466 79 79 245
147 713 688 796 781
291 467 677 226 221
459 407 283 132 546
964 800 178 557 662
920 386 924 128 16
345 6 219 712 650
63 743 655 541 353
250 655 22 699 410
86 199 743 653 506
283 497 959 540 427
431 566 723 274 988
760 972 888 907 265
975 285 462 126 342
653 3 974 115 78
444 47 158 823 298
509 394 315 442 2
763 48 817 628 888
980 618 507 792 996
616 907 515 50 39
386 489 953 715 353
474 343 56 296 276
934 222 824 26 117
325 661 777 889 189
870 476 164 502 479
896 496 945 835 822
283 165 954 163 269
438 515 685 342 237
121 190 590 36 227
192 285 481 153 570
451 80 675 832 834
390 176 278 431 205
303 524 101 558 983
84 615 91 212 420
185 677 710 940 530
767 79 816 82 235
599 408 802 615 781
235 633 743 600 745
360 870 774 866 144
173 402 45 40 491
388 589 114 942 323
419 935 988 170 719
301 617 471 450 159
260 252 481 344 829
51 245 766 783 340
848 513 33 510 474
941 225 57 466 962
383 355 492 999 915
949 379 112 580 497
190 194 551 472 265
496 493 42 552 106
802 705 837 678 376
111 229 287 240 415
323 693 355 83 120
309 518 147 519 545
921 860 404 629 388
720 57 621 356 474
144 378 74 608 774
983 158 797 312 87
434 755 720 158 711
483 539 518 365 354
848 661 141 921 377
72 591 53 98 450
168 644 914 341 443
21 662 596 13 300
849 504 975 958 519
613 737 165 213 163
898 468 898 606 831
168 25 160 569 828
915 705 212 39 168
2 504 660 346 526
427 455 736 30 585
760 19 778 170 841
991 782 420 195 43
14 117 512 719 593
146 848 580 598 235
789 689 444 655 209
361 559 904 367 174
881 995 858 466 760
467 177 97 861 129
538 126 843 882 78
80 52 115 715 497
293 380 355 683 304
615 599 711 885 729
390 597 296 201 873
500 72 60 489 60
603 725 917 486 770
26 616 864 689 299
696 99 270 688 581
945 678 963 14 392
759 943 668 96 162
931 438 62 588 795
264 87 971 349 215
755 811 49 30 595
205 550 111 290 537
377 800 898 429 868
755 134 980 756 156
242 940 348 531 519
437 103 753 923 942
531 653 783 41 286
326 337 412 995 931
280 297 251 125 533
933 573 52 570 852
24 260 207 441 747
118 650 13 192 348
456 586 919 368 661
974 68 272 116 792
936 234 157 645 222
63 999 74 225 832
857 816 498 2 529
697 762 439 443 17
393 388 197 857 909
867 749 675 380 978
442 182 220 723 475
195 538 541 727 316
494 461 41 511 905
861 792 778 319 86
31 528 219 562 379
790 730 814 665 944
789 505 13 924 546
31 241 709 338 305
157 324 578 253 621
129 775 759 29 311
848 922 876 127 743
920 193 357 612 617
346 937 837 768 425
538 318 337 974 813
511 186 908 686 414
961 837 246 466 55
552 413 627 777 916
674 526 187 512 966
330 67 327 731 729
465 290 231 223 377
131 811 36 275 687
746 492 672 594 834
460 915 619 591 577
567 58 787 183 771
568 355 5 609 974
741 983 408 362 556
694 179 412 405 215
160 199 625 878 168
88 988 729 150 156
77 725 946 437 860
153 129 927 826 320
953 927 817 865 974
380 303 986 58 461
33 285 625 486 376
96 284 98 707 815
670 40 119 762 40
651 421 208 86 491
311 941 598 734 337
893 911 386 119 777
236 765 580 281 999
122 404 529 803 852
462 582 886 645 85
394 385 165 118 381
875 9 203 65 602
459 709 697 88 971
687 399 765 592 352
898 548 841 569 971
912 539 353 352 812
393 105 98 130 581
580 663 35 675 64
713 796 451 100 158
18 155 248 794 151
66 261 71 640 311
729 662 782 648 537
368 19 651 729 235
98 995 341 848 584
565 795 142 31 134
954 365 432 808 190
165 802 144 342 44
640 569 415 213 803
446 18 300 51 38
869 765 833 360 537
642 50 408 537 912
395 52 979 265 920
719 297 173 863 471
25 541 791 551 683
525 946 987 634 549
1000 588 126 913 413
432 655 355 350 340
534 216 572 711 807
616 883 736 522 360
15 590 723 22 789
746 470 830 106 158
670 53 329 506 540
153 122 527 378 780
290 943 693 532 600
40 416 845 516 864
499 816 738 758 346
163 366 272 926 985
535 721 461 294 557
870 594 459 446 907
723 929 865 132 806
470 979 906 116 214
848 156 679 935 861
631 208 813 877 916
794 395 727 373 680
444 676 665 567 138
823 86 650 27 105
481 233 666 97 436
30 623 855 989 965
381 343 986 696 182
567 645 423 351 783
499 236 171 449 992
80 513 333 764 184
749 998 208 686 494
913 620 843 342 448
609 970 645 635 506
393 291 151 770 406
332 450 875 837 834
700 708 192 605 582
622 445 549 609 240
754 856 354 555 866
70 812 798 541 992
120 580 712 200 115
419 697 139 882 594
440 244 528 426 933
228 550 858 875 580
364 195 595 590 508
743 354 753 782 337
448 42 679 266 105
530 926 761 301 929
110 429 771 162 960
344 454 349 163 197
751 645 869 91 263
913 941 582 826 713
859 613 93 852 883
544 524 812 608 847
852 218 626 745 32
215 191 698 976 956
439 361 426 623 895
603 764 785 88 929
233 228 583 3 193
749 395 401 322 741
206 755 742 787 85
919 208 326 593 202
183 746 757 609 290
802 93 342 433 667
116 303 593 917 272
692 827 746 524 478
138 886 281 15 984
54 377 67 329 806
193 464 595 421 82
341 785 700 623 100
429 152 334 97 144
968 986 221 743 623
728 703 629 984 731
327 262 750 273 969
78 274 618 15 326
939 740 423 817 365
730 454 261 495 382
562 667 685 118 453
700 460 21 11 295
590 414 550 934 532
38 425 450 735 470
501 886 975 843 276
855 658 935 856 244
803 596 124 287 112
155 566 945 969 681
631 625 109 731 48
208 179 681 220 784
578 675 80 990 154
65 494 118 373 362
242 573 651 707 876
835 717 446 201 386
430 437 918 85 10
92 483 54 538 845
322 351 542 698 611
578 528 731 264 462
120 192 810 562 822
426 645 147 649 646
862 68 157 500 50
644 976 148 950 129
442 201 626 513 473
799 408 434 626 379
421 513 977 889 363
477 838 217 579 91
86 734 941 393 230
598 567 593 678 931
677 965 137 777 235
894 632 432 136 450
519 812 86 724 358
290 966 236 718 438
432 274 161 491 877
120 206 44 529 467
232 590 396 457 545
606 571 938 851 151
519 785 259 165 648
4 721 414 451 524
115 207 86 171 737
881 615 43 391 486
122 470 1 110 294
95 703 634 823 712
956 672 283 103 989
101 563 677 380 458
504 612 521 10 222
956 994 509 494 793
31 70 968 930 147
498 974 926 67 895
196 857 617 949 300
57 66 653 735 196
159 885 829 88 606
462 134 931 327 372
577 284 964 187 334
534 574 417 727 985
929 513 521 28 19
183 652 994 931 399
263 14 341 174 370
211 330 322 648 578
567 887 501 452 46
611 724 389 417 324
469 302 643 9 95
745 637 426 213 606
952 543 774 427 425
687 236 648 716 124
928 409 725 837 105
731 402 804 68 526
711 412 206 733 511
918 677 876 951 842
829 977 992 930 728
246 345 515 692 687
506 158 548 390 862
380 848 852 206 619
659 100 342 111 425
438 502 542 56 16
910 999 762 972 435
676 290 791 277 447
516 689 361 405 126
723 26 924 284 702
913 476 744 574 954
198 858 46 519 226
437 998 608 104 716
876 320 236 672 805
208 271 295 188 925
885 362 337 274 560
316 765 432 328 124
746 531 680 826 969
930 26 16 593 268
903 564 613 801 696
209 679 7 446 764
407 333 675 824 62
852 477 501 806 861
534 598 72 633 62
191 465 252 170 933
335 674 520 158 532
669 595 247 608 70
830 793 439 624 743
500 846 482 900 696
255 846 668 444 263
580 578 634 19 1000
735 422 175 2 161
190 212 374 289 756
709 947 214 651 981
152 258 494 704 861
269 913 115 717 169
289 331 246 608 419
96 431 469 761 177
296 207 422 949 566
429 338 652 599 904
894 843 708 957 269
882 614 379 762 599
348 497 573 588 174
938 560 455 790 296
582 590 595 821 300
218 699 504 129 24
155 411 855 967 474
17 329 27 944 634
46 493 466 251 962
62 524 225 447 232
310 803 974 9 684
97 768 282 612 820
12 286 750 946 783
232 927 450 571 886
748 577 222 735 189
487 253 970 127 377
355 37 660 883 887
376 958 329 675 467
319 218 867 417 203
65 187 515 795 368
771 674 254 857 578
338 18 318 185 54
526 287 552 731 67
936 125 483 645 570
84 171 245 282 813
529 471 343 192 463
140 594 667 417 288
362 946 304 445 845
164 59 80 673 9
852 99 631 952 98
873 352 687 778 404
192 939 189 643 414
814 739 43 545 707
415 693 881 376 710
55 324 848 779 654
734 761 80 223 719
573 992 451 332 931
428 59 793 572 405
415 643 838 686 741
529 211 635 553 332
297 613 72 172 608
275 300 964 351 431
916 28 92 316 139
333 680 881 723 411
529 81 68 881 499
88 943 297 457 746
896 458 856 985 637
942 162 379 299 277
33 835 131 356 538
427 74 631 956 156
997 780 56 623 913
775 763 827 564 159
5 829 427 387 512
21 687 976 691 931
766 12 745 285 96
985 748 185 47 78
782 462 853 69 267
153 228 197 972 620
775 678 947 144 102
286 643 939 821 58
916 492 771 416 70
881 562 180 287 803
162 691 588 434 535
382 268 297 376 409
476 42 20 937 247
155 960 207 366 66
43 502 793 338 652
800 931 434 611 272
227 877 302 531 250
546 7 983 103 925
309 38 19 76 702
749 521 296 758 165
852 429 972 196 735
489 969 576 784 956
277 773 665 938 145
450 508 339 478 647
558 697 248 731 817
997 197 710 458 458
231 896 114 458 764
260 203 564 612 81
785 299 105 917 385
826 902 360 521 846
16 536 838 769 392
848 586 216 716 44
874 950 639 442 554
576 765 947 2 743
420 424 517 953 959
771 962 167 209 469
580 157 318 395 933
879 363 770 597 748
576 374 47 278 135
326 421 893 798 375
745 846 505 687 840
360 859 187 61 900
282 519 213 287 334
302 911 145 527 865
801 806 633 790 681
709 246 293 228 595
695 230 231 698 831
394 800 683 961 426
73 461 302 356 33
540 832 265 468 375
452 637 695 24 125
286 17 883 207 724
519 244 988 242 766
119 475 599 555 937
673 695 54 538 391
792 717 775 670 22
541 6 137 177 473
448 419 498 959 727
362 940 925 524 692
688 898 828 595 654
963 333 966 15 210
987 457 685 146 985
904 326 606 481 241
837 583 409 715 807
922 599 324 943 895
435 147 543 334 761
135 931 83 470 784
228 7 288 266 374
566 952 472 891 76
9 619 444 540 808
48 435 743 291 858
348 558 229 8 595
259 416 721 533 319
89 710 430 745 654
490 100 795 631 896
72 91 635 960 838
571 479 49 343 714
767 984 699 483 802
148 292 819 371 263
972 887 349 266 119
205 808 393 247 351
538 270 608 50 203
61 751 306 113 802
707 493 3 683 914
362 220 122 654 343
663 59 263 729 238
295 105 986 862 667
135 25 125 771 570
20 960 73 706 802
89 86 12 982 72
121 605 129 173 332
522 173 676 911 476
944 537 434 217 941
335 52 398 95 61
404 878 279 157 2
636 97 718 312 695
101 806 400 777 560
190 946 923 8 842
160 749 180 269 259
719 67 673 651 203
84 774 947 78 175
160 37 532 994 335
143 428 410 967 689
879 751 60 298 143
778 347 419 43 876
332 52 67 453 913
337 971 86 995 647
236 904 178 602 623
755 511 843 492 34
559 365 985 209 622
521 593 44 181 891
260 967 535 429 909
433 990 777 610 876
900 40 596 409 442
184 428 811 88 781
396 987 304 803 647
773 211 245 592 15
623 865 497 392 225
320 131 718 964 942
832 946 446 236 177
253 591 415 470 741
32 593 382 728 437
779 875 316 398 316
19 62 114 521 731
358 134 637 444 27
909 598 754 193 763
476 809 147 278 788
808 338 575 636 654
307 684 581 640 101
896 489 793 54 728
110 991 687 174 96
953 966 652 396 906
734 176 624 59 159
27 792 346 405 529
724 346 24 97 147
255 25 384 500 139
726 255 319 272 246
745 37 498 400 411
208 99 749 994 730
691 390 379 214 133
881 508 1 950 545
630 22 103 975 32
79 155 227 263 69
724 610 538 643 821
436 390 677 823 114
609 310 53 745 243
700 684 315 389 670
626 109 98 246 683
864 538 173 873 856
584 564 924 658 772
907 326 410 445 593
666 246 449 738 428
366 938 547 429 521
780 850 350 270 351
368 7 761 814 836
714 307 192 985 987
630 582 648 734 828
759 840 939 518 818
761 318 95 868 192
182 233 69 566 18
772 425 138 893 973
538 553 399 841 749
898 344 237 705 263
228 936 128 596 52
676 942 717 826 940
84 589 517 319 399
711 996 859 859 928
245 962 92 359 167
631 140 237 12 463
447 32 741 514 238
86 260 433 14 617
452 693 888 155 57
38 703 610 83 365
300 579 700 606 206
373 125 288 762 325
563 639 701 476 39
533 705 341 301 702
578 233 883 898 414
89 576 441 616 797
20 945 506 829 557
771 681 57 664 618
442 197 26 662 719
129 825 517 217 99
157 23 430 397 834
361 122 645 512 975
535 681 901 318 461
58 527 718 967 340
799 526 622 694 355
441 495 641 785 687
243 353 295 943 386
115 725 541 727 140
864 502 103 199 588
137 228 63 703 696
724 361 534 682 121
35 697 910 78 985
495 313 133 948 681
326 248 619 723 109
881 268 447 231 152
401 610 321 667 368
656 100 421 371 435
269 10 709 327 156
487 622 819 595 601
788 430 233 829 36
352 902 320 850 160
32 97 702 382 297
737 795 585 252 362
100 532 978 671 521
714 670 24 247 211
454 711 809 429 275
719 641 69 348 579
896 823 494 64 587
322 921 615 128 422
959 512 995 486 500
637 867 817 563 176
809 652 95 503 651
634 555 574 84 373
413 807 141 846 535
423 663 867 994 303
78 630 892 863 604
355 206 154 408 957
29 418 202 109 165
803 314 95 597 668
145 471 805 271 506
621 889 237 78 555
984 375 907 206 87
62 890 838 759 178
634 208 1 668 44
58 146 44 747 681
357 966 363 215 778
747 500 694 428 268
842 236 114 482 676
32 534 197 479 846
217 416 295 18 791
305 70 835 83 597
962 858 230 377 203
181 439 27 90 221
465 543 949 916 891
117 495 262 787 148
708 226 113 524 2
616 807 92 493 609
334 424 608 94 135
32 581 604 519 787
265 489 761 191 646
397 868 481 854 903
842 670 954 514 455
921 279 634 547 689
220 648 498 537 779
855 988 647 47 411
106 737 491 136 464
733 52 856 824 766
727 545 970 439 820
813 778 510 417 527
356 54 321 872 269
421 963 843 398 599
140 883 502 923 33
798 162 384 964 577
234 224 712 506 634
552 796 958 898 610
102 471 254 781 249
342 353 900 890 20
999 431 851 653 204
322 253 211 992 428
529 811 543 648 770
117 383 435 844 537
529 759 347 316 432
573 393 438 826 904
87 991 184 824 894
781 441 866 732 863
960 132 127 415 379
231 638 931 641 18
92 478 646 169 680
213 482 376 965 968
949 244 828 152 882
516 854 561 403 133
939 535 211 683 679
228 26 433 319 469
933 117 78 740 115
821 968 349 53 377
82 76 747 165 722
87 185 308 591 13
896 200 176 748 90
984 319 555 978 89
435 778 321 23 812
189 548 450 374 42
709 341 632 828 456
857 907 899 756 83
836 641 849 420 105
170 345 807 64 236
752 376 309 748 816
889 950 624 866 761
984 886 399 415 129
890 727 550 32 905
206 68 701 973 627
94 865 414 26 351
943 158 744 981 139
696 25 431 74 500
367 983 10 798 439
355 287 820 312 861
12 550 838 962 142
112 917 195 464 485
932 574 956 190 979
344 945 183 504 862
365 144 289 232 411
649 847 236 328 721
715 578 44 732 181
565 171 321 472 138
959 728 795 85 647
687 811 302 133 139
929 579 151 812 327
946 71 154 849 793
330 552 861 12 287
95 34 98 164 403
183 491 466 93 110
322 153 966 31 168
698 496 528 175 124
155 459 396 538 861
327 837 173 849 701
721 818 622 638 529
720 545 662 810 281
553 22 659 340 509
40 815 323 507 786
931 672 106 766 789
888 51 377 731 306
366 237 40 502 161
24 837 863 768 270
22 269 647 890 725
475 918 452 144 751
521 395 674 992 191
529 40 378 934 307
410 431 253 438 617
880 757 152 49 537
789 745 345 341 336
519 583 564 674 584
872 271 308 854 840
86 201 657 183 228
109 614 616 533 461
456 612 393 928 600
497 461 815 70 672
500 804 682 173 764
694 975 889 501 8
388 177 830 499 155
984 788 777 887 992
652 812 758 14 764
385 215 147 965 269
935 291 122 312 52
353 457 327 198 716
77 443 928 78 325
736 631 350 226 818
316 568 858 461 357
627 433 229 267 848
192 980 284 453 763
963 265 210 893 836
244 997 864 168 687
228 35 989 416 512
253 608 47 353 126
787 257 924 924 620
223 554 467 445 38
220 932 181 968 206
38 385 235 114 143
846 149 235 406 994
993 498 180 774 596
428 953 552 506 518
204 574 768 499 392
12 519 913 716 904
184 493 951 953 76
935 305 520 661 614
800 744 431 504 729
744 983 581 677 937
404 912 265 342 466
97 404 282 646 193
267 236 488 883 272
130 982 728 466 947
592 727 945 152 112
863 150 801 983 766
882 177 654 883 544
196 432 702 875 691
832 520 233 519 507
79 352 31 105 868
732 796 1000 382 5
75 824 743 593 359
499 484 542 778 296
809 392 169 893 688
405 753 963 253 622
921 170 86 349 585
915 761 605 82 336
261 23 169 735 97
352 861 246 528 724
56 37 489 753 962
593 499 48 836 819
270 988 218 668 259
224 977 727 107 329
433 503 538 37 988
374 700 561 30 699
23 198 79 693 419
791 393 307 194 580
869 933 933 540 293
647 569 758 701 551
37 799 732 452 818
730 989 122 521 228
443 483 314 607 368
663 287 309 78 11
541 823 737 358 581
868 999 276 846 970
922 168 861 433 141
379 436 737 780 926
126 790 508 673 947
601 390 134 178 427
41 877 899 989 444
962 178 837 329 900
498 405 941 479 576
422 234 977 661 550
437 670 512 157 942
956 697 952 32 837
737 95 816 555 434
191 25 13 657 874
218 394 30 12 52
476 189 474 801 845
437 604 318 51 297
56 688 337 737 27
661 999 528 45 643
488 111 14 589 948
837 565 116 190 779
72 694 925 491 663
473 697 896 357 647
695 304 991 452 608
740 190 504 584 904
818 948 612 636 227
800 557 12 365 614
652 306 799 942 553
457 872 16 11 587
853 273 307 339 907
596 360 888 852 129
514 392 733 439 229
468 830 45 239 298
438 805 95 87 609
655 973 63 341 319
543 746 551 205 76
95 707 872 285 800
844 244 78 236 853
631 838 995 388 1
518 345 304 630 23
698 633 771 528 448
740 709 307 652 366
205 978 96 734 637
327 249 690 341 748
732 76 938 549 972
365 771 807 194 407
846 79 675 169 460
529 439 887 917 157
326 728 955 100 55
70 171 286 853 685
747 673 568 921 662
747 528 949 777 977
433 696 700 990 167
838 190 128 106 903
734 995 507 285 905
86 508 968 530 610
51 472 812 169 606
292 409 200 562 255
366 437 191 809 829
967 594 531 354 841
253 173 140 146 562
57 51 466 141 360
101 655 493 924 523
107 125 234 537 782
912 683 846 194 930
714 871 208 862 807
495 85 383 28 286
739 487 905 677 419
400 662 797 171 860
857 722 733 474 902
182 787 829 832 762
98 109 489 511 731
537 36 775 28 677
109 374 885 554 583
883 962 207 742 756
276 410 67 643 783
889 938 537 427 161
960 159 324 936 749
70 162 236 557 194
81 752 357 759 816
958 262 610 258 131
162 125 349 210 441
809 530 873 637 868
1 44 309 519 139
810 477 186 549 94
532 475 766 640 987
417 150 390 958 627
618 825 11 256 898
355 501 299 82 44
54 912 114 867 70
247 423 13 86 904
848 479 283 971 391
95 21 263 689 582
213 131 70 121 585
54 201 371 550 319
771 532 298 916 94
367 387 92 838 181
799 612 792 819 131
500 992 836 862 629
343 188 496 28 867
450 318 117 172 632
104 624 179 81 367
182 60 130 832 751
479 869 575 563 480
494 61 755 699 110
18 420 824 729 191
559 943 221 194 693
955 310 963 297 139
154 111 3 533 358
919 173 137 731 837
121 68 817 592 334
244 376 114 390 199
527 820 657 309 637
235 871 463 536 759
695 682 980 976 349
140 420 958 360 954
799 67 21 137 200
839 676 567 92 490
993 472 214 727 300
771 310 127 820 191
749 717 268 129 90
776 399 536 377 642
241 610 526 244 656
647 242 557 177 860
896 497 778 728 759
177 442 263 317 224
589 316 722 371 909
707 367 206 393 494
490 633 278 354 105
94 20 310 302 941
846 895 406 812 778
523 305 125 976 475
501 636 55 222 658
498 870 562 564 838
88 177 744 580 760
542 874 468 882 23
976 141 589 901 412
322 471 915 696 368
978 185 323 172 918
844 307 738 16 467
709 395 425 771 197
475 686 657 43 781
503 315 643 209 656
306 406 184 378 514
919 466 481 677 110
721 232 548 793 127
142 112 856 323 577
843 576 936 427 317
313 762 279 747 861
130 506 860 471 860
903 298 5 625 414
361 101 654 688 810
490 775 641 456 505
961 16 402 74 194
502 662 282 932 677
436 555 267 242 656
183 48 238 679 477
486 31 487 546 788
580 882 560 314 149
289 996 727 519 69
865 626 750 408 416
366 983 603 47 389
60 96 118 214 407
703 453 999 827 515
353 943 834 210 684
167 269 391 506 388
323 755 641 718 668
877 380 95 300 784
856 155 934 403 670
942 192 471 206 617
235 593 664 124 913
375 154 856 94 165
123 120 51 997 509
4 921 586 344 30
689 377 288 256 96
731 716 613 492 800
182 946 314 195 901
421 1000 435 563 593
5 982 277 198 32
814 823 619 504 877
40 156 726 236 958
291 100 573 865 720
857 221 906 667 383
684 108 647 59 442
528 11 344 918 168
482 643 329 407 974
837 187 266 94 103
311 786 196 792 634
494 723 352 678 553
660 834 243 240 965
99 266 23 220 822
767 99 652 582 812
4 953 90 767 642
680 198 566 789 651
558 845 194 699 570
99 714 733 773 12
349 864 535 585 958
222 748 477 498 962
119 128 373 867 124
414 723 944 386 410
398 664 525 75 556
398 982 715 868 465
314 941 133 794 236
77 834 422 253 777
436 515 825 627 398
865 990 532 649 745
654 285 450 334 517
87 720 707 771 466
526 521 931 565 251
967 471 477 896 693
724 91 451 880 737
13 475 863 423 497
212 439 595 642 106
122 410 929 210 568
537 623 182 854 480
604 324 490 638 304
975 746 154 475 543
738 198 453 752 21
103 665 37 809 685
160 695 303 339 99
675 865 531 654 842
131 372 174 535 851
256 395 367 376 642
564 598 564 375 11
882 716 499 70 965
467 328 704 657 391
108 260 133 500 796
183 326 353 892 670
610 391 238 49 230
688 819 530 981 374
373 962 914 638 400
255 782 991 211 990
98 211 876 502 862
809 209 88 290 930
16 415 888 525 759
964 957 714 29 368
536 111 387 638 169
634 358 632 591 188
342 558 713 723 712
350 683 561 527 448
157 138 118 668 518
822 678 937 998 523
395 647 163 785 30
192 234 860 209 490
909 635 510 567 425
176 45 289 913 611
127 377 447 98 977
697 285 519 864 748
641 284 87 31 750
34 35 285 645 633
115 752 587 454 416
896 41 654 977 338
655 187 110 557 400
849 51 213 718 182
365 687 966 823 479
975 795 841 425 553
868 467 185 671 691
992 774 577 171 833
831 103 396 448 228
219 458 754 82 640
641 347 647 868 222
572 651 254 171 617
788 639 826 780 696
914 983 772 584 603
307 93 577 141 733
592 513 782 703 819
796 373 59 29 900
309 825 885 613 682
390 265 768 188 933
105 376 390 42 569
738 814 244 918 170
904 645 294 272 49
141 418 809 25 184
51 156 832 774 899
467 963 324 395 93
359 733 211 469 384
986 601 790 169 772
685 963 308 1000 625
545 916 975 294 74
411 303 934 145 189
261 72 543 826 262
202 545 626 550 361
969 976 413 772 600
453 977 256 460 320
138 233 120 364 324
217 402 899 319 566
777 117 86 281 438
938 4 346 996 159
259 207 667 25 707
351 439 888 619 690
269 308 489 208 788
727 206 8 662 595
184 389 929 793 158
635 995 26 364 324
500 105 252 336 676
774 828 311 48 2
146 750 533 550 968
762 271 668 341 732
230 817 510 315 386
945 207 32 781 214
976 940 698 302 235
515 980 373 954 430
257 852 867 632 304
774 957 52 255 941
772 508 645 794 313
781 946 626 287 198
739 829 959 787 351
547 764 922 931 154
77 792 917 562 738
96 479 11 269 562
449 927 854 555 595
835 306 887 929 876
266 847 929 812 902
673 321 187 626 549
417 41 514 572 389
257 47 989 355 996
908 378 986 308 909
313 534 366 944 787
45 149 574 685 479
100 847 967 624 916
45 920 547 764 22
471 731 326 608 1000
17 685 579 740 706
19 130 59 537 582
295 4 646 831 996
780 491 750 400 302
222 791 529 488 163
395 366 656 883 467
824 373 656 771 719
704 58 298 522 525
15 82 607 991 488
190 495 585 429 604
348 926 367 725 889
323 995 750 358 261
123 568 990 561 461
158 517 466 764 93
970 230 882 313 391
741 286 462 67 586
899 838 218 875 76
346 118 178 676 760
428 730 65 417 419
73 558 717 369 551
767 121 827 976 363
463 229 554 865 656
945 256 198 813 151
247 993 433 194 101
100 756 394 493 711
826 27 909 423 535
525 831 596 411 956
202 985 814 514 269
992 39 399 956 561
677 493 384 278 673
914 37 967 392 66
113 26 794 284 524
320 681 410 139 760
664 413 27 962 170
344 745 588 88 970
664 900 697 662 462
561 456 808 172 143
977 957 183 409 877
547 602 474 410 491
329 259 746 567 311
430 752 456 496 23
926 313 154 110 246
339 615 824 991 681
199 596 288 528 189
992 346 142 543 376
361 763 264 285 305
657 624 552 788 724
491 458 468 32 720
756 830 599 403 83
69 445 500 903 612
64 532 107 198 879
266 218 115 420 590
625 772 758 798 827
201 89 207 104 210
122 164 151 525 304
789 627 740 38 874
241 871 758 776 269
866 621 176 703 785
396 631 998 491 535
163 338 277 725 612
178 299 184 461 270
829 189 301 733 182
948 207 616 54 322
636 205 645 645 815
548 456 159 334 571
252 705 904 849 142
9 300 940 851 279
391 333 204 847 126
933 582 129 774 830
592 968 452 611 480
683 295 522 557 907
454 457 761 956 760
643 747 665 103 887
56 676 289 959 514
861 696 116 662 435
263 847 820 118 749
561 826 970 709 784
632 752 126 812 208
376 411 998 69 271
190 174 758 799 281
237 214 30 947 734
589 855 351 468 331
785 920 307 625 223
1000 434 493 926 88
425 103 327 780 131
823 911 535 303 817
476 651 826 588 313
227 95 467 334 50
184 779 349 493 385
408 692 894 195 577
170 419 936 850 920
924 369 920 120 753
131 1 601 249 652
124 729 678 198 258
921 526 262 604 923
1 115 215 924 215
652 738 505 548 6
168 812 858 230 195
283 420 814 736 860
512 790 974 195 789
723 208 116 891 297
488 153 887 280 53
994 985 650 867 711
190 740 314 329 33
942 394 576 683 288
203 530 344 232 696
905 993 453 553 173
852 933 242 25 583
493 976 778 97 278
321 12 524 72 571
366 831 645 179 809
294 720 889 680 739
87 572 173 682 699
32 389 602 812 224
6 910 393 905 218
54 230 666 166 93
70 666 871 131 115
51 332 856 852 286
153 780 647 514 482
624 236 959 954 302
394 745 879 315 385
275 34 39 179 728
111 899 81 818 654
431 903 673 253 338
884 473 282 887 916
234 215 499 456 317
306 536 913 467 591
695 412 519 209 558
241 199 632 373 776
821 7 161 186 777
702 921 785 383 152
331 856 8 794 819
817 862 50 341 384
321 502 865 176 740
238 499 784 707 303
714 932 587 789 850
736 431 271 941 209
553 49 917 306 65
705 393 433 39 425
517 389 353 993 810
421 484 687 732 682
190 687 490 298 457
564 803 693 550 537
629 50 336 379 824
472 666 734 616 731
552 247 231 494 113
153 653 252 344 977
722 751 354 965 62
897 501 613 507 547
707 771 443 113 328
687 527 48 455 236
573 90 239 465 862
222 439 29 978 678
13 133 227 592 197
491 141 498 282 250
841 187 600 754 120
740 299 372 856 734
7 528 308 419 72
735 304 728 779 469
111 417 557 123 466
274 151 997 3 136
105 722 797 756 551
578 220 55 456 563
834 1 906 972 760
74 632 562 620 18
619 88 320 564 284
32 266 397 319 364
338 362 444 602 420
784 465 333 412 180
81 34 714 907 340
107 849 121 218 454
28 103 481 773 350
784 599 704 853 748
942 464 544 224 995
66 928 886 949 7
848 388 856 295 54
682 358 617 822 590
91 93 157 426 734
192 366 702 966 507
676 564 807 459 89
817 976 361 11 354
25 187 593 486 720
79 389 3 508 350
34 737 547 828 451
372 479 518 52 216
725 638 19 257 233
198 284 483 618 491
765 53 597 800 28
972 87 974 851 401
699 628 137 111 603
768 804 341 781 517
169 721 546 612 357
63 314 719 924 655
478 548 86 29 94
839 333 822 339 541
450 820 635 905 260
851 862 405 976 897
318 295 214 907 494
224 777 736 814 534
669 325 270 958 741
735 49 315 465 343
19 981 310 190 995
968 680 277 513 29
598 851 555 735 835
454 823 189 613 851
384 41 231 788 449
896 93 48 858 356
210 460 356 294 975
821 458 996 740 115
851 982 403 177 576
708 561 253 817 624
645 285 638 96 912
406 179 275 267 394
644 619 928 569 302
25 774 337 103 256
565 762 341 467 347
901 48 34 470 726
771 892 309 582 995
591 294 724 226 361
793 454 391 647 628
818 6 241 321 447
438 787 274 685 589
893 461 230 887 816
924 188 382 618 134
576 280 726 224 677
883 775 293 747 501
652 107 911 512 503
366 22 459 80 911
782 152 450 335 571
762 51 529 709 9
54 662 899 248 267
452 157 593 978 839
588 605 40 68 83
855 313 225 584 411
224 271 53 68 653
661 298 335 253 305
807 917 159 683 137
966 728 885 198 914
773 331 315 860 607
32 500 258 862 618
415 877 249 873 692
823 203 171 898 270
293 653 578 506 344
733 187 298 636 441
512 758 940 45 217
611 652 26 236 281
845 73 114 386 739
793 180 291 966 552
752 809 1 467 322
535 169 706 96 92
416 740 373 66 117
197 461 774 326 130
560 710 747 858 790
297 53 104 636 7
61 218 420 387 101
728 650 712 14 261
598 49 915 360 394
592 153 552 8 549
34 223 74 175 832
676 673 475 994 409
698 662 153 844 57
168 827 739 211 838
762 537 988 317 909
190 395 460 710 992
231 198 68 252 864
869 152 851 715 190
123 373 297 123 566
865 691 180 16 136
492 970 444 184 836
79 382 331 932 14
346 890 830 251 440
701 403 898 720 343
810 934 792 326 783
718 901 68 629 970
82 354 44 361 956
563 661 65 847 230
24 81 756 94 304
80 646 557 327 162
322 895 782 835 398
172 47 517 837 393
989 996 116 641 818
961 899 155 982 420
423 21 741 586 285
234 266 907 951 149
678 649 887 341 47
682 553 193 124 432
618 163 479 511 924
535 908 329 296 690
336 797 685 315 6
596 291 409 28 461
313 424 62 856 185
996 724 915 991 162
703 808 162 397 67
694 177 875 620 285
907 4 725 821 387
292 310 599 665 42
600 68 695 650 461
365 776 988 790 684
688 35 784 102 280
306 631 51 792 416
124 788 535 915 949
219 99 722 136 278
656 769 354 895 583
503 178 365 212 230
773 895 7 34 397
114 449 574 530 41
61 978 949 806 715
440 683 51 112 702
493 844 9 921 830
682 577 915 184 352
170 528 29 108 25
991 924 124 287 453
261 320 274 656 183
945 979 310 472 482
909 370 302 258 60
608 182 782 408 708
922 757 474 795 530
178 960 439 118 809
602 906 286 597 494
662 801 80 960 396
47 573 404 211 560
449 29 46 373 214
825 823 949 804 952
87 711 770 959 914
102 263 406 35 704
606 195 760 648 21
819 340 68 40 517
461 446 956 749 84
360 560 954 493 964
671 394 844 138 925
793 673 987 293 508
295 140 436 357 106
823 973 269 429 564
290 126 696 762 762
741 880 655 369 189
254 960 659 145 919
121 359 784 998 318
2 154 577 578 765
220 898 747 218 917
883 886 969 592 457
744 1000 109 404 597
849 660 515 889 20
795 11 622 36 997
673 802 896 222 806
870 829 644 777 857
711 465 165 991 838
17 618 758 346 671
238 872 686 898 937
782 68 374 995 711
314 490 992 17 378
214 965 802 388 138
960 602 958 893 685
177 63 944 229 882
190 135 825 501 696
986 596 341 289 263
461 827 705 97 818
6 257 236 549 770
342 754 172 512 15
984 275 826 55 772
770 852 921 792 701
454 960 612 310 467
371 678 267 974 391
548 766 538 168 465
360 61 726 102 804
910 915 608 190 537
140 953 919 728 426
497 656 581 351 225
604 693 299 25 74
93 102 978 585 409
6 479 142 940 174
400 861 360 763 523
397 253 363 759 502
871 523 815 711 403
493 960 101 25 702
998 64 411 322 41
403 713 368 400 619
475 747 129 868 895
508 573 655 778 425
437 894 438 370 624
261 656 44 933 675
714 796 106 398 990
184 439 566 493 210
349 612 996 35 768
411 158 171 145 812
224 365 218 387 874
419 304 977 220 546
523 518 703 913 750
845 847 911 615 968
192 511 124 948 991
984 573 982 395 370
51 57 350 192 903
587 6 870 323 807
714 198 710 764 683
841 692 977 562 549
682 627 229 64 640
14 887 609 661 519
512 728 863 181 579
185 378 78 460 756
54 673 756 698 83
334 825 718 746 847
281 308 718 228 848
934 583 667 601 748
217 672 98 939 532
165 120 72 861 951
172 415 8 691 673
630 318 369 913 533
275 392 482 544 541
268 193 220 350 12
849 938 601 320 363
838 751 587 193 467
631 230 365 642 86
28 670 343 337 634
212 23 78 211 926
830 647 823 955 746
601 32 682 100 416
527 213 142 994 362
108 749 33 301 449
224 393 373 992 85
478 965 731 762 11
416 204 413 335 797
10 538 359 919 792
482 918 550 753 255
363 846 306 348 623
415 431 628 798 801
629 304 254 816 332
714 427 638 894 77
698 935 852 499 487
913 932 606 280 668
725 619 3 67 635
553 282 652 350 843
466 258 419 907 740
294 469 563 669 182
397 801 98 727 585
922 555 33 431 182
831 742 737 424 216
588 711 609 993 91
215 930 222 408 295
684 420 343 376 713
49 379 539 989 697
653 211 422 224 664
890 674 972 429 403
462 70 947 253 331
376 649 29 730 801
572 707 904 246 630
974 12 282 323 80
699 497 525 314 257
720 929 685 14 539
493 87 47 113 405
99 361 6 419 134
253 186 63 99 384
433 843 745 414 920
565 144 603 858 450
246 640 884 135 757
502 595 260 10 901
658 17 364 364 458
55 380 2 600 875
734 24 990 25 213
180 340 787 475 336
414 435 286 90 432
1000 931 605 448 305
845 516 810 191 809
12 89 611 60 141
415 956 283 880 523
628 80 235 778 583
738 45 721 177 421
363 875 688 424 852
17 773 215 996 280
50 371 477 261 386
534 118 43 373 317
720 962 303 438 811
210 392 64 513 134
773 542 83 101 281
77 867 355 789 472
701 67 822 789 906
296 615 308 227 178
677 910 646 803 959
431 123 599 70 868
342 686 383 218 848
387 686 444 385 873
485 533 208 870 38
55 215 256 19 467
643 931 734 940 427
749 957 529 539 317
365 573 704 328 406
420 843 763 483 398
275 726 288 863 909
438 930 813 950 58
138 847 713 43 477
757 972 702 552 672
921 47 366 232 437
188 934 180 942 939
132 972 789 36 128
977 138 494 418 133
203 998 482 456 866
579 990 676 394 416
384 779 46 57 274
255 144 688 43 932
903 23 25 924 887
793 141 395 918 931
614 27 85 383 636
171 817 479 314 715
744 722 17 163 923
268 16 616 452 292
213 931 838 63 822
315 69 133 358 570
897 438 12 57 992
255 353 11 283 432
806 776 554 1 253
824 204 493 307 402
25 222 973 820 918
442 135 641 925 344
582 342 694 24 917
719 41 335 216 62
88 268 946 340 184
633 182 562 299 312
407 746 773 736 856
858 498 412 532 690
513 205 298 439 942
528 858 485 996 191
665 327 465 365 847
475 638 836 853 363
407 324 961 213 172
461 377 38 181 439
148 960 479 390 240
424 463 79 291 567
172 59 49 209 675
263 569 702 402 988
137 956 291 881 272
253 147 305 84 238
751 103 74 393 631
485 215 68 245 417
561 264 136 88 354
669 589 121 945 928
333 18 581 584 280
432 282 994 246 497
621 321 997 508 40
90 8 658 624 241
116 575 653 361 140
965 455 642 772 747
407 688 980 144 552
288 127 314 267 26
347 657 55 702 4
725 94 802 58 466
929 507 28 105 955
492 902 603 720 80
541 301 203 170 837
71 683 717 341 219
428 808 161 316 330
322 676 136 602 234
495 544 282 675 265
520 361 220 260 743
467 285 713 503 481
86 453 418 519 255
600 411 562 51 551
449 772 596 729 867
569 757 522 468 616
995 26 476 803 998
376 862 120 424 216
2 117 777 495 694
831 741 482 555 383
922 972 683 429 771
603 914 277 417 571
270 499 491 523 419
922 16 703 648 154
541 553 217 656 21
544 716 347 4 179
374 207 151 743 735
476 464 320 373 941
244 53 787 980 340
748 30 57 198 582
681 344 401 356 276
609 150 339 544 841
303 788 304 469 171
852 855 717 27 705
163 824 768 312 102
501 290 712 959 550
589 574 621 540 225
211 525 881 958 786
125 535 330 409 389
684 718 124 914 531
307 547 822 692 95
983 497 952 706 742
630 374 705 680 492
673 687 826 553 435
377 721 136 439 324
786 476 35 33 796
448 422 214 992 362
666 742 135 240 714
233 619 717 697 244
912 8 527 708 272
958 737 396 904 342
243 534 348 80 905
40 644 598 37 42
716 186 944 468 484
331 560 544 623 656
642 342 154 951 61
802 621 831 823 291
535 526 691 160 283
158 951 743 431 269
859 312 552 682 326
273 674 879 113 804
443 586 944 111 999
972 277 648 493 442
292 18 880 592 438
245 643 54 114 806
956 991 535 152 222
686 40 619 623 772
107 925 930 435 664
578 401 684 355 281
96 901 996 352 112
405 568 129 967 607
110 628 448 387 570
118 230 247 786 262
304 663 813 940 532
538 122 942 63 30
546 239 619 771 718
249 386 484 868 162
743 310 186 263 347
762 535 19 940 865
392 16 133 520 21
186 291 722 398 583
282 481 126 709 460
521 518 65 271 397
213 165 529 613 692
503 668 403 469 108
600 341 565 832 825
934 335 339 905 280
648 647 224 356 507
740 424 684 271 191
108 169 478 826 785
543 729 810 439 323
681 90 885 458 251
23 57 494 313 578
872 116 906 69 359
950 574 134 894 405
247 37 682 762 840
299 100 741 849 219
715 251 413 175 587
380 972 819 568 349
386 148 83 309 279
988 207 360 69 808
222 549 740 585 879
293 286 538 503 232
858 739 283 439 969
490 173 306 550 426
498 185 391 753 164
83 972 937 856 371
647 917 429 412 200
496 336 160 127 136
270 474 929 270 93
310 617 229 564 522
683 197 630 900 505
638 112 459 778 920
400 505 565 739 227
476 763 366 643 370
948 508 184 245 858
861 114 881 581 33
257 964 267 991 499
885 823 379 753 19
317 461 713 608 333
308 924 846 271 572
237 444 898 516 245
218 901 167 837 938
687 989 494 119 565
696 488 232 929 684
731 261 479 855 237
271 458 380 62 294
787 534 962 300 952
616 663 963 307 466
129 433 207 695 895
726 996 71 897 288
347 965 787 516 405
89 152 954 260 213
867 285 177 312 134
789 955 444 833 520
298 138 381 782 351
663 544 15 629 898
478 752 776 26 461
802 813 315 221 349
904 664 272 822 938
493 27 363 368 928
959 384 119 165 905
790 1 290 343 981
154 324 871 54 774
110 483 89 460 391
281 151 212 151 86
303 225 428 172 197
489 403 922 295 769
484 536 320 596 265
13 566 817 705 393
306 857 97 807 266
241 967 559 459 249
32 800 512 849 48
540 929 633 246 590
32 812 176 34 505
452 705 236 775 602
612 201 662 683 226
971 50 536 677 498
671 913 226 223 44
136 493 695 999 84
85 556 139 799 995
303 882 333 48 611
204 473 696 235 470
294 818 641 154 536
884 340 505 566 913
641 84 780 470 838
135 972 360 957 535
243 569 23 975 284
149 71 974 890 989
562 596 6 142 152
623 444 939 117 219
308 160 843 111 85
273 395 566 342 760
658 920 948 948 569
208 626 43 551 624
173 326 402 429 308
393 988 356 749 523
884 501 531 800 685
642 871 458 954 167
171 728 799 938 355
396 820 745 802 260
686 357 393 692 76
859 101 158 803 220
227 933 455 973 377
643 60 223 706 325
272 814 153 462 276
295 254 739 151 72
153 903 950 699 28
977 762 855 591 550
106 678 891 559 918
429 60 816 696 255
732 483 994 499 886
864 564 106 158 413
747 949 768 75 262
917 211 791 615 589
898 186 925 781 498
650 747 789 923 636
334 852 427 953 934
417 35 30 739 78
496 592 393 355 440
893 506 440 875 636
943 565 683 685 260
474 650 291 752 54
684 821 590 16 279
682 248 904 633 401
239 122 319 435 154
349 26 328 251 573
790 946 599 784 995
712 76 122 164 542
43 481 939 511 199
364 118 210 493 918
699 29 318 815 31
971 264 219 857 17
651 471 810 186 636
288 586 848 661 746
67 712 236 758 243
370 201 181 996 337
97 764 188 190 897
247 2 609 642 40
798 286 925 627 225
585 453 620 572 614
903 800 1 182 791
371 315 846 289 799
2 959 34 680 484
315 957 754 592 562
150 604 438 119 977
667 537 457 475 999
663 518 369 886 834
861 989 87 172 958
604 955 871 243 583
501 208 54 763 916
535 424 202 570 203
646 625 788 648 239
989 210 965 280 874
371 199 89 670 813
991 103 178 201 418
763 498 857 658 467
134 261 10 635 110
76 33 72 763 219
266 48 205 192 131
97 145 373 210 830
765 796 946 842 172
967 133 210 397 749
144 889 199 262 5
707 339 238 710 617
4 205 292 146 304
115 872 151 629 283
699 847 796 270 17
415 741 169 855 181
318 59 488 886 570
754 513 82 677 928
458 758 664 687 139
651 889 732 307 155
618 999 963 809 792
399 461 547 66 821
584 729 360 37 344
838 569 394 596 672
304 53 832 957 947
180 156 953 129 404
391 765 218 885 416
36 626 413 681 695
58 154 41 636 392
97 387 800 637 322
824 96 299 580 526
129 692 210 650 358
709 4 966 286 682
97 2 671 823 576
950 895 951 793 724
833 538 569 201 581
727 466 204 603 173
567 616 204 431 155
852 920 29 269 652
550 157 444 303 4
930 998 18 859 214
641 997 67 682 1
339 397 683 775 277
451 389 802 452 684
168 551 703 813 296
170 424 981 980 703
576 698 399 740 274
17 993 92 634 881
