1000 3000
92 956
874 962
477 342
850 242
842 765
940 713
449 152
393 772
639 735
146 66
672 187
47 876
942 74
45 379
549 128
264 86
580 850
381 84
598 876
963 998
250 206
914 865
47 826
613 259
884 673
828 483
743 375
6 206
893 580
589 608
170 764
690 912
25 713
538 599
13 640
633 849
177 994
878 532
373 459
151 434
770 24
991 410
825 636
532 276
286 260
150 68
211 677
622 910
210 450
195 187
202 50
866 779
615 993
199 556
819 909
95 385
761 340
712 38
107 228
523 771
786 780
641 264
623 249
724 256
120 795
591 321
533 202
753 875
595 434
173 334
592 479
149 377
896 541
697 120
368 622
723 22
25 170
973 724
176 242
669 304
475 782
967 497
726 944
155 705
118 384
25 757
790 992
26 546
113 843
881 896
271 970
882 227
371 296
450 999
524 703
512 740
499 113
186 466
852 268
250 639
457 736
370 271
627 650
285 435
386 830
361 165
831 408
370 994
464 84
537 129
676 824
781 732
151 254
344 309
408 686
293 291
850 219
824 812
672 172
495 764
428 918
927 215
953 824
795 876
911 296
929 716
64 316
620 249
665 36
393 289
170 926
548 77
274 393
627 877
381 726
839 127
455 819
534 127
125 251
379 529
58 291
714 381
399 805
950 507
703 122
286 535
874 628
128 662
208 418
484 450
329 696
973 753
650 150
827 5
491 703
588 248
287 797
676 7
819 130
235 57
506 10
134 895
536 416
688 277
638 287
490 538
677 378
937 285
471 821
848 208
778 181
733 738
414 69
992 496
810 652
785 627
210 27
441 8
363 131
661 331
514 54
206 477
242 356
780 537
572 578
636 657
604 366
439 646
297 965
605 776
749 105
922 818
758 869
176 770
381 827
325 408
293 913
583 325
422 358
629 197
882 995
87 992
935 152
337 957
991 708
780 336
828 746
277 638
832 760
2 870
500 777
738 195
167 582
573 391
505 632
156 826
833 18
562 412
628 188
675 831
823 586
779 616
663 511
331 39
78 292
975 20
521 166
268 557
600 151
216 854
901 107
810 696
825 653
116 909
123 267
709 67
90 488
796 151
453 88
570 539
417 425
848 419
291 465
593 997
255 306
321 304
137 389
654 414
993 742
197 196
284 932
8 873
128 596
415 197
520 310
797 373
969 648
68 364
620 521
171 660
70 265
551 661
556 608
760 765
978 956
950 545
22 942
451 866
705 463
682 572
70 295
889 643
894 583
475 103
362 240
537 97
947 147
34 638
695 802
512 708
924 334
982 251
906 507
999 534
860 473
39 346
664 309
736 94
551 383
374 675
31 133
308 37
295 136
595 667
674 533
607 308
711 214
757 867
624 282
850 772
139 611
926 847
214 366
841 413
574 105
228 680
953 768
107 544
25 712
449 507
196 735
53 37
955 299
739 736
216 139
822 885
820 923
637 964
519 932
716 856
329 331
197 439
648 856
870 393
19 491
276 407
391 402
632 542
8 357
553 691
842 702
275 817
384 59
166 608
501 686
954 929
153 15
601 600
686 95
613 465
427 153
149 638
737 901
746 575
493 756
214 891
549 739
343 919
119 729
969 413
430 987
922 934
421 171
225 762
289 396
897 47
371 978
371 265
299 119
266 833
467 928
203 985
739 538
244 415
744 247
660 336
699 717
300 655
711 953
708 390
803 888
57 836
473 78
870 375
797 626
912 116
794 674
927 877
394 67
737 474
789 524
17 595
820 667
385 213
869 272
227 131
922 377
278 167
325 861
38 545
303 973
485 167
538 856
490 798
923 510
895 368
444 535
279 662
192 845
175 671
945 943
45 730
695 192
286 553
561 871
428 911
241 392
560 603
35 171
388 701
318 499
565 544
478 858
79 568
801 11
57 735
25 80
890 651
57 37
588 609
12 253
55 632
690 99
490 447
356 683
814 97
690 419
211 323
323 132
511 602
749 837
652 210
397 626
186 917
834 673
765 897
13 909
560 125
547 526
473 596
774 753
887 755
41 796
306 968
451 133
834 540
797 211
970 618
391 661
518 808
664 234
715 310
637 649
582 829
364 785
255 122
601 339
423 466
953 215
865 80
69 165
997 253
521 774
258 351
534 25
397 861
612 609
109 458
228 343
617 209
813 741
892 736
653 771
399 47
667 869
984 970
354 900
114 333
153 844
845 673
625 230
31 940
558 671
467 821
98 929
161 520
150 936
214 326
410 135
486 106
239 468
839 287
522 74
992 398
508 190
601 22
665 780
21 396
270 434
549 286
62 245
567 507
286 899
903 886
695 193
748 738
380 942
847 391
221 559
599 853
292 564
713 17
694 619
966 70
635 204
500 614
137 125
186 241
950 71
646 813
997 232
250 831
692 898
271 513
139 988
368 365
95 167
906 608
719 916
322 898
431 196
936 741
148 304
994 748
62 178
212 918
845 908
143 67
821 159
919 990
932 895
354 923
326 181
758 924
254 277
10 535
248 842
855 474
348 350
200 145
822 94
680 415
964 941
347 611
840 303
680 637
527 345
613 706
49 240
316 268
545 839
876 429
335 557
499 565
36 359
635 274
622 441
906 928
357 650
407 426
173 817
681 839
285 307
826 984
679 655
780 816
809 803
699 821
60 439
955 639
475 331
595 535
669 525
595 418
759 421
561 262
596 405
434 459
606 275
368 517
754 257
823 386
302 271
948 671
374 799
88 424
432 330
305 815
829 401
457 557
409 774
748 359
772 755
460 930
394 347
543 90
928 24
964 200
248 645
489 266
119 933
73 127
644 484
684 795
548 269
287 656
516 755
293 750
487 3
822 396
985 217
120 47
978 219
35 890
839 156
881 919
21 353
166 61
119 289
508 179
163 384
186 899
792 13
990 723
107 269
664 872
290 415
489 451
32 482
877 729
306 635
381 893
393 484
399 177
601 537
89 462
362 612
804 880
453 564
558 125
657 585
443 246
886 300
277 927
105 741
945 628
82 748
403 317
667 500
117 604
34 924
828 860
488 872
564 364
915 488
109 60
512 968
390 352
621 296
961 354
567 836
703 909
871 990
829 39
162 26
207 342
169 139
124 686
934 460
506 458
633 698
220 122
402 416
817 659
847 963
559 405
672 823
927 297
345 689
163 698
552 902
637 566
728 540
234 204
517 192
447 744
800 704
394 228
941 378
581 514
420 156
406 240
493 742
474 162
448 5
371 190
627 185
920 324
397 785
413 5
403 565
210 142
576 316
64 557
867 751
848 667
627 333
838 346
526 81
975 512
323 234
351 973
300 377
111 74
369 360
77 170
880 57
771 749
625 244
588 771
498 645
564 46
798 782
120 931
619 544
143 995
155 432
927 220
603 200
578 677
107 587
266 570
590 597
811 533
115 962
488 630
810 390
521 452
763 621
907 764
203 516
465 201
96 791
617 670
920 820
234 640
509 920
557 102
292 561
625 405
181 612
747 79
901 760
286 93
323 571
552 869
136 899
741 61
34 335
567 80
523 391
838 104
45 577
845 918
633 78
53 382
465 332
510 158
682 517
739 48
245 416
101 525
88 511
619 213
593 384
921 237
267 280
390 392
852 677
26 729
614 186
480 655
109 161
848 394
720 868
72 342
107 308
764 341
388 382
988 402
669 395
445 411
665 535
507 926
338 868
157 968
355 911
601 289
994 435
761 108
472 237
254 870
915 696
445 645
716 298
815 11
893 654
373 434
349 187
43 74
415 934
221 626
327 491
424 291
967 626
946 875
210 496
100 169
183 162
206 556
335 185
148 368
866 979
96 931
767 950
473 845
963 955
130 719
660 384
501 774
150 502
258 64
93 733
434 950
693 820
41 218
935 725
812 675
924 856
471 478
22 55
42 351
133 147
493 521
296 957
161 258
397 895
17 531
171 252
697 30
197 916
173 568
786 581
942 538
211 535
977 746
340 646
312 415
46 486
541 326
604 866
115 670
301 773
399 459
842 573
568 936
185 996
915 262
281 329
218 437
766 398
326 128
295 83
618 966
326 852
274 758
1000 679
548 347
190 936
117 520
91 664
575 302
415 971
114 51
700 528
633 261
975 895
622 343
352 943
144 108
565 957
548 858
92 179
490 496
664 480
970 643
94 709
23 397
617 584
938 408
138 956
258 841
116 305
666 832
559 784
619 47
395 41
684 298
304 600
287 502
523 102
223 316
75 108
295 439
485 877
92 596
885 836
941 347
278 740
185 595
852 847
314 706
415 481
929 701
179 925
291 620
838 632
66 50
146 709
551 980
524 25
366 904
275 609
842 888
285 448
603 119
286 356
46 107
427 483
692 483
918 587
700 515
418 663
389 846
306 345
799 283
437 36
786 876
69 929
898 682
160 437
505 221
270 216
941 683
37 89
844 622
537 928
260 259
807 924
8 263
140 294
56 485
666 214
304 615
75 669
428 889
201 619
634 668
101 313
977 505
822 401
649 43
708 581
259 331
53 205
361 350
888 286
417 594
153 231
31 945
293 381
457 773
974 434
966 324
425 753
601 590
93 125
835 541
455 322
63 547
900 172 263 890 483
374 561 347 823 291
787 775 308 306 601
392 690 102 775 712
86 10 331 646 289
132 90 153 680 523
973 818 989 683 464
427 923 93 210 310
862 664 850 504 245
52 41 223 795 649
163 873 131 746 82
183 621 296 226 25
861 835 720 980 238
380 293 991 337 498
7 623 286 792 749
651 558 492 226 353
453 747 724 503 352
639 51 61 730 900
46 898 153 885 594
315 326 561 770 253
632 139 482 153 589
618 599 386 911 271
992 426 71 795 737
681 443 494 394 50
458 496 984 2 598
503 164 799 233 905
893 999 471 520 82
572 430 420 895 72
771 215 549 570 874
617 463 227 889 718
840 740 25 626 669
743 422 605 895 849
761 785 942 357 85
326 106 280 490 543
679 779 48 255 988
588 858 390 538 195
925 770 363 190 780
715 192 362 443 649
843 352 99 413 62
874 684 42 521 103
460 643 857 723 479
44 564 18 233 153
21 938 246 399 863
244 836 177 754 530
105 676 120 393 912
921 942 514 228 486
218 590 310 529 438
324 889 552 948 236
841 541 999 224 434
953 144 808 984 311
392 477 645 469 143
752 287 521 879 55
710 38 582 18 37
345 517 608 814 46
528 81 553 262 913
810 77 646 551 393
303 557 277 632 577
78 226 989 675 765
734 540 531 116 250
470 958 354 163 165
807 288 515 885 113
875 482 799 289 184
190 282 502 521 585
415 139 849 785 727
69 707 648 726 818
468 588 635 389 635
641 799 846 291 28
883 846 297 508 814
580 603 990 561 883
644 687 687 113 996
551 195 236 627 11
496 921 511 271 6
835 836 549 934 62
987 49 781 865 771
783 725 702 125 36
141 511 238 907 445
31 423 950 307 399
203 347 689 531 121
821 413 99 352 88
702 962 629 215 862
670 216 266 276 180
268 752 109 970 222
963 470 143 984 709
234 631 641 72 629
463 135 4 426 813
39 447 757 539 743
178 778 595 297 188
151 559 547 385 594
793 93 643 874 910
1000 239 295 628 639
818 720 768 78 78
488 807 625 291 952
769 936 179 849 714
934 483 245 185 477
288 708 597 354 698
637 545 890 480 295
887 633 790 719 18
607 846 420 249 542
607 613 6 711 354
555 467 846 21 545
98 22 543 305 326
823 895 743 343 332
138 508 663 813 414
925 625 613 846 930
986 508 679 362 930
49 343 512 245 151
712 11 2 309 768
250 478 465 933 931
950 639 283 484 588
202 467 375 893 786
744 267 517 14 202
225 648 437 189 272
767 260 45 651 781
609 461 613 25 304
399 771 615 326 188
426 933 982 467 975
588 389 217 154 621
242 415 586 78 248
647 525 779 412 658
606 296 467 254 547
999 774 635 842 700
341 410 509 404 719
425 818 965 773 917
466 415 641 697 466
999 784 70 840 229
98 747 636 568 717
342 353 340 590 352
735 313 58 38 36
31 148 72 62 429
983 207 228 13 402
226 540 857 546 429
349 292 142 749 948
431 738 100 588 325
205 8 650 696 433
738 451 286 44 520
872 388 546 884 291
57 809 831 543 123
439 552 563 674 332
640 580 442 69 828
107 555 616 720 499
238 545 870 682 391
548 365 625 491 642
939 490 764 689 197
644 884 846 53 81
170 815 223 348 532
503 110 623 933 695
283 125 517 431 845
616 217 923 58 518
684 264 143 371 957
156 84 46 718 762
429 330 331 776 794
696 528 374 80 958
746 698 868 726 226
141 43 776 993 428
12 660 466 610 951
403 977 282 508 698
676 959 932 160 699
558 426 316 103 567
817 787 405 580 338
118 411 71 538 395
999 187 797 27 899
413 561 306 842 349
19 979 981 332 318
633 31 834 540 8
524 735 421 811 424
165 627 265 490 690
977 343 416 46 329
363 636 278 51 314
481 709 420 325 90
564 107 407 370 284
111 63 878 568 352
944 771 764 564 781
873 407 216 287 977
459 819 305 637 161
383 576 752 140 936
488 206 961 14 873
63 611 57 448 139
214 562 27 229 457
841 51 561 668 8
556 189 383 315 728
880 265 150 402 646
564 758 897 116 797
278 56 881 908 357
413 864 166 37 499
769 8 327 264 874
713 394 663 374 816
441 380 799 428 198
997 595 275 187 688
574 93 260 578 650
858 849 829 214 309
199 968 870 28 897
737 942 346 548 326
732 38 869 736 989
376 515 719 111 144
376 571 523 341 148
6 916 880 882 988
225 733 19 302 655
199 294 411 717 505
734 666 542 902 824
428 391 171 801 118
834 600 694 100 685
105 928 867 533 437
309 102 886 627 235
152 73 757 633 529
197 992 505 377 536
806 172 942 938 591
74 486 729 244 804
902 749 742 306 200
687 495 330 576 945
279 11 138 361 583
168 151 20 212 140
390 534 593 512 504
440 327 589 810 694
371 149 332 295 945
737 337 471 912 251
364 744 666 559 808
21 273 291 270 435
104 47 18 969 161
682 195 124 339 271
102 358 894 144 133
534 555 463 486 708
126 982 992 460 229
234 89 225 759 484
858 307 458 196 516
161 109 257 852 361
928 237 417 877 475
403 340 115 350 648
462 860 784 439 112
677 189 86 548 75
620 891 184 130 820
680 594 486 41 134
180 205 743 80 863
979 921 271 571 637
477 960 656 347 384
290 183 66 880 45
820 691 291 40 384
82 500 672 960 822
278 248 104 603 27
38 108 119 771 97
268 713 380 184 119
426 740 427 665 238
433 600 546 531 225
304 567 420 439 234
725 927 98 632 323
691 427 261 778 206
368 609 814 808 38
374 659 779 85 899
703 135 625 405 567
670 412 641 336 341
331 74 650 419 600
413 328 553 959 621
39 801 489 890 312
531 216 164 740 983
147 435 124 465 160
456 734 829 948 4
519 273 913 634 390
428 233 529 814 88
22 687 10 180 725
770 85 414 334 146
455 991 364 747 421
393 294 261 735 762
163 472 185 849 196
513 1000 249 17 138
579 535 212 623 982
157 72 292 987 619
832 169 605 674 645
286 571 578 926 879
964 1 373 999 33
769 940 797 974 74
218 207 96 207 343
553 722 522 840 94
282 899 229 160 189
879 897 99 198 874
684 265 806 385 998
162 220 546 462 417
330 717 986 299 555
25 971 182 721 7
163 898 543 806 291
244 975 127 2 637
588 678 492 823 655
635 929 857 368 968
681 108 414 579 37
652 85 222 641 758
520 445 189 113 161
837 380 740 892 845
824 454 745 686 782
659 646 985 891 344
378 673 445 502 875
125 521 84 375 419
184 545 153 275 976
631 616 866 309 497
66 652 746 983 74
948 744 169 973 357
380 503 981 593 200
952 148 775 269 701
56 900 256 726 338
128 965 808 140 405
58 548 898 829 900
401 610 606 333 201
528 364 252 903 356
97 287 481 50 555
90 153 189 87 721
693 72 411 923 756
258 939 103 306 707
399 710 163 966 421
8 502 747 251 679
292 878 511 664 346
669 707 889 9 151
972 945 815 448 247
324 648 223 810 161
965 397 778 431 786
796 540 107 316 689
749 752 250 581 796
410 731 822 754 999
358 312 828 936 562
953 257 665 909 968
790 696 246 117 221
181 697 648 947 550
961 803 335 773 841
561 171 647 1000 403
293 509 387 135 704
377 51 927 634 466
473 355 177 28 229
375 636 835 729 352
751 972 417 767 221
248 86 876 147 946
509 998 577 589 598
661 654 179 404 67
331 473 393 670 181
316 113 839 874 60
915 420 55 942 2
616 356 793 785 818
204 717 4 747 555
710 294 927 250 890
553 829 128 381 562
746 296 675 183 472
249 507 499 72 87
654 295 395 210 973
655 85 145 165 580
366 447 287 202 720
585 997 376 463 800
932 435 295 636 416
408 732 564 957 882
647 722 542 718 92
291 626 965 734 945
46 160 970 999 711
131 706 553 972 746
906 422 439 246 142
628 707 187 824 527
58 995 360 599 234
436 571 694 897 815
580 30 343 352 606
724 86 37 934 473
598 701 995 410 364
960 503 609 210 863
318 950 615 747 653
810 913 526 621 272
558 967 678 126 392
416 205 877 658 822
216 210 983 467 41
190 515 223 225 305
733 441 853 554 430
749 201 387 328 947
795 536 402 315 770
591 214 861 250 921
247 551 822 233 426
252 826 962 693 137
612 499 385 373 252
446 201 122 397 952
837 652 357 789 510
619 696 74 286 440
509 937 667 654 221
59 813 227 430 328
258 707 934 467 440
237 486 797 50 140
469 359 492 44 952
62 950 209 132 479
86 28 611 515 558
442 203 142 774 86
178 803 805 500 674
351 765 51 581 970
720 283 913 899 912
715 15 54 383 729
189 346 517 270 925
121 259 163 227 893
49 551 909 507 766
163 340 916 847 591
599 355 614 667 267
964 471 231 895 920
758 529 700 747 276
233 355 540 971 885
858 354 131 514 405
578 435 611 532 11
173 58 715 596 242
461 696 628 340 227
26 609 495 575 380
828 731 533 511 221
524 410 659 940 913
168 591 842 459 856
566 979 529 21 87
918 895 345 901 272
510 142 593 965 618
425 648 713 922 918
577 859 598 853 966
647 51 245 245 57
159 785 53 552 88
372 785 125 73 297
437 116 119 942 166
541 709 327 927 334
529 293 81 253 386
173 587 596 173 957
962 17 372 223 213
864 422 773 884 552
783 907 307 630 441
686 359 279 543 104
987 48 849 258 463
173 156 261 479 771
201 377 574 973 696
28 154 105 132 900
777 986 440 995 298
654 823 789 180 900
113 332 221 826 876
8 422 767 680 442
803 934 478 865 734
815 161 861 865 170
237 54 857 408 424
20 194 984 488 403
502 798 874 52 241
851 187 179 105 583
949 72 190 570 246
468 348 567 864 544
329 929 634 759 450
112 510 311 856 175
895 283 952 466 19
255 886 197 865 765
747 642 424 391 923
208 639 760 659 161
609 699 67 738 66
526 990 140 199 1000
41 793 509 13 292
657 542 422 47 86
343 709 370 382 204
147 186 401 738 336
610 360 524 303 526
599 503 274 157 992
213 154 47 713 757
797 291 641 738 835
117 664 410 613 132
551 258 426 235 861
262 516 13 910 641
674 848 512 528 343
341 268 476 946 504
615 880 832 998 667
78 575 794 242 320
581 847 5 826 133
275 934 809 937 413
972 974 716 574 829
332 75 296 152 64
35 295 529 94 563
36 776 577 105 296
659 543 944 306 391
51 378 669 460 634
576 945 344 747 9
700 677 853 12 388
156 316 533 77 966
186 692 169 163 432
167 199 992 484 869
123 169 337 268 877
124 703 780 425 914
706 818 128 938 388
129 621 306 30 346
543 485 679 647 236
553 905 39 195 720
537 746 520 518 947
524 103 143 235 494
938 647 261 340 965
123 799 153 519 338
868 880 140 595 107
984 659 516 983 339
500 785 737 885 45
840 163 818 581 482
177 558 138 801 483
325 568 728 3 608
779 305 652 71 767
720 754 279 259 239
389 868 170 939 746
817 998 269 264 815
577 96 372 632 257
34 42 913 20 678
762 723 935 666 946
752 679 285 213 698
679 662 725 272 841
317 958 420 544 53
245 270 90 9 597
708 461 559 532 970
257 614 107 458 149
627 780 354 926 587
847 474 28 449 664
319 158 817 578 416
737 997 305 660 267
451 877 297 151 75
434 455 660 431 615
478 894 727 981 950
520 657 573 261 30
358 910 946 692 626
318 438 762 492 481
640 59 356 242 72
921 303 823 574 538
300 375 995 251 894
187 421 331 861 285
207 470 761 415 711
672 604 294 652 817
144 130 430 917 434
625 888 445 644 28
918 536 67 261 910
203 416 974 868 318
136 598 195 572 119
742 154 373 766 368
834 170 753 506 792
327 535 575 343 122
736 187 859 410 44
640 925 262 238 549
597 34 374 870 865
334 561 982 960 293
25 328 646 948 537
299 638 412 682 199
104 138 467 300 899
190 965 633 339 950
317 643 415 305 855
540 523 506 395 292
121 874 416 219 955
549 209 839 616 654
542 64 286 213 660
591 24 752 562 851
53 648 451 124 342
91 836 294 527 817
880 22 350 866 70
398 840 912 585 364
240 782 906 766 541
1 575 529 582 838
364 494 63 561 989
35 217 331 159 625
218 965 566 520 264
408 144 705 512 336
710 460 86 189 853
558 379 551 351 549
491 825 936 207 601
653 369 530 472 510
632 66 163 8 371
114 626 163 331 716
545 821 824 417 351
683 729 217 558 832
495 515 955 730 895
45 97 422 909 978
865 895 867 360 183
672 257 92 753 954
278 357 647 342 763
870 8 404 310 816
260 910 963 714 486
164 321 442 845 278
769 843 724 735 531
435 225 394 290 516
780 74 557 215 873
447 27 300 822 412
813 905 635 843 477
171 655 835 507 512
663 493 863 116 263
994 383 644 678 869
910 592 452 357 258
225 496 907 292 85
938 312 376 88 974
240 88 549 418 344
608 460 142 121 437
90 580 124 736 776
793 240 300 141 525
102 30 522 323 691
538 651 977 651 819
361 230 495 588 710
725 747 231 784 866
864 150 882 891 814
575 249 448 265 315
904 42 573 609 324
655 101 186 212 229
118 223 868 718 716
942 321 40 274 375
793 982 142 166 337
27 807 627 179 140
222 749 807 875 715
172 646 662 710 979
197 782 264 790 136
697 874 889 326 328
459 802 933 266 125
672 362 888 208 478
972 290 908 405 231
215 959 264 879 616
14 963 825 144 111
47 239 217 968 894
446 811 5 41 325
370 891 57 268 211
667 25 885 200 34
457 324 355 885 504
752 278 34 94 524
527 233 446 991 739
935 449 521 476 888
163 777 391 227 383
155 302 662 905 698
964 391 972 539 239
616 182 528 268 241
845 246 592 873 284
993 360 597 696 870
244 461 872 905 953
501 956 741 309 822
630 504 761 501 295
865 107 66 945 113
818 859 254 763 610
880 856 182 357 69
694 254 947 187 268
740 510 38 947 586
661 930 848 96 522
744 22 494 422 349
637 138 611 964 457
640 303 698 385 622
493 285 652 40 780
899 666 433 145 452
2 843 579 331 503
789 384 312 693 495
452 113 353 722 1000
763 906 323 548 367
93 178 888 982 231
878 363 399 540 563
264 771 467 708 594
936 787 138 838 361
440 275 459 714 526
434 778 470 150 793
439 744 980 691 803
542 19 469 90 423
755 222 27 406 227
683 744 938 577 895
19 906 460 28 598
199 655 364 482 546
295 446 555 965 608
78 251 602 6 87
545 905 572 753 173
156 974 290 782 478
365 233 799 806 679
99 629 378 979 474
788 103 318 526 661
64 604 48 965 459
47 776 412 317 231
407 472 614 401 685
286 432 673 614 247
158 275 531 666 754
198 441 168 943 958
216 18 914 656 51
449 401 908 881 408
851 231 967 282 722
110 43 303 258 520
568 266 759 554 594
226 360 896 297 906
598 32 325 484 218
166 338 183 667 904
749 129 352 677 43
455 988 235 757 35
399 61 523 129 401
68 620 534 883 222
696 915 509 837 395
979 751 706 981 502
909 302 659 470 788
944 306 410 580 858
716 976 607 265 183
343 968 357 575 777
875 570 135 431 207
999 569 17 583 559
513 638 605 59 807
994 325 529 480 743
349 298 330 310 615
107 499 241 194 859
600 128 750 182 649
803 1000 305 78 230
312 509 281 356 191
48 545 698 432 94
121 380 423 130 985
62 793 38 741 531
543 621 604 287 945
218 668 915 416 800
756 553 622 531 47
157 564 881 992 460
229 417 719 500 367
636 844 393 915 616
421 416 825 675 673
841 372 294 891 278
423 660 134 198 522
779 304 855 736 281
994 796 472 724 194
81 560 843 14 911
968 302 552 632 210
692 191 410 513 591
465 564 801 514 531
625 540 72 83 470
651 321 202 230 175
891 509 115 131 490
413 407 901 776 921
502 922 592 268 97
980 878 406 834 791
54 289 498 465 10
465 280 822 82 943
673 50 504 206 406
296 776 437 229 416
89 638 912 841 251
480 229 157 626 188
665 184 784 882 686
270 977 91 836 536
658 801 206 772 98
179 538 976 718 767
21 804 207 221 959
445 691 482 837 290
350 738 188 615 793
748 171 736 233 242
770 888 739 638 937
23 977 801 649 859
133 710 556 543 518
266 873 132 353 644
313 364 129 760 195
229 631 829 420 790
812 163 871 132 58
134 156 104 320 923
301 965 713 271 509
101 798 664 930 813
649 404 519 36 809
637 690 882 990 98
267 944 782 496 704
705 780 985 628 361
820 584 471 836 829
54 390 485 519 318
162 41 36 547 701
626 596 604 667 370
3 166 351 658 775
70 963 590 513 567
996 184 281 92 507
604 705 731 588 954
302 259 156 389 528
201 194 311 984 420
125 213 265 755 773
971 712 684 732 38
820 366 167 424 587
844 275 66 964 7
371 571 628 767 643
798 30 940 276 278
157 467 4 164 303
800 776 208 123 579
158 338 522 434 983
770 495 789 368 871
369 759 558 230 596
225 935 194 171 507
762 562 82 664 801
10 464 339 213 119
208 508 416 425 420
344 481 327 402 981
299 308 143 137 870
564 975 997 633 737
259 28 590 660 460
148 750 102 521 614
663 802 868 449 503
543 833 977 327 312
786 250 717 934 369
808 147 526 38 54
473 826 664 973 342
236 875 152 698 752
607 574 528 449 79
432 494 364 544 678
557 143 365 33 758
115 61 411 769 115
643 169 996 869 688
349 465 660 992 521
31 808 597 631 522
919 251 358 699 977
695 491 110 253 82
188 173 140 349 841
192 972 77 594 366
771 165 604 205 284
725 480 131 383 956
337 448 956 624 316
755 117 447 420 797
550 618 418 321 578
95 697 231 72 393
153 921 642 394 262
252 340 90 868 74
684 128 136 585 28
511 897 121 109 109
616 611 493 506 663
282 693 604 107 946
671 14 613 836 14
521 254 255 441 767
135 224 7 578 599
751 572 850 376 297
493 381 690 399 47
214 267 846 827 864
194 80 464 404 193
613 408 398 458 523
851 932 97 487 714
842 83 44 511 251
160 473 952 280 742
586 886 354 125 398
291 107 455 869 981
71 681 673 776 684
860 120 157 985 907
719 617 340 801 878
1 266 407 579 602
658 5 930 203 277
947 841 534 337 101
508 736 123 959 673
156 841 640 398 501
278 600 248 983 631
206 371 638 225 19
248 584 832 148 187
754 362 585 660 661
512 883 544 244 325
179 175 228 733 300
952 779 343 835 588
796 342 236 416 85
99 628 604 913 359
598 866 386 999 578
716 848 440 797 208
580 238 737 963 644
652 323 673 442 829
5 848 957 618 967
338 716 40 284 814
579 11 180 20 3
823 60 529 841 857
316 227 708 521 807
780 842 29 336 965
215 46 184 82 839
131 77 980 524 25
901 988 283 809 613
493 454 570 505 804
61 716 685 89 680
379 377 410 767 29
324 649 489 132 610
316 984 159 206 537
347 956 56 75 433
534 861 356 762 974
898 215 168 839 546
680 366 52 780 243
208 250 761 505 311
801 459 787 678 535
608 905 414 13 801
348 26 942 899 251
88 345 114 97 535
35 494 761 931 216
165 65 825 653 942
972 574 827 837 447
890 739 199 994 515
177 805 158 189 960
291 134 599 849 646
624 965 402 944 41
692 565 56 694 132
851 130 373 577 915
366 687 430 8 556
872 547 239 845 383
289 521 582 78 670
470 628 423 769 147
703 502 633 430 815
200 647 989 993 604
224 866 389 555 376
114 58 319 248 83
736 919 404 434 76
557 431 123 508 415
280 815 702 35 762
191 43 112 426 257
919 411 849 664 669
440 948 892 376 338
163 657 152 843 724
595 900 180 962 148
784 184 83 751 98
10 912 945 787 53
345 567 759 580 148
718 354 630 570 62
94 587 946 445 318
793 893 682 1000 762
798 708 829 601 584
529 896 745 701 530
946 216 424 65 972
761 967 12 347 196
133 703 432 15 660
788 426 297 753 426
814 16 155 857 331
286 627 652 867 812
486 675 652 197 485
231 459 714 764 938
867 291 796 405 136
512 617 573 540 164
734 927 810 565 959
770 635 864 259 560
698 760 423 467 378
888 272 654 236 823
246 104 544 771 380
649 652 342 218 208
248 171 251 140 611
698 713 919 510 503
734 245 650 725 597
962 967 898 32 698
709 174 164 182 741
267 175 484 190 177
970 235 777 99 701
96 546 329 146 646
389 426 974 651 139
443 500 443 140 214
445 649 434 89 100
444 620 335 156 467
336 287 100 273 73
110 863 826 667 715
213 966 642 394 232
74 971 960 362 140
623 578 602 795 334
480 740 700 572 370
159 65 352 47 219
801 301 285 349 363
176 982 887 655 641
470 651 221 542 106
524 689 67 968 680
423 142 121 772 986
891 702 774 841 169
220 862 659 512 916
491 462 854 113 135
12 321 171 959 711
69 193 695 568 504
348 557 968 922 455
32 839 177 384 339
37 139 393 51 823
61 438 345 430 394
12 204 581 88 942
365 61 984 813 209
516 939 641 27 399
108 113 562 117 954
995 559 592 720 327
600 455 169 83 627
741 877 259 740 726
162 951 585 96 214
332 572 904 805 599
781 567 666 598 373
300 329 982 699 726
126 822 779 848 812
83 240 560 237 548
437 997 696 797 336
965 327 168 802 556
270 824 357 184 132
391 990 178 224 643
526 338 455 834 5
227 973 297 112 565
199 377 290 938 895
40 246 317 65 954
908 719 239 991 196
483 144 822 254 617
279 867 690 203 205
464 481 806 832 370
580 66 823 12 483
240 445 704 168 649
281 499 806 412 335
547 866 680 808 355
781 771 613 569 47
530 908 905 463 415
992 953 192 235 860
434 89 768 815 596
972 597 257 206 242
735 545 814 654 357
52 735 157 313 747
812 551 384 661 975
199 291 791 220 497
819 942 949 126 795
794 329 574 131 85
751 184 378 553 250
993 157 521 133 414
375 553 649 377 796
893 355 794 752 624
685 397 977 117 242
559 547 619 714 297
699 453 650 462 495
933 258 357 704 739
980 287 553 419 526
188 760 955 832 781
687 411 258 133 726
494 771 313 813 436
837 117 12 519 789
785 274 20 174 334
566 738 973 117 59
556 715 892 5 816
999 600 854 421 904
33 336 852 953 544
275 148 71 932 513
37 863 482 864 202
900 164 602 644 111
203 869 292 211 771
336 259 549 551 488
671 109 436 975 23
747 329 622 418 870
384 548 416 288 502
572 651 732 770 813
323 593 720 469 856
103 226 148 72 32
919 243 607 666 625
461 497 942 737 593
281 107 570 242 761
743 717 586 425 655
943 381 509 928 415
670 300 862 888 520
685 577 220 717 706
999 955 915 983 874
765 10 623 514 675
898 826 313 279 901
698 25 793 961 988
255 178 423 790 311
359 849 494 288 682
105 774 15 810 715
846 49 151 163 61
986 265 648 549 123
631 617 14 4 144
473 488 338 535 671
479 602 269 578 151
10 524 718 618 183
347 780 321 316 199
736 270 709 488 732
179 858 747 584 189
225 568 718 460 404
372 636 47 683 197
121 120 368 620 453
389 745 81 16 15
18 128 558 902 402
292 10 953 545 853
797 569 499 697 226
830 157 626 199 296
657 105 779 67 877
725 20 462 898 809
132 997 241 956 908
1 337 866 936 717
247 810 142 220 321
720 62 572 733 949
195 453 199 43 579
404 363 373 834 673
578 376 419 841 559
323 972 771 77 527
351 210 555 770 179
851 940 562 420 158
868 352 339 215 663
158 766 646 28 53
219 889 986 180 321
207 733 55 259 710
314 198 309 38 216
959 844 571 422 159
621 339 588 372 204
223 424 165 283 178
584 949 960 710 686
36 892 645 716 615
103 401 674 13 185
965 748 687 404 626
219 719 131 882 811
488 58 103 618 333
173 53 388 238 286
267 925 511 782 302
215 311 960 229 448
433 503 835 130 767
858 987 619 865 795
486 187 249 568 907
609 668 838 956 189
825 420 147 482 304
415 41 877 246 293
980 673 380 660 714
534 609 982 692 471
11 168 263 659 144
22 452 570 347 613
274 160 806 983 605
725 707 696 740 345
336 847 312 258 709
435 205 682 486 720
976 908 471 671 195
50 2 214 965 733
114 117 364 156 871
220 140 377 85 352
609 383 176 990 126
181 954 432 33 604
728 36 890 69 97
67 315 653 693 546
893 60 540 118 450
178 236 122 682 381
659 345 976 66 807
577 293 967 338 273
657 167 319 252 112
258 72 82 917 850
792 605 267 168 115
420 464 887 710 26
121 162 958 873 539
369 669 966 213 288
662 651 606 27 956
691 985 236 989 401
748 274 359 590 874
80 284 717 60 592
929 804 806 666 456
841 542 676 807 668
168 987 42 504 631
941 994 491 519 120
856 539 101 954 136
784 129 761 191 477
366 249 999 68 623
425 580 251 576 919
644 237 917 666 700
631 955 716 483 213
353 817 641 20 394
402 287 640 474 929
178 848 174 303 889
326 838 38 181 527
395 158 899 802 789
698 695 668 664 232
98 527 291 569 768
273 752 252 833 651
753 375 826 260 638
544 784 196 910 563
200 148 202 645 336
148 164 458 647 75
64 40 51 8 751
237 507 179 116 378
27 79 3 860 174
198 771 707 307 314
158 720 662 226 430
880 499 389 672 458
419 22 706 51 211
256 106 207 970 907
77 379 418 379 276
869 440 711 11 349
952 789 703 451 607
39 29 21 111 784
677 64 858 659 932
403 883 501 310 542
648 655 342 395 372
831 548 731 319 244
762 509 592 17 46
645 819 723 789 611
360 301 74 125 517
130 452 779 786 482
190 2 736 874 172
356 871 656 868 684
814 613 39 702 936
9 993 992 314 319
223 283 768 169 220
426 469 119 601 682
270 983 983 761 978
577 530 129 96 68
298 376 838 757 302
265 497 623 234 250
996 251 484 30 74
601 621 124 12 120
842 666 58 881 616
964 721 789 808 196
137 999 127 278 535
483 468 407 573 854
52 238 478 487 872
678 832 264 44 286
568 56 152 618 637
73 287 722 66 626
788 757 51 765 2
529 209 109 288 134
843 13 223 517 262
586 732 16 63 457
317 208 149 797 506
457 398 827 136 32
129 172 514 662 149
76 164 311 363 665
156 117 456 15 467
338 65 49 131 156
563 990 928 138 265
459 695 174 922 646
86 15 500 817 64
175 922 286 740 452
447 638 956 184 855
763 3 902 150 415
59 581 255 817 906
836 674 97 61 948
179 554 757 934 696
722 840 52 290 648
418 360 634 298 587
294 479 58 422 17
734 248 949 165 436
977 271 189 90 688
654 170 838 333 282
232 65 416 633 206
338 213 344 152 686
427 363 874 789 717
169 181 503 177 40
592 972 605 770 125
22 601 159 673 115
382 928 382 348 318
504 265 577 142 138
292 550 870 149 258
523 910 333 759 853
394 35 325 838 640
822 402 242 158 287
935 394 734 927 910
701 850 114 194 539
224 898 743 772 477
253 385 320 804 676
368 309 532 129 930
837 746 205 193 510
92 765 69 155 194
106 857 453 305 262
187 345 771 538 714
84 393 127 878 101
645 501 74 704 416
416 708 527 500 535
457 64 907 572 660
497 418 61 592 817
860 419 45 728 373
927 767 348 977 524
414 107 142 633 160
222 138 693 825 616
570 811 910 192 202
781 747 653 853 830
281 475 398 311 258
815 288 173 191 811
287 274 254 201 39
270 620 217 689 70
753 655 340 145 349
116 145 448 832 139
215 357 196 312 494
392 127 246 620 278
373 543 715 624 906
649 167 426 290 971
87 796 868 885 813
90 79 83 926 638
804 1000 469 377 520
884 161 141 336 622
697 62 906 418 400
301 920 145 386 275
350 736 773 928 718
966 568 524 227 284
372 518 352 21 677
10 744 658 202 238
322 11 263 173 742
317 920 23 48 905
431 742 219 185 441
581 386 146 529 604
424 279 221 741 860
865 773 696 454 399
550 315 692 689 523
570 788 197 68 33
474 492 963 28 71
924 792 621 618 188
238 937 789 214 375
744 187 160 186 306
798 544 900 337 70
23 354 558 94 718
261 632 178 332 789
43 916 804 357 379
887 426 918 931 591
771 584 473 6 677
933 294 578 807 346
397 862 464 409 285
669 388 35 594 204
381 263 476 901 906
162 485 589 851 823
479 190 390 693 500
560 78 961 40 462
13 681 563 728 862
481 432 856 755 65
395 699 49 247 296
348 577 740 144 174
311 944 618 160 477
819 426 934 257 480
718 643 796 780 425
105 833 202 791 65
931 434 852 21 276
457 448 689 80 291
460 469 134 703 576
162 845 78 954 226
194 845 813 920 960
994 120 833 958 515
19 64 404 945 851
921 483 56 856 630
121 492 68 753 433
859 737 436 173 598
909 882 711 866 264
224 447 925 521 540
387 794 260 467 679
422 644 606 435 535
640 573 600 159 574
554 796 699 814 276
794 222 660 404 315
78 690 586 32 515
311 823 104 436 224
59 870 215 483 921
613 168 813 905 408
753 352 225 888 583
742 64 428 155 707
836 463 354 930 664
80 395 621 609 499
582 176 753 129 856
177 761 616 973 273
875 184 232 777 899
127 386 577 823 208
825 433 521 102 587
541 899 19 951 70
899 689 938 622 233
989 791 559 957 838
84 497 244 301 213
195 341 444 80 883
7 340 47 905 80
900 649 452 911 181
263 506 796 822 293
178 450 43 162 369
36 663 174 130 974
981 693 874 966 783
35 226 329 972 944
420 289 282 455 760
679 480 71 749 899
834 784 230 902 661
483 295 986 736 676
604 614 412 174 79
915 477 26 411 82
345 468 241 138 411
524 122 914 75 625
702 497 198 421 662
408 964 543 258 929
747 641 421 525 86
406 187 766 652 140
862 549 773 184 674
328 256 775 759 775
197 925 58 283 548
266 693 469 3 606
61 747 288 98 784
427 565 882 834 597
15 734 608 569 292
422 331 840 69 581
561 911 863 267 774
125 429 274 131 824
747 791 55 850 223
158 234 516 344 440
780 755 956 43 229
46 531 831 603 917
832 457 5 491 438
605 920 470 537 168
39 250 960 910 99
162 656 284 493 29
790 955 920 664 142
925 654 662 867 468
503 464 616 304 816
498 828 234 918 859
796 757 700 976 25
562 185 558 498 677
712 744 434 193 207
426 990 460 266 483
472 440 879 615 638
397 166 436 609 283
449 901 938 340 671
723 927 602 969 813
918 234 634 970 548
303 631 461 536 71
681 940 313 60 241
563 531 264 633 233
61 304 50 423 874
820 8 444 657 827
544 593 503 488 604
179 81 385 637 149
702 780 808 429 402
818 759 108 869 342
176 224 872 225 560
578 173 992 710 436
277 570 60 57 375
89 395 82 362 420
516 63 941 464 55
48 771 431 832 337
412 565 753 475 499
676 891 533 631 516
361 754 316 21 370
548 750 571 280 748
958 14 517 16 29
248 123 730 235 979
157 294 83 716 962
233 258 679 4 468
137 167 559 945 827
957 922 818 186 137
596 882 96 114 621
910 822 8 851 973
808 364 742 75 980
387 254 359 729 10
514 650 747 497 59
533 669 112 902 259
999 755 374 663 793
806 99 119 899 320
805 981 248 936 65
670 863 150 350 735
791 973 581 533 349
92 610 599 564 550
434 905 863 494 478
292 211 574 816 73
28 109 856 884 210
629 62 867 254 119
323 598 902 655 268
344 775 860 678 695
540 440 495 469 317
307 412 388 90 280
718 912 905 239 536
996 995 215 224 652
731 293 791 896 596
4 723 155 833 619
529 928 583 270 701
202 42 435 522 876
244 14 481 94 974
678 970 236 571 429
229 500 977 861 461
653 962 270 63 182
298 495 582 280 51
67 193 286 998 953
888 165 911 8 641
792 429 127 333 538
104 638 270 895 733
132 50 370 115 310
863 497 442 380 371
813 760 555 498 596
597 36 753 710 751
145 785 570 141 662
931 170 553 906 689
841 332 905 408 538
555 11 836 180 693
649 912 188 11 720
546 286 126 260 189
142 19 808 548 530
961 631 88 166 547
575 736 918 408 224
794 312 352 566 394
647 829 327 517 479
383 121 247 108 82
734 877 755 384 133
545 318 510 288 353
91 331 382 954 742
146 985 408 233 656
526 800 758 142 979
623 724 777 3 660
499 595 955 644 875
529 971 900 729 351
214 691 526 491 753
344 633 59 626 850
974 948 166 926 169
918 245 129 438 144
467 463 43 176 621
612 408 702 51 403
791 540 24 42 257
536 768 871 979 201
370 610 263 32 134
545 953 1000 341 422
989 48 80 901 865
592 933 161 196 44
194 495 368 863 170
755 144 285 635 10
402 987 984 461 152
946 137 502 765 169
853 493 644 407 264
314 470 516 185 257
551 458 584 321 89
46 211 656 186 407
552 517 781 788 336
76 22 703 375 251
8 430 521 169 998
239 205 476 830 318
849 613 215 221 74
700 131 349 323 153
516 723 196 208 967
59 241 706 647 232
584 50 864 62 540
419 311 226 43 7
416 441 195 534 539
579 309 831 425 81
344 477 351 964 871
902 78 480 923 864
859 345 664 202 397
374 714 449 786 412
607 277 887 160 700
720 948 839 899 700
228 618 588 232 393
328 201 690 830 303
556 453 469 398 186
920 667 627 452 461
930 571 602 407 441
64 326 416 659 225
768 46 159 936 587
133 66 812 268 578
444 379 292 94 347
907 713 540 823 819
623 624 40 814 327
944 258 883 231 171
794 135 462 935 725
794 42 137 304 244
865 220 73 121 200
123 905 747 368 574
547 179 625 971 179
890 460 615 788 681
619 69 137 232 344
665 28 942 545 88
600 236 522 784 791
765 989 679 586 340
395 944 943 66 7
317 305 801 550 783
224 653 204 240 914
284 861 65 679 92
116 146 639 844 153
918 354 90 456 743
725 168 587 115 546
544 452 141 213 389
646 489 179 661 118
627 32 232 8 907
790 863 691 88 540
361 24 607 553 736
705 260 828 24 83
123 119 923 577 543
30 955 167 783 107
134 119 685 387 774
19 566 313 200 649
312 541 510 819 995
957 796 485 818 913
966 42 341 651 529
599 504 854 114 733
189 585 74 77 921
893 474 65 965 53
685 34 690 633 139
688 975 664 335 623
277 585 284 779 451
447 107 664 955 974
314 294 759 269 371
342 157 831 330 470
766 756 736 480 814
726 821 56 259 318
904 877 903 105 692
120 36 29 129 219
484 769 455 628 451
332 502 174 738 306
348 329 667 659 927
298 280 422 342 412
418 974 663 185 999
667 554 896 665 168
814 269 693 286 308
312 731 536 591 868
606 893 642 314 289
462 211 116 26 313
867 199 540 83 741
91 407 588 299 425
908 852 954 69 924
825 943 887 647 825
353 472 257 579 99
43 31 989 1000 766
542 92 370 178 820
230 799 130 611 972
75 531 337 216 196
213 494 208 843 57
113 148 560 731 6
785 788 153 604 563
240 661 827 965 172
374 452 915 863 550
811 365 193 943 787
29 54 486 849 895
767 756 580 859 203
33 181 483 153 125
339 657 109 609 492
655 783 93 752 828
13 345 377 84 624
21 420 177 195 82
946 751 916 486 828
443 532 584 467 809
130 362 668 60 140
986 320 140 783 683
504 890 672 630 113
766 221 846 396 759
768 531 177 22 25
509 949 364 902 542
465 211 69 89 997
60 103 399 549 584
196 861 611 421 867
241 662 405 969 27
497 11 406 374 596
834 168 707 157 194
82 106 539 420 999
808 888 370 415 336
925 525 394 408 894
150 379 547 71 595
235 998 928 248 332
458 186 396 119 787
92 546 510 922 887
157 740 15 285 686
410 417 485 307 47
148 868 747 640 221
229 838 436 603 444
908 828 82 540 942
160 532 950 275 234
268 677 915 855 733
106 211 131 509 713
131 776 994 233 242
203 858 917 13 471
772 505 930 248 97
421 517 224 274 617
630 24 827 260 545
110 713 604 947 897
765 170 641 617 212
825 813 750 31 532
14 547 62 163 384
28 864 322 189 627
85 165 561 747 795
100 649 129 549 767
535 714 293 931 249
822 554 675 702 981
11 256 39 665 386
731 339 201 894 360
562 77 939 786 918
879 995 291 774 44
458 971 666 29 431
798 792 660 213 480
438 104 969 263 182
405 666 19 608 688
276 796 52 720 933
813 908 788 936 302
378 882 75 749 726
419 824 647 652 931
641 519 335 570 475
123 204 979 913 801
301 206 660 846 675
61 488 710 999 369
111 804 897 11 165
722 891 803 474 877
417 346 718 908 350
19 134 227 665 962
219 707 394 473 66
94 241 499 17 106
261 224 511 645 889
888 308 979 215 839
777 893 181 411 463
341 824 454 188 745
690 260 232 136 585
188 914 439 698 828
224 413 349 316 420
870 784 214 551 455
136 725 998 66 996
336 926 629 359 258
209 351 962 675 749
226 109 417 355 911
193 310 190 318 180
578 372 393 24 656
777 886 340 162 420
425 366 793 704 194
413 438 380 947 852
58 399 17 458 866
940 236 519 774 412
510 730 186 318 186
799 118 588 359 627
764 889 721 672 154
892 244 878 830 985
852 718 407 664 191
256 771 181 277 374
318 358 739 415 285
418 956 532 86 277
530 73 517 362 585
386 925 58 602 890
43 455 899 731 985
84 57 696 789 693
540 387 100 147 471
303 655 459 310 777
417 949 570 57 222
887 19 889 85 349
556 66 275 926 438
450 438 411 25 243
343 355 729 518 338
286 339 674 4 737
833 479 491 821 806
174 783 930 779 769
451 801 31 424 649
739 265 983 336 45
910 264 294 207 521
126 324 669 544 734
443 30 614 466 956
421 18 184 871 503
461 863 961 867 237
460 422 211 275 55
857 469 299 94 8
747 113 244 991 131
957 107 887 172 515
221 241 339 946 277
140 179 932 254 738
583 429 602 563 22
169 780 776 824 536
652 772 749 506 647
740 824 886 203 513
837 683 636 591 70
811 964 897 515 708
965 527 406 915 468
293 587 342 880 892
494 365 452 925 209
265 564 541 969 241
861 570 479 639 97
768 610 888 569 846
288 234 67 216 998
518 820 163 555 342
240 51 183 855 183
558 114 743 224 726
271 599 271 704 665
435 207 513 33 379
866 808 183 126 537
461 411 20 224 955
225 783 852 871 186
22 277 306 456 895
745 925 183 106 275
312 248 305 614 992
990 367 174 715 479
260 186 180 629 232
562 527 879 95 958
818 789 975 339 35
247 196 621 509 440
243 199 309 323 234
659 394 784 189 132
979 288 927 502 100
801 768 290 417 691
755 775 757 465 571
969 496 987 900 358
413 132 502 409 52
505 930 129 462 600
461 69 959 71 854
227 522 449 759 334
593 92 620 235 963
216 749 606 504 447
235 363 804 729 831
798 963 60 479 601
133 677 181 374 54
658 387 892 195 753
122 125 464 716 382
913 419 38 730 100
168 911 921 681 560
356 395 668 818 492
589 263 536 193 694
955 456 608 787 290
89 628 929 760 752
84 81 194 161 531
348 220 548 136 8
115 348 605 722 908
691 329 243 729 507
421 404 918 991 980
636 384 705 254 619
536 266 943 950 825
541 909 199 154 715
482 949 377 47 675
536 231 258 153 790
578 74 370 849 896
521 63 938 505 656
273 502 678 777 159
216 71 568 835 225
984 967 200 757 628
620 12 675 148 53
348 872 106 988 299
688 259 414 956 600
995 702 244 822 910
965 553 915 898 869
428 874 822 494 839
811 361 954 317 241
347 793 906 536 761
56 869 434 465 735
703 22 717 302 175
273 694 448 770 992
544 516 989 993 97
245 258 55 200 32
819 542 649 481 803
135 320 968 255 784
786 584 267 905 813
100 965 832 23 392
754 30 810 668 656
750 228 579 534 108
52 406 406 585 839
891 139 482 221 943
128 755 440 730 472
30 256 410 486 494
30 350 252 777 104
283 558 555 794 592
354 228 952 678 853
243 331 239 304 831
194 663 985 926 73
903 376 317 31 909
369 719 830 762 195
856 947 967 590 777
377 945 907 531 599
222 295 461 362 677
87 615 769 575 349
475 7 903 588 25
774 441 214 639 494
707 577 765 653 284
177 716 557 759 880
817 814 134 955 896
107 829 704 744 73
970 386 134 665 625
917 379 764 706 271
955 231 852 635 107
418 368 423 606 920
829 155 290 6 29
117 863 254 798 782
305 34 689 577 640
303 855 369 17 379
224 572 304 910 842
932 200 834 210 819
333 341 888 961 107
515 501 659 271 453
425 797 40 18 594
96 746 92 468 248
346 51 173 869 538
523 763 566 208 340
419 568 665 652 289
953 889 658 361 742
926 386 915 206 814
866 900 510 268 647
836 891 769 63 133
864 747 66 532 398
373 436 795 490 323
123 927 613 376 976
437 453 957 364 860
930 885 30 218 921
888 312 994 174 481
820 701 775 292 557
546 30 57 37 966
223 562 825 740 202
237 193 498 349 267
207 501 823 200 825
194 995 505 94 700
822 858 435 158 498
464 879 803 489 631
810 422 322 303 720
233 162 193 75 905
115 727 851 912 980
562 812 962 625 302
281 133 177 659 818
700 546 425 612 848
643 781 652 259 561
585 593 355 291 726
753 992 964 363 542
308 910 213 728 525
254 858 19 709 207
416 697 723 428 854
864 457 396 339 563
141 484 355 648 208
925 411 447 944 21
847 653 184 781 626
475 174 961 267 706
233 760 653 570 222
942 761 498 911 737
461 17 132 239 151
495 912 501 906 952
600 670 226 993 386
878 412 135 562 325
765 79 951 714 520
300 634 785 635 675
787 799 568 498 444
662 246 595 540 199
983 187 44 74 250
142 51 846 695 793
97 946 508 546 784
192 786 1000 66 63
104 774 895 531 972
670 479 198 133 289
736 791 612 366 634
547 350 760 935 478
763 206 525 806 699
328 19 331 455 451
960 320 476 922 696
93 734 447 869 805
769 685 91 347 884
925 983 592 759 771
292 416 255 174 424
168 43 619 998 75
999 409 795 57 827
196 425 398 890 830
834 952 488 69 827
712 203 911 859 354
655 756 796 740 195
348 695 185 394 747
509 463 146 431 769
659 250 958 532 708
673 387 210 181 598
437 636 740 826 742
472 930 300 225 582
953 314 45 145 393
259 740 429 928 199
135 438 858 605 367
165 332 961 467 870
998 910 932 72 396
662 699 549 578 557
9 919 342 183 850
238 822 606 803 13
829 420 141 655 855
794 190 878 752 811
934 690 700 688 826
891 186 356 983 657
327 724 397 947 491
692 522 728 631 646
117 152 993 261 159
21 268 544 1000 987
124 107 346 754 220
159 84 370 49 542
408 75 807 433 978
634 970 704 396 906
48 868 13 78 412
16 779 207 293 31
264 322 518 812 989
161 262 129 36 171
241 137 587 427 391
238 846 505 354 418
494 558 863 130 904
816 200 615 279 62
15 710 606 226 710
25 922 964 533 423
420 572 178 375 353
860 465 252 870 90
437 639 56 782 639
602 630 550 864 77
692 971 978 449 27
688 565 484 593 91
911 243 850 214 156
275 82 869 716 325
200 48 558 310 50
761 383 767 553 298
324 480 945 804 978
231 228 665 402 28
987 95 308 639 941
217 907 280 551 574
470 384 130 301 764
597 277 700 558 311
688 604 1 397 77
554 408 149 765 633
990 948 655 441 929
409 924 622 573 627
562 379 547 906 876
93 324 520 651 821
277 679 186 197 843
852 153 85 312 628
411 380 609 682 913
746 876 613 500 807
1000 245 345 551 689
99 443 917 617 926
904 979 738 35 723
42 732 708 962 781
347 253 626 98 904
461 517 716 685 202
516 463 646 651 51
460 75 121 798 324
169 365 640 249 556
801 78 592 58 451
20 440 730 193 454
332 226 505 971 885
721 13 462 816 668
286 672 868 522 273
474 654 495 653 779
394 29 159 13 632
293 78 140 745 751
423 59 632 984 5
893 87 565 668 113
970 379 128 374 448
703 715 423 84 713
118 674 881 914 214
680 720 411 270 596
279 626 852 41 857
45 928 13 115 802
416 333 976 815 267
658 431 41 474 354
629 182 13 643 639
342 594 840 108 128
48 856 103 467 898
278 496 514 308 960
262 132 244 14 849
965 487 770 791 331
752 668 409 312 855
555 63 691 981 154
580 305 497 775 69
933 231 922 218 585
853 981 560 671 168
398 253 961 444 891
856 504 915 481 549
476 162 446 907 91
946 83 532 606 120
686 942 994 939 856
346 299 513 682 722
621 996 601 766 191
87 252 794 667 242
656 617 833 948 443
58 801 991 303 551
840 22 93 599 942
386 217 83 562 632
3 176 383 837 230
910 976 533 972 737
92 342 693 889 513
591 663 790 667 532
262 115 496 57 670
341 756 644 718 661
896 952 772 311 855
924 344 488 1000 166
257 120 588 281 403
242 40 849 59 529
677 118 473 762 322
311 131 243 980 239
409 141 519 658 52
500 309 831 193 23
136 751 783 828 539
787 169 212 15 77
567 497 130 384 791
93 728 407 694 463
694 844 495 164 650
768 337 369 929 672
266 390 82 243 952
985 136 683 224 37
712 632 456 699 633
899 942 274 92 852
403 155 17 104 82
177 792 883 254 467
977 47 658 150 115
998 286 366 927 423
937 162 699 627 708
720 681 439 70 367
861 511 350 69 305
520 302 482 224 764
814 533 972 915 821
70 635 477 847 591
876 271 682 274 940
815 340 956 961 24
970 837 743 558 738
235 733 325 513 123
406 85 620 685 858
684 285 142 142 693
62 453 618 478 726
133 955 811 732 355
585 227 68 919 82
576 199 33 253 173
107 683 360 92 364
444 790 684 254 299
841 620 14 157 289
573 265 256 790 737
115 321 830 203 865
909 66 213 216 500
191 603 295 16 522
400 593 94 773 882
991 595 258 464 804
134 763 671 162 140
788 301 368 993 793
837 550 114 125 919
170 649 111 112 850
82 273 575 662 448
798 872 512 330 360
266 759 153 790 664
806 407 206 50 260
5 222 645 330 240
812 514 558 747 269
232 747 988 546 530
806 603 138 54 588
913 549 299 186 91
471 750 623 537 908
447 858 220 44 571
707 207 90 37 800
809 669 663 981 868
465 549 189 13 792
834 619 386 442 255
762 790 859 67 133
773 701 340 549 141
10 745 168 772 663
634 503 547 325 340
812 835 526 969 95
591 369 85 244 491
360 71 433 930 542
326 37 931 493 410
751 1000 400 480 247
165 405 347 749 570
390 29 836 820 994
707 439 537 689 391
742 788 648 683 342
711 282 402 33 521
104 857 748 974 929
784 868 347 871 330
364 112 958 235 825
211 31 206 867 920
733 645 837 633 215
300 335 267 617 397
886 51 449 272 813
887 457 563 165 641
637 319 309 345 21
476 352 922 128 792
673 796 57 950 876
943 468 452 155 13
397 109 309 14 86
375 745 268 644 172
905 47 686 150 344
567 316 627 271 64
288 496 751 424 91
212 571 523 732 229
260 148 640 822 839
370 383 691 311 606
304 808 343 552 850
46 929 703 107 730
797 204 416 43 239
628 245 818 812 655
533 80 718 188 402
38 932 22 772 481
13 580 47 797 755
732 91 826 684 761
668 490 420 362 225
738 313 200 39 142
982 927 629 939 414
549 299 129 634 389
852 686 38 713 545
235 456 127 987 364
649 583 300 288 543
63 912 207 508 301
604 159 328 892 568
205 357 132 638 175
562 219 437 510 870
232 520 576 20 283
536 982 836 928 655
50 444 300 898 385
562 567 202 538 901
633 634 50 602 524
582 986 250 7 53
647 280 564 290 947
365 152 901 784 650
830 834 992 602 727
275 312 450 701 867
43 36 858 797 261
677 358 121 832 700
101 826 8 266 632
995 327 416 691 98
228 349 663 921 225
398 974 184 224 275
827 258 170 902 1
224 711 887 786 492
12 999 9 763 765
186 464 43 283 540
682 795 553 862 627
506 898 841 234 905
772 335 509 358 663
80 406 792 897 732
759 528 78 367 496
480 867 620 938 666
72 473 68 154 501
832 222 945 633 949
563 21 666 209 701
109 749 473 674 834
778 458 716 30 205
890 313 161 140 191
720 188 340 642 262
502 951 473 679 787
531 255 66 505 642
831 28 644 907 824
958 542 788 361 258
362 799 56 22 678
775 191 350 220 904
719 583 551 684 22
573 255 735 556 880
922 3 374 445 520
559 439 87 211 201
44 908 61 264 747
181 644 555 645 793
715 527 3 894 624
60 316 969 30 56
551 994 427 657 11
348 656 397 825 208
322 795 131 236 349
98 582 300 163 350
473 705 494 609 466
128 908 16 107 878
559 709 681 922 855
787 842 590 822 907
699 424 715 454 192
878 319 512 464 906
460 639 752 658 996
181 143 251 842 726
242 845 838 708 625
145 487 792 580 393
583 529 480 51 102
214 645 66 841 744
685 700 62 2 792
221 414 248 373 914
85 833 501 670 178
271 547 92 387 173
57 412 288 618 139
630 784 715 477 5
249 810 286 603 668
894 424 480 547 636
430 606 436 362 20
125 787 103 781 628
213 274 715 911 824
72 35 602 576 169
450 638 285 64 118
258 15 717 128 594
272 944 208 599 780
350 366 638 802 808
254 687 195 110 206
936 327 259 494 803
969 790 817 635 796
454 392 462 922 596
56 945 102 65 733
917 848 592 922 387
426 922 550 492 429
613 617 419 246 641
104 613 883 664 19
560 738 128 757 531
824 403 97 840 686
763 291 611 549 294
886 317 218 730 797
744 996 376 371 113
537 689 885 832 451
168 679 8 760 238
668 21 332 864 248
657 557 659 157 423
558 470 608 326 108
5 213 177 9 785
31 534 638 77 288
865 135 533 216 254
91 291 828 28 93
605 904 820 560 622
563 756 802 186 764
933 510 312 759 852
157 757 74 707 78
437 449 955 515 19
591 509 984 718 892
789 833 229 380 467
883 426 463 985 981
833 250 69 245 488
646 141 752 814 718
758 799 21 884 859
102 78 419 734 34
553 205 297 481 296
567 711 171 409 253
329 358 544 563 490
277 154 543 439 883
851 198 822 88 521
391 646 306 511 459
279 415 428 141 987
92 23 959 500 641
98 805 86 26 661
221 925 926 995 631
264 190 866 854 989
125 735 480 559 634
223 72 908 649 953
854 651 74 653 393
604 80 973 539 748
986 92 819 654 768
942 448 818 92 558
993 98 29 236 117
80 469 532 754 653
913 596 289 83 857
204 474 544 417 694
245 73 580 756 95
565 680 314 567 509
320 548 993 793 256
823 137 393 675 113
450 832 647 796 790
429 556 716 977 3
866 132 920 729 476
406 633 904 775 152
157 716 346 163 122
31 545 914 36 224
682 508 584 869 246
179 934 227 609 281
855 116 302 787 274
989 134 720 967 915
223 725 852 532 1000
493 798 94 747 91
719 394 904 677 249
930 696 350 112 809
808 291 50 79 444
242 172 2 816 324
454 541 634 574 865
881 804 295 750 844
906 713 313 50 931
356 711 983 14 273
324 934 144 995 83
756 625 23 591 163
455 860 636 855 871
139 274 903 914 773
401 697 94 361 580
499 145 656 555 546
681 388 607 751 393
611 724 909 688 805
437 566 984 295 179
941 193 334 120 874
991 367 354 786 87
711 618 94 730 10
923 576 361 176 634
570 894 152 782 260
718 232 291 713 112
661 698 861 752 280
51 813 904 11 19
625 603 442 357 362
155 88 600 32 369
123 251 373 96 351
752 694 463 812 220
415 432 857 750 622
16 107 621 274 701
923 851 378 192 480
385 2 580 1000 685
994 796 102 999 6
541 926 722 63 896
562 249 848 953 442
474 926 613 853 481
740 61 349 227 199
544 447 456 553 221
775 236 224 229 468
61 486 544 672 964
395 471 216 520 18
79 629 901 943 504
962 851 16 13 517
925 738 368 258 572
544 547 663 458 204
932 874 205 289 805
978 926 946 579 794
235 978 839 29 673
870 353 331 391 762
786 397 979 885 442
587 780 160 375 79
892 523 583 747 961
877 817 403 36 452
112 972 776 392 570
886 310 973 872 169
962 727 570 607 335
303 494 310 856 744
299 521 395 264 19
795 963 551 456 43
1 567 685 487 691
938 300 809 583 426
48 780 554 673 434
756 237 131 637 935
980 348 687 482 320
838 571 627 962 666
649 273 967 135 13
740 188 344 796 519
385 190 968 294 265
489 443 535 900 967
647 379 309 355 984
312 41 169 616 932
578 892 327 933 405
688 74 856 367 442
761 185 628 288 812
555 636 205 411 310
685 53 684 280 92
145 83 971 591 829
915 807 299 688 724
616 105 1 708 85
262 557 792 36 26
511 569 465 495 764
274 752 798 178 946
323 809 624 330 351
451 116 65 12 411
981 620 149 266 724
822 449 904 118 361
529 317 816 7 538
815 331 705 895 487
638 842 29 837 387
377 905 537 564 259
377 711 504 760 396
98 439 136 819 160
851 506 251 747 144
655 767 379 473 782
770 820 353 99 361
697 818 793 353 960
182 517 373 760 957
518 213 953 20 258
998 204 602 193 724
738 336 866 906 712
510 757 10 905 521
463 187 225 248 533
30 891 200 830 409
986 239 696 417 102
692 994 824 467 874
124 238 475 682 82
144 685 909 230 945
250 290 938 628 86
197 953 348 763 779
748 19 129 676 615
998 429 728 98 759
743 824 99 629 708
912 191 937 838 321
117 702 681 106 206
265 486 213 571 666
376 912 390 485 801
786 319 492 377 916
802 999 921 52 598
733 246 278 669 156
908 463 653 746 379
864 680 775 203 923
676 30 306 213 138
366 967 138 103 954
757 437 746 359 969
420 914 44 41 985
741 942 80 387 161
667 911 587 74 708
559 996 449 5 975
867 74 756 218 822
18 944 488 872 847
873 417 430 16 495
838 713 76 473 726
925 763 288 524 168
880 169 114 224 244
155 845 478 7 993
998 352 65 462 7
46 735 663 293 300
890 662 505 963 819
727 349 266 541 717
708 754 929 739 369
868 613 448 462 879
193 885 423 21 845
597 121 328 877 711
269 730 538 47 681
706 213 682 660 185
469 984 606 460 975
371 734 49 402 833
964 57 279 756 817
396 490 890 329 28
874 806 868 321 921
268 609 790 547 981
601 165 437 962 244
796 910 764 458 224
278 153 783 914 151
998 375 41 600 283
408 277 340 948 576
850 714 415 154 638
284 630 38 848 433
122 394 272 423 691
756 224 554 851 887
751 759 434 583 233
909 426 244 213 252
11 161 259 900 563
779 627 549 893 198
371 786 859 426 768
860 780 637 837 913
438 850 325 390 939
97 98 905 510 834
782 148 791 498 493
47 165 653 386 653
354 975 101 58 802
397 440 544 831 985
344 927 559 185 745
775 388 14 202 470
261 885 267 728 313
232 924 33 412 99
348 570 725 504 604
292 456 463 610 492
626 311 582 886 714
556 962 197 420 979
987 457 61 272 382
409 557 367 668 578
24 431 285 622 98
800 269 150 906 298
242 172 690 518 949
11 723 512 732 526
775 415 83 3 236
403 979 161 707 525
806 229 683 686 832
231 459 178 873 470
795 604 704 977 599
414 792 909 216 556
310 640 277 667 923
556 306 165 409 102
949 316 869 893 667
591 775 227 239 199
521 406 410 805 666
422 915 683 389 815
847 777 688 305 135
602 518 288 500 852
929 865 121 180 99
165 135 612 743 801
160 958 337 748 278
570 25 248 957 268
624 847 39 531 903
669 16 227 144 580
313 833 396 610 275
368 586 389 670 686
418 472 751 424 880
110 358 489 566 899
631 650 871 871 721
523 551 64 505 107
186 386 573 171 433
366 361 696 326 369
482 290 637 762 24
97 324 119 18 691
241 278 681 524 18
877 48 442 126 200
573 927 284 559 685
756 953 543 938 551
380 732 714 929 82
913 793 59 230 247
109 814 155 276 24
623 351 731 394 120
380 716 759 448 522
347 489 795 399 300
959 425 952 464 564
218 870 397 594 343
475 78 981 593 391
106 365 152 819 34
677 307 777 952 626
316 74 308 481 415
893 180 310 192 71
93 842 147 735 164
640 633 128 748 614
856 408 22 391 71
789 125 103 449 632
854 113 561 606 322
892 539 812 1 45
427 827 264 473 724
778 637 812 988 653
597 855 461 63 491
96 723 965 23 742
629 515 203 732 110
641 883 159 315 322
769 604 987 866 355
837 501 239 877 633
365 479 176 309 289
796 11 701 680 161
662 418 88 654 646
112 335 179 539 13
673 233 607 688 982
723 884 859 188 893
843 592 552 102 613
498 618 690 441 454
614 771 788 704 226
849 908 98 965 390
59 70 47 197 215
960 456 338 246 542
892 713 683 22 727
713 714 814 543 630
383 371 428 599 348
502 136 358 370 283
517 350 797 108 338
138 124 12 46 204
969 141 474 841 438
497 936 721 167 425
703 43 651 11 989
377 114 372 562 534
490 624 32 3 57
373 298 251 53 73
464 829 441 468 548
893 170 357 140 571
136 218 91 5 875
308 162 487 965 377
657 389 286 684 269
368 701 712 159 985
658 126 849 535 439
528 310 915 192 605
702 246 91 843 211
260 969 648 394 540
958 16 617 373 574
385 319 496 432 302
540 698 338 669 211
988 263 712 405 728
829 552 818 602 438
50 942 644 655 761
571 317 488 818 435
221 968 204 442 464
219 265 200 364 392
608 402 982 550 819
949 110 37 163 815
947 675 459 509 32
93 140 342 56 20
789 600 9 432 827
511 554 459 854 814
672 330 973 46 23
70 240 408 623 887
780 131 484 872 953
664 395 477 435 211
82 149 945 366 864
571 228 103 376 631
557 743 882 751 581
863 704 186 119 247
236 6 994 455 19
327 840 922 607 301
291 88 413 2 690
33 559 474 217 695
239 575 907 33 175
600 272 570 814 780
507 607 919 763 395
922 832 807 34 562
529 816 184 866 586
36 842 262 811 106
22 478 235 844 547
694 634 661 951 670
332 933 106 46 711
84 2 660 203 392
57 703 484 6 89
59 528 783 775 648
343 430 411 732 150
781 236 45 760 831
234 209 717 437 185
902 322 769 49 132
291 293 152 605 477
337 519 676 351 406
218 377 125 929 738
554 309 29 582 943
330 288 467 967 167
719 647 434 664 365
668 173 543 697 674
764 15 247 297 102
695 301 109 454 301
454 997 680 291 222
338 215 262 728 911
821 10 146 892 866
884 463 1000 988 27
889 399 643 37 866
368 653 415 124 375
333 155 922 358 485
835 904 889 836 263
796 112 991 454 189
773 477 374 635 317
126 652 817 883 140
699 784 785 456 598
536 344 71 619 854
342 828 45 784 461
790 70 853 84 869
871 229 189 502 73
469 270 515 287 99
533 736 394 919 66
856 515 1 568 186
668 971 195 790 935
744 765 658 311 652
626 199 968 277 373
581 74 787 586 430
225 565 855 959 812
613 708 978 126 886
496 742 896 354 823
951 723 750 501 999
428 588 271 906 499
550 330 853 669 58
971 366 577 171 130
270 373 176 341 380
218 911 956 30 695
956 530 558 79 286
728 92 237 955 749
21 150 725 960 257
790 483 562 612 151
701 915 300 579 901
868 655 198 170 358
263 59 373 220 760
957 916 793 902 75
694 459 630 98 658
817 55 400 936 372
902 888 68 306 546
784 397 620 156 642
266 427 855 11 522
894 619 872 130 94
620 201 296 554 918
635 460 705 38 94
771 302 890 446 442
926 971 629 102 885
37 42 408 272 968
814 432 425 264 25
976 910 74 661 670
996 479 605 259 321
348 731 738 752 420
74 407 434 954 880
719 39 67 169 491
781 431 395 164 282
380 928 156 605 557
53 91 987 815 800
332 864 957 979 335
654 428 431 95 581
649 103 847 464 961
49 148 656 320 928
827 103 465 545 407
606 630 295 1000 73
48 362 640 847 7
329 859 46 218 296
674 76 716 148 65
966 728 387 282 465
556 760 313 554 836
189 853 73 397 184
474 119 403 519 218
152 48 438 17 317
642 751 264 165 657
712 207 939 357 459
103 758 551 306 530
934 434 76 593 812
207 988 197 923 360
727 897 831 326 845
957 689 347 782 606
284 687 166 371 828
24 493 617 799 496
357 901 566 475 506
884 944 379 643 494
736 994 917 353 461
689 878 309 969 847
892 305 345 527 945
247 856 607 888 152
200 411 78 62 866
434 874 440 382 415
982 427 1000 143 64
498 521 32 51 107
740 783 818 347 641
190 532 461 72 52
852 140 369 183 113
777 3 666 898 376
678 679 26 39 301
317 359 459 272 476
134 959 557 196 12
616 273 873 480 534
438 735 848 286 153
957 58 270 712 967
532 372 247 289 742
624 518 64 987 717
178 609 872 22 191
12 136 630 838 977
164 743 758 430 427
798 647 728 941 205
181 842 488 61 641
336 894 445 981 765
140 454 709 869 712
482 417 85 145 295
967 765 981 798 447
994 909 79 909 916
449 259 897 494 931
518 451 687 128 563
702 367 504 933 42
535 530 173 589 14
857 621 778 909 582
581 895 671 580 243
499 483 561 936 600
616 635 698 632 319
726 21 652 18 977
814 117 927 612 351
647 374 762 521 512
781 493 361 270 813
948 119 528 769 439
776 679 295 1 506
190 684 951 40 816
693 436 277 36 128
36 944 318 994 852
48 516 549 48 549
756 596 451 341 765
505 490 523 510 203
337 303 414 147 749
656 6 236 592 58
679 953 318 423 466
657 291 61 11 418
482 326 678 492 544
673 415 512 862 939
285 859 558 758 260
694 887 376 913 188
289 986 990 772 925
364 932 176 878 124
879 685 138 15 493
498 913 72 906 10
139 408 586 538 548
797 327 365 724 917
445 975 46 17 735
340 511 449 894 712
800 122 895 701 912
665 123 737 892 124
660 582 923 538 939
952 171 553 698 348
533 554 105 15 924
225 243 747 590 410
717 58 831 311 514
373 321 412 858 964
776 262 228 366 109
119 811 130 70 21
239 624 517 764 42
256 313 791 179 67
372 692 209 437 992
824 819 239 827 645
247 840 382 784 229
73 95 569 923 846
380 887 99 67 445
642 401 487 773 58
678 665 551 412 654
444 584 982 685 68
52 762 419 882 275
295 230 984 516 493
52 180 740 852 398
34 136 77 599 13
870 452 55 738 957
874 75 404 838 693
467 758 469 374 758
145 249 940 637 740
50 277 921 110 997
49 476 108 8 894
911 337 231 723 28
625 846 242 555 527
602 752 359 566 831
395 669 927 592 68
516 405 406 804 147
375 256 997 470 293
156 496 871 695 681
84 108 386 418 461
759 674 673 287 85
983 320 157 28 249
360 615 141 327 169
822 703 889 442 128
393 377 102 457 372
69 526 296 125 574
748 180 927 637 535
745 47 766 529 263
472 283 599 357 897
132 185 583 625 994
254 468 336 280 149
142 141 257 859 748
745 393 276 741 468
147 40 416 171 352
226 653 587 614 244
32 267 89 319 227
987 21 339 615 205
172 847 317 78 112
4 990 794 1000 128
76 918 121 535 588
493 361 429 324 2
454 782 932 31 937
239 818 311 627 613
10 954 798 827 732
970 494 594 885 298
813 62 104 707 66
102 559 570 537 83
531 357 999 337 635
674 783 176 534 456
343 860 87 914 284
546 577 116 65 488
613 928 998 263 744
973 743 711 495 323
762 299 357 203 204
613 867 372 68 677
461 123 166 804 483
835 351 544 928 165
108 500 153 537 799
974 105 823 81 51
484 840 908 371 907
920 420 447 445 170
755 505 726 214 766
670 335 660 83 30
276 899 394 832 609
62 616 125 186 891
598 730 988 95 404
858 389 608 688 306
196 320 954 960 28
522 279 203 800 419
291 199 847 88 381
162 375 62 925 533
754 156 623 140 534
795 5 403 495 954
626 494 288 792 609
32 8 283 720 662
56 752 946 765 199
727 934 217 974 808
857 191 34 415 424
652 535 969 174 188
250 635 659 134 760
824 381 330 480 67
456 230 247 775 160
463 84 594 350 976
446 231 525 565 98
255 768 682 553 371
159 568 220 664 85
334 883 295 140 303
868 998 655 964 727
295 859 308 10 53
871 546 321 161 303
362 185 833 546 266
119 382 304 535 608
236 964 741 304 639
310 70 373 451 538
461 646 111 371 728
885 970 155 727 873
822 415 426 779 876
238 150 618 87 233
310 852 97 322 407
275 651 802 862 921
16 298 187 957 896
872 101 100 291 972
168 23 988 482 118
20 718 615 634 782
989 963 7 617 381
380 724 919 704 868
495 77 950 6 102
971 15 248 375 896
910 592 186 566 406
308 233 249 671 795
565 776 659 172 977
358 950 946 575 900
964 926 428 187 451
65 807 196 413 865
868 256 945 989 11
853 89 633 733 196
428 238 402 252 30
990 410 937 460 476
139 397 24 624 960
363 954 302 387 180
43 205 554 253 405
995 560 593 819 591
494 701 550 487 605
140 473 778 480 839
535 842 147 135 945
300 400 349 792 246
345 971 162 873 731
367 116 666 997 219
528 701 435 344 646
27 149 361 628 488
909 481 718 641 489
861 909 579 649 762
759 637 533 351 611
298 971 259 280 133
502 526 435 399 65
10 925 903 123 26
5 410 713 672 19
885 461 266 326 770
196 819 311 13 54
179 127 960 711 327
942 621 205 412 60
87 693 180 395 90
735 554 553 828 363
616 144 76 677 958
335 516 885 757 48
739 846 23 891 751
456 199 927 871 79
52 421 81 142 309
245 553 695 328 987
366 606 380 493 449
69 323 407 968 407
130 309 82 583 145
896 132 674 307 324
411 559 593 576 733
156 190 381 809 884
138 384 250 627 63
552 431 871 8 382
990 751 926 621 546
164 517 860 381 375
915 791 464 916 239
998 451 799 194 393
140 926 569 510 455
488 204 792 63 425
955 518 788 753 934
965 609 487 119 196
714 960 421 343 296
461 348 467 75 175
348 791 8 598 410
82 819 993 134 341
989 283 368 532 475
901 512 22 556 565
513 320 362 104 755
945 620 524 442 395
641 811 244 434 477
644 549 761 197 35
809 983 440 39 55
329 308 886 15 571
726 259 880 194 578
427 200 654 100 133
362 924 117 976 774
154 864 1 85 746
535 678 174 131 636
747 444 27 218 718
537 240 987 259 607
518 145 147 770 418
188 446 544 880 747
636 443 158 631 383
417 4 128 906 113
254 91 434 404 600
83 348 127 249 422
341 899 685 822 467
442 612 261 411 46
358 776 399 967 581
202 569 963 533 368
614 741 758 148 711
731 677 188 39 261
547 438 74 803 331
399 956 433 391 221
996 594 724 207 24
450 492 787 171 295
3 30 942 802 554
523 885 634 40 855
420 230 555 596 613
675 370 526 79 580
965 942 166 919 850
323 97 768 798 220
660 545 901 8 222
47 164 768 381 990
810 296 240 346 467
489 310 518 243 746
486 411 125 763 53
743 70 780 84 294
995 772 999 771 235
274 417 855 904 389
917 951 740 257 203
280 458 809 932 69
581 347 223 340 32
385 477 502 650 55
724 275 298 826 309
384 997 76 980 189
2 93 132 676 135
276 454 888 917 346
421 911 390 885 665
418 355 642 762 432
281 85 740 793 107
516 751 327 345 561
359 835 641 208 843
702 668 797 411 792
577 563 934 125 353
930 120 824 106 925
412 542 511 322 732
757 670 38 307 257
97 178 122 195 906
536 316 767 43 118
297 300 503 76 637
546 60 476 670 500
443 850 234 819 754
245 265 65 725 767
806 38 861 516 7
