1000 3000
956 15
30 837
622 165
927 730
480 62
733 50
603 436
799 247
613 707
606 251
417 290
238 999
392 784
695 717
32 161
277 567
772 465
309 313
716 111
610 884
126 278
582 125
629 344
396 222
929 364
918 332
823 826
786 425
539 220
515 418
955 223
5 163
446 378
536 401
548 255
673 752
479 344
221 687
899 747
88 137
642 464
622 805
532 251
663 432
885 990
600 993
686 521
935 333
824 204
455 197
343 483
966 549
180 443
115 774
829 749
467 934
681 584
557 686
806 308
701 884
766 789
591 394
66 556
565 55
613 412
930 709
636 91
303 323
492 16
77 715
148 92
397 926
829 92
381 511
992 846
236 709
910 337
711 253
710 314
589 904
442 805
248 161
811 16
5 185
911 62
278 982
359 931
245 185
334 683
172 960
975 656
339 740
46 148
842 187
546 115
511 520
177 133
514 993
28 370
128 849
861 606
541 800
815 752
812 920
604 470
596 233
421 635
283 567
525 987
214 258
278 918
269 911
305 708
185 861
224 136
999 626
159 392
505 839
642 292
939 937
280 196
435 674
73 855
148 688
163 649
181 747
995 396
70 917
779 635
138 869
182 707
380 356
84 27
235 988
514 854
967 110
857 790
361 915
755 795
446 125
937 948
213 151
488 557
857 674
709 738
72 105
231 114
301 783
76 536
611 352
183 918
443 605
64 275
168 732
532 39
729 272
750 492
903 180
934 584
311 454
673 936
338 338
242 30
835 715
272 574
169 714
711 142
950 264
19 164
694 654
82 117
516 351
970 378
426 460
516 69
616 825
871 101
103 86
399 71
718 793
967 982
28 841
940 516
503 918
76 225
509 655
864 426
65 420
590 494
384 134
498 478
460 491
733 899
728 782
198 188
958 719
153 927
198 719
21 744
159 839
979 785
691 161
875 545
134 366
833 519
959 794
688 680
962 917
85 320
621 843
680 45
66 334
983 834
805 547
419 403
710 522
630 428
513 346
965 151
756 677
83 622
920 479
207 725
820 237
215 540
846 668
660 412
59 7
839 151
330 973
677 941
916 137
167 764
62 300
989 871
626 673
117 762
995 679
718 765
160 348
801 600
819 336
338 694
153 240
964 581
140 92
811 749
576 915
350 422
852 94
116 199
250 738
709 692
424 633
429 360
383 51
989 723
75 145
387 246
836 835
827 389
189 986
757 91
156 384
937 61
441 247
361 39
634 856
262 652
638 493
397 13
857 673
82 999
271 374
326 521
332 958
294 326
84 950
156 409
694 208
546 358
814 265
980 705
451 379
637 905
654 163
685 564
453 909
313 465
415 214
219 922
601 611
460 937
784 192
263 476
663 884
24 20
307 867
77 610
181 187
92 275
609 763
437 798
317 521
609 955
171 611
443 951
106 857
46 557
834 209
111 551
807 434
612 773
840 685
301 117
272 528
114 843
524 557
342 371
23 636
58 861
19 956
685 520
48 591
234 243
202 639
275 456
606 555
13 369
988 103
611 991
444 251
583 713
242 98
167 346
420 445
445 294
94 625
641 486
131 847
138 378
439 107
947 495
43 703
91 586
449 721
743 339
616 266
308 476
794 616
688 428
396 974
480 927
653 906
624 273
259 184
30 67
219 221
559 309
71 471
638 685
501 819
282 743
213 550
792 53
27 792
761 496
735 846
806 688
769 840
952 16
376 530
108 510
332 270
856 714
146 513
375 796
313 429
587 355
163 216
468 851
910 523
323 535
28 517
452 528
935 913
796 492
161 645
38 626
459 756
429 397
460 87
717 463
173 727
330 40
130 438
694 71
531 455
85 473
604 275
452 191
234 830
329 580
264 121
644 592
96 401
878 991
709 512
241 326
488 178
496 534
282 226
760 937
866 382
536 877
527 240
229 679
633 975
809 641
835 382
908 679
395 139
884 999
325 707
985 512
20 156
76 212
754 419
113 928
475 615
778 651
597 133
135 13
219 253
803 835
762 684
280 344
395 356
669 798
475 194
383 709
647 254
214 859
956 456
666 317
573 377
694 948
582 736
683 244
665 478
423 801
439 652
368 139
186 419
772 707
600 788
795 326
370 49
991 666
494 843
490 863
962 878
705 488
58 202
616 441
531 684
326 283
761 436
706 871
278 144
38 687
572 673
43 99
309 331
406 698
17 683
353 423
560 77
317 702
800 980
70 471
497 653
479 203
591 93
760 604
304 26
325 338
839 864
113 483
472 38
163 194
372 680
416 36
944 310
809 591
553 884
110 684
363 315
930 582
530 208
457 659
712 83
104 131
744 979
149 263
682 161
582 35
681 370
70 607
737 433
541 402
869 796
263 992
48 117
504 159
450 499
350 452
373 242
392 715
209 161
525 710
421 67
296 509
566 585
99 223
757 750
650 184
964 962
449 796
825 186
336 771
191 216
454 582
977 183
212 913
584 459
243 121
519 646
176 7
85 293
983 301
634 13
351 465
862 696
516 56
86 868
106 901
96 742
713 978
634 730
204 886
30 983
766 351
697 465
711 634
99 758
363 281
889 726
172 876
554 372
777 219
343 490
807 203
247 524
767 591
41 764
248 505
603 910
719 977
26 76
932 597
675 381
574 90
394 537
649 690
769 504
704 526
228 292
510 741
226 844
113 630
246 307
841 979
702 16
421 367
932 479
415 513
380 88
649 985
909 614
935 122
971 131
695 240
492 34
295 452
586 349
782 327
185 600
254 459
161 910
352 680
725 354
512 173
53 944
778 941
546 573
958 493
896 429
312 418
240 620
859 912
383 215
662 937
913 99
71 970
314 566
456 101
71 901
192 706
968 542
315 727
304 943
420 298
248 406
114 836
233 242
368 872
944 754
338 508
839 13
421 480
234 257
302 69
288 1000
198 720
435 144
76 902
768 306
643 906
466 598
749 597
276 236
377 725
799 110
321 577
27 692
975 524
265 88
225 281
512 748
50 390
502 8
803 283
410 856
186 860
264 213
866 293
372 923
443 270
978 723
587 240
589 242
253 887
951 298
882 760
769 919
117 604
187 524
634 710
54 303
458 577
320 219
504 309
336 605
440 180
250 169
969 80
829 213
784 152
107 654
695 251
201 810
310 356
777 686
937 46
180 577
409 417
51 720
400 53
639 35
319 535
423 88
66 10
867 143
175 616
287 294
714 289
74 630
317 811
527 549
470 411
83 285
305 75
144 884
448 188
570 878
808 822
969 185
102 894
710 247
346 446
777 185
451 203
2 337
674 548
966 233
923 254
716 18
186 192
257 480
242 171
841 852
180 169
167 530
230 691
719 957
994 755
370 895
344 577
258 805
694 476
54 225
447 743
615 818
938 47
548 338
70 714
980 55
322 114
499 260
297 313
142 920
893 455
594 519
227 18
161 656
1 758
327 847
587 69
972 940
459 793
147 892
378 88
171 566
594 598
715 880
847 233
579 770
598 473
944 59
931 159
225 196
761 352
752 250
350 753
563 856
725 525
452 636
776 53
949 216
741 672
536 956
816 483
518 50
274 306
958 578
377 655
776 712
224 162
802 418
904 499
820 486
790 444
367 972
335 626
739 519
746 325
953 122
605 46
30 56
563 857
370 973
252 419
799 707
181 270
454 168
577 642
222 966
952 926
230 290
56 151
13 898
673 424
160 144
773 467
76 300
720 975
421 202
100 923
94 135
968 89
650 914
930 702
442 648
123 754
183 656
330 227
203 601
667 7
619 88
809 313
968 206
777 611
623 594
466 894
117 395
466 981
374 905
146 761
968 332
989 816
572 893
13 175
789 716
879 986
532 849
128 177
674 951
847 126
687 541
517 84
443 103
402 946
812 221
874 920
944 803
552 178
243 961
889 178
906 619
309 682
601 691
610 675
746 925
49 288
831 572
117 502
2 627
281 624
650 775
689 541
97 59
355 309
317 883
439 605
43 902
734 287
266 710
527 678
87 433
120 504
773 205
58 716
72 479
149 294
546 309
327 544
45 245
255 324
577 53
998 920
809 301
473 704
169 66
80 850
27 68
34 590
970 633
597 13
590 691
136 412
962 168
988 569
754 562
419 741
153 390
671 74
929 72
694 942
525 751
164 880
940 796
385 3
382 113
613 10
844 208
146 307
795 297
497 351
81 352
559 184
835 718
185 43
486 919
341 648
445 125
371 712
859 107
773 839
937 196
450 578
473 492
929 483
444 167
909 810
234 945
699 990
688 390
732 828
447 227
903 647
618 612
686 81
703 935
876 601
66 337
613 614
471 152
15 547
815 921
440 963
772 883
408 599
280 356
664 453
131 898
715 635
932 236
556 980
210 434
688 970
939 754
69 502
20 549
707 820
546 697
234 82
913 392
565 858
379 705
262 733
979 749
353 483
778 85
821 193
2 667
208 962
226 798
179 953
585 257
926 189
782 534
132 926
455 447
363 791
792 517
733 973
551 581
10 935
518 80
786 759
360 985
53 304
104 421
765 167
54 534
599 23
635 536
366 816
87 472
304 760
297 313
981 805
295 641
421 913
782 275
681 278
612 886
846 828
949 103
370 277 793 899 618
502 639 630 95 489
338 849 371 902 602
172 811 243 624 71
206 331 303 939 256
133 385 291 543 510
691 176 199 162 111
247 380 927 379 652
132 550 496 669 903
285 573 530 138 666
980 546 973 330 17
93 250 390 410 227
97 404 361 403 404
493 948 679 536 44
356 343 702 677 14
290 792 531 165 819
488 278 719 245 604
556 212 981 718 84
105 707 215 210 9
748 485 120 217 573
956 994 694 23 770
956 487 258 714 418
461 790 303 163 518
964 27 24 819 456
636 106 744 807 366
580 773 562 270 372
341 964 653 546 209
368 308 267 763 561
663 826 979 437 835
498 175 23 363 751
12 224 769 171 723
152 637 99 254 699
826 621 270 111 106
905 869 831 87 906
176 246 801 361 447
662 808 470 227 754
255 560 652 501 838
510 339 525 433 790
666 792 743 69 521
291 756 972 651 342
752 259 745 347 663
249 166 332 804 234
683 872 641 147 408
711 423 891 850 853
516 565 285 53 154
618 4 281 690 278
757 408 72 807 46
681 878 353 338 881
256 559 166 62 983
481 668 856 59 142
991 46 156 936 909
216 995 506 785 980
737 387 970 484 84
594 700 498 341 249
557 491 16 459 707
33 280 818 929 265
72 334 812 126 435
232 945 724 397 122
967 757 593 403 201
745 851 636 825 668
39 419 726 319 895
448 188 747 375 126
567 338 836 335 536
196 299 579 394 660
419 649 561 703 644
385 74 774 506 7
713 312 792 436 212
318 441 576 284 175
482 255 776 431 327
531 532 972 615 904
742 667 361 947 317
602 169 53 153 934
239 815 579 870 306
493 216 679 235 401
840 198 711 198 42
169 379 18 305 826
115 696 602 433 988
275 414 193 554 364
589 637 998 623 217
21 196 750 39 7
981 696 903 695 377
223 896 749 254 56
461 657 806 441 861
431 578 255 244 216
348 618 24 13 669
495 931 241 296 63
662 285 93 123 646
124 784 100 586 827
268 60 253 599 215
127 627 746 38 947
809 121 515 746 359
478 878 946 931 118
519 3 383 432 83
319 638 816 581 197
621 813 230 909 379
202 868 6 251 216
566 306 569 235 751
887 382 108 176 760
37 975 903 414 608
581 207 442 642 36
64 776 499 674 370
146 692 950 457 715
846 671 693 495 305
684 837 859 590 900
881 545 20 574 505
905 323 723 319 629
723 811 567 603 406
204 869 969 696 546
342 184 352 672 108
609 170 486 121 982
755 510 575 670 743
519 315 976 837 916
783 523 962 303 640
271 782 582 985 355
554 222 101 15 88
543 130 919 8 641
861 127 2 419 397
650 631 504 692 473
311 990 440 740 382
343 417 119 949 534
598 117 601 545 562
386 721 438 552 254
406 16 332 846 835
96 691 453 113 582
295 500 157 311 671
375 317 688 174 707
766 687 464 711 21
129 193 347 464 785
857 384 760 305 84
748 208 489 866 718
69 364 447 512 141
314 475 755 982 819
503 875 53 293 832
388 220 12 584 823
122 30 209 184 470
778 230 501 273 479
606 859 118 460 835
533 230 928 425 808
59 271 811 17 548
135 287 291 471 29
133 876 447 785 623
76 167 233 477 706
376 628 195 36 247
117 825 945 748 258
422 254 166 622 924
345 198 281 571 382
375 620 192 568 608
827 259 787 21 391
141 514 687 325 891
365 614 535 199 65
24 541 865 974 603
297 549 10 323 636
312 649 418 484 237
520 883 686 243 643
820 835 868 904 37
478 539 918 770 349
351 685 663 452 916
727 922 977 832 137
113 890 882 867 174
905 379 922 658 245
454 683 853 251 826
765 113 652 750 784
97 645 111 642 802
966 555 635 815 850
256 768 543 240 328
65 44 798 946 796
467 856 520 565 973
323 150 907 572 1
750 403 943 102 937
353 433 69 255 946
785 642 792 721 4
938 664 957 213 67
216 315 439 141 400
140 294 594 432 690
483 246 620 353 763
497 343 921 3 607
530 579 133 589 214
557 697 855 276 905
323 4 143 477 692
208 981 882 597 681
224 707 688 254 270
926 210 459 3 974
637 729 339 563 703
611 68 647 833 29
760 976 450 971 287
994 750 9 715 387
165 49 543 928 930
483 903 565 391 532
754 864 373 801 159
773 261 702 223 228
655 50 320 963 354
869 136 386 459 404
762 608 408 133 56
286 109 189 936 879
375 340 633 407 640
2 254 830 875 243
619 51 459 833 15
11 448 844 153 484
76 967 884 799 992
24 764 674 289 429
746 279 878 36 593
866 922 189 596 236
103 155 744 942 777
227 570 206 807 681
517 226 879 881 288
518 352 437 165 729
658 333 46 379 439
700 514 568 915 519
94 643 815 715 734
509 932 493 703 624
636 510 648 200 540
40 877 801 341 428
379 198 102 710 353
880 213 151 198 156
220 524 739 988 195
332 151 881 456 89
18 782 206 873 815
612 427 707 892 285
139 335 462 567 310
360 807 77 679 64
408 746 797 259 540
801 955 521 335 912
454 476 402 6 195
857 491 383 154 887
275 721 854 507 673
369 400 865 74 224
204 910 299 791 690
154 707 367 633 706
985 919 594 356 86
507 323 114 507 333
453 798 744 655 130
37 348 248 607 468
335 500 955 183 651
816 715 447 21 523
427 991 72 361 780
926 791 949 450 214
734 418 241 155 131
580 95 160 118 190
548 231 829 377 311
969 946 533 25 11
747 192 535 786 633
665 82 711 346 684
992 666 324 666 412
772 840 309 575 458
629 780 632 973 407
256 417 377 473 115
496 889 420 156 109
367 596 125 887 149
732 934 150 291 100
920 961 63 143 900
975 746 463 402 945
131 915 549 503 481
711 882 547 150 646
980 668 869 442 663
973 441 567 170 939
641 922 944 922 286
582 597 427 470 960
64 485 283 224 360
585 279 555 461 364
572 717 377 360 121
617 387 872 913 621
364 57 602 770 74
182 10 834 842 37
456 33 941 496 79
840 551 40 322 29
860 792 456 491 875
353 293 670 229 497
356 188 568 409 508
28 445 836 129 438
702 308 727 557 992
849 616 379 453 257
773 411 636 717 485
421 684 58 203 982
197 912 786 453 442
872 107 945 358 938
261 59 447 502 203
158 560 653 291 848
117 820 785 213 273
713 198 152 388 812
748 340 308 469 825
989 198 34 217 565
159 984 487 699 63
945 964 892 561 291
565 723 541 408 719
14 176 646 529 421
271 711 618 983 111
715 17 17 400 795
508 686 350 555 398
730 52 782 999 501
523 334 90 306 199
142 305 272 114 519
526 892 789 378 390
460 583 622 793 818
631 395 132 629 899
753 98 513 816 114
89 982 416 621 206
996 415 726 141 895
719 723 457 199 780
49 820 667 2 609
789 672 855 276 20
127 617 721 516 394
212 430 106 915 777
922 64 178 998 600
170 468 579 485 918
966 768 799 790 493
353 478 47 288 388
412 383 856 149 116
435 177 455 108 399
365 223 374 992 196
263 680 608 178 287
63 604 654 971 504
363 767 598 722 853
638 312 524 803 122
992 1000 587 785 687
42 59 428 525 20
671 22 236 960 754
886 189 647 998 217
369 347 526 79 745
895 355 975 71 266
979 183 193 253 145
600 638 560 302 136
251 625 599 464 269
755 538 498 261 690
65 906 690 565 619
905 828 468 828 519
627 874 881 989 624
525 640 935 233 592
975 105 882 820 378
372 117 516 24 673
232 714 729 472 38
404 262 367 719 476
808 220 457 132 941
670 440 480 572 288
476 391 850 303 183
301 303 961 909 794
606 894 844 467 941
291 595 623 835 903
894 10 861 250 784
468 511 271 30 554
534 664 572 863 55
634 883 834 483 147
999 811 501 183 437
610 571 974 465 754
331 244 706 806 90
198 51 265 896 243
667 689 778 528 692
584 568 231 661 946
303 508 283 520 763
343 528 237 3 26
242 706 475 602 749
835 153 225 831 457
503 564 912 856 566
904 340 152 979 194
639 144 696 513 337
328 459 153 606 630
853 796 98 291 879
25 721 865 930 738
872 53 913 273 529
801 986 740 790 840
316 994 859 39 242
831 880 435 50 811
55 383 753 936 992
864 233 947 540 441
239 711 488 79 736
50 698 600 169 583
528 678 630 50 475
859 765 487 585 591
226 448 757 205 234
679 821 610 786 434
75 381 797 500 975
224 203 815 346 381
341 128 360 569 842
30 235 442 413 37
364 519 169 957 466
827 874 648 934 194
701 356 194 985 975
718 624 356 42 120
320 372 908 121 78
149 956 29 457 176
93 406 27 473 961
848 226 401 769 784
827 99 928 871 3
494 417 502 832 535
917 661 189 612 518
721 949 326 557 329
431 314 167 565 557
21 475 564 902 74
330 437 491 483 283
411 54 102 323 669
927 515 410 282 53
223 337 894 382 521
470 922 643 700 567
142 968 187 460 549
36 753 511 348 299
135 278 757 513 832
288 18 754 247 67
802 365 98 650 382
207 499 7 235 612
180 729 542 394 112
638 803 422 653 134
704 839 823 18 103
896 103 229 333 312
121 330 57 327 173
185 938 913 745 776
601 96 365 46 74
134 899 506 675 280
360 67 772 411 519
449 134 164 235 605
846 277 875 943 737
672 239 329 819 925
103 612 494 217 724
523 76 434 921 996
81 898 723 832 763
563 934 6 655 83
776 699 104 195 37
528 292 550 409 816
428 225 140 30 454
492 502 140 797 551
555 156 237 323 671
479 763 510 556 910
800 436 834 774 70
319 870 374 568 334
374 133 318 946 132
262 681 146 29 7
600 77 923 655 151
72 719 261 766 160
479 868 791 271 123
404 917 687 554 872
519 3 357 209 431
554 390 355 83 252
185 788 933 977 5
842 151 257 633 864
78 776 238 837 719
318 328 200 878 765
621 926 899 791 953
474 134 416 471 770
842 400 212 654 410
590 70 690 498 245
194 548 163 431 26
175 827 729 636 427
829 229 350 464 406
98 891 665 15 320
304 323 938 438 590
311 173 936 834 325
707 48 618 40 411
626 107 180 937 188
921 865 886 543 794
799 950 300 775 556
1000 433 560 780 970
37 950 638 289 792
904 300 779 400 588
598 78 955 488 344
448 130 782 364 183
312 213 764 666 434
710 661 28 616 537
675 510 751 960 804
638 944 548 496 137
715 587 227 846 85
650 405 911 333 72
651 479 953 178 823
400 524 826 348 113
880 143 244 569 441
736 847 260 941 821
997 595 989 147 464
578 497 585 9 344
116 153 787 94 76
445 717 423 442 730
160 747 821 850 543
466 437 351 125 838
747 410 89 801 122
26 262 963 731 378
15 899 153 444 241
748 197 990 469 624
326 873 509 860 433
399 871 313 663 991
795 722 431 363 835
70 532 335 17 352
928 770 274 454 751
649 554 424 237 775
889 654 591 182 26
246 36 538 656 371
706 769 29 880 64
302 332 743 242 906
61 983 858 742 906
290 216 729 949 351
907 968 53 24 578
631 291 528 34 663
623 562 228 71 317
983 272 413 10 51
635 836 367 307 130
423 751 159 107 351
100 913 607 317 326
470 726 89 348 755
233 806 58 887 228
339 583 611 166 409
264 992 889 834 631
276 136 805 927 68
187 8 40 6 534
874 896 116 102 191
506 714 704 244 551
632 151 749 818 252
357 86 653 409 599
422 161 805 621 536
425 493 636 555 503
978 407 523 909 213
205 295 189 180 974
59 898 747 861 823
85 43 669 755 686
497 95 489 466 315
654 403 1000 317 365
248 21 318 140 476
655 330 583 670 795
341 306 475 666 339
419 15 809 547 926
771 372 15 851 457
21 214 107 574 651
478 199 364 465 558
607 814 904 76 454
105 629 347 576 271
712 508 583 809 331
964 270 551 684 998
90 50 147 6 433
597 628 982 818 81
905 186 936 965 295
593 299 257 569 23
397 219 299 906 749
136 991 866 732 984
891 109 542 973 412
147 31 525 447 233
849 271 278 6 739
674 279 337 485 777
90 34 568 36 450
253 68 743 479 261
444 522 688 593 827
824 45 346 79 828
628 273 530 738 718
568 514 588 970 790
166 519 303 324 968
982 274 472 582 197
837 823 636 212 311
765 64 993 404 434
955 975 191 927 779
950 763 497 84 296
809 354 515 760 390
758 948 987 746 880
289 384 587 329 20
129 236 964 882 752
174 802 589 496 139
382 165 134 392 732
188 689 333 235 141
348 364 267 657 720
944 701 673 566 909
741 648 978 397 800
223 757 998 95 672
534 522 931 344 901
992 938 85 601 609
456 514 810 682 292
125 247 361 20 140
913 374 698 992 291
894 467 76 486 975
696 790 582 120 513
936 956 789 317 603
407 146 624 350 839
726 308 615 402 169
153 838 196 90 810
465 702 922 379 120
847 793 568 121 877
473 48 426 471 349
557 518 578 530 924
833 935 421 478 519
887 264 664 500 746
21 350 474 797 804
866 423 126 624 791
720 708 262 363 212
627 892 607 941 164
831 623 405 74 387
801 937 673 991 796
11 444 98 99 528
910 900 526 39 520
63 379 818 348 898
815 325 856 289 905
858 553 708 832 416
376 32 634 357 435
549 476 898 606 539
305 320 157 190 74
834 589 393 325 304
545 9 504 688 133
370 571 198 265 653
123 996 293 369 274
208 776 987 997 929
629 579 265 33 978
681 801 699 236 840
794 523 35 123 531
8 721 597 459 582
656 168 152 650 250
151 200 739 7 371
907 229 877 484 785
683 330 897 700 716
514 526 641 729 907
504 146 533 35 908
122 548 796 862 277
111 953 846 730 970
518 363 372 407 478
684 441 255 758 72
7 741 697 995 32
571 387 286 154 807
791 760 321 16 607
593 177 883 877 19
909 753 813 498 374
402 939 422 864 947
212 35 350 451 704
10 411 536 922 729
580 4 946 726 517
866 156 518 945 752
686 409 46 564 207
383 850 201 65 830
17 470 72 103 997
4 587 3 512 633
806 435 836 431 6
359 387 811 253 82
412 23 850 924 625
406 951 42 124 339
116 535 520 679 988
52 760 394 423 952
914 544 922 865 238
671 861 999 858 211
260 18 969 920 26
37 205 229 841 225
3 895 81 36 716
563 670 279 246 784
491 212 59 393 280
193 574 299 727 564
271 75 299 166 235
327 780 387 928 515
875 693 282 982 152
417 48 517 671 752
844 241 185 936 519
174 53 453 580 867
363 566 871 652 754
358 343 590 378 101
50 77 137 451 158
397 486 535 393 317
922 242 186 61 465
877 191 879 571 167
155 420 883 885 184
195 507 138 334 547
876 350 897 366 893
304 823 72 23 972
532 784 316 800 695
4 733 772 73 507
677 766 935 47 810
55 450 155 117 984
585 998 456 884 874
216 941 509 906 291
613 714 208 259 97
806 743 227 191 534
823 436 963 912 76
655 79 491 695 36
853 224 67 816 934
439 187 69 849 401
683 78 473 668 770
72 10 619 385 188
81 595 112 569 345
707 789 20 641 300
843 235 590 106 508
161 335 355 518 424
518 68 260 257 512
821 954 419 368 454
250 195 831 174 483
393 1000 774 832 625
901 56 746 161 564
160 826 942 888 873
330 628 891 34 251
52 107 990 590 221
648 49 196 5 410
609 618 913 669 485
4 372 748 191 394
30 406 760 512 825
187 793 298 124 949
23 842 845 664 47
107 688 769 641 394
459 348 844 792 782
614 668 985 127 977
865 729 856 737 255
890 902 688 401 491
869 472 492 527 97
2 364 791 836 451
136 599 268 324 3
890 520 95 760 44
343 257 607 61 215
858 546 542 346 959
191 75 706 71 5
632 674 548 378 754
682 895 822 468 184
996 267 807 751 897
376 231 768 587 524
278 973 622 505 530
414 412 30 87 978
495 769 40 848 983
880 8 584 705 521
313 836 11 212 563
826 854 910 855 241
374 284 688 592 598
117 81 738 126 624
378 94 467 591 551
543 771 538 422 93
325 376 482 700 132
694 418 165 849 689
40 780 452 683 43
361 677 1 671 612
36 680 688 166 894
715 340 633 884 487
829 806 758 681 805
575 696 404 748 697
793 731 42 384 923
46 488 768 713 992
488 609 954 403 517
869 762 448 618 765
106 581 63 978 255
394 392 206 478 358
83 619 238 835 398
704 610 853 338 149
651 136 434 175 764
435 397 446 36 949
757 393 635 175 886
601 891 679 296 27
588 596 711 637 718
454 555 462 476 229
314 664 331 349 524
237 442 964 745 769
646 468 768 796 437
818 657 565 794 570
568 674 164 171 809
347 725 415 40 339
391 851 3 264 944
349 317 20 222 297
733 899 778 858 905
399 15 436 457 371
379 143 718 985 903
163 151 554 536 293
159 221 972 643 668
614 401 828 450 91
245 804 765 90 81
253 660 92 915 379
155 800 60 601 664
450 914 835 622 733
719 708 106 880 510
326 358 140 437 26
290 342 956 361 472
457 49 719 99 999
317 236 302 454 784
164 401 505 486 951
433 757 991 255 882
593 66 700 510 85
472 842 887 550 766
860 976 591 526 344
640 605 894 915 557
6 127 566 885 63
849 493 650 426 496
894 865 263 627 526
52 956 100 852 505
670 801 910 204 700
835 997 762 723 497
938 182 842 75 951
536 648 563 643 140
564 215 888 460 934
967 901 481 697 593
602 117 674 479 188
225 972 647 570 257
499 317 139 865 808
25 893 54 52 978
362 210 697 176 777
936 854 419 965 443
485 680 561 474 605
744 733 480 930 765
901 667 725 165 627
69 72 899 81 730
68 544 562 157 450
846 582 281 570 821
817 267 684 557 462
425 213 537 61 213
840 367 4 499 662
739 514 350 71 211
653 355 172 586 22
109 998 939 302 336
218 657 429 394 817
745 207 989 840 60
466 5 838 887 574
153 29 316 230 495
344 684 515 466 634
947 183 239 55 448
575 714 715 306 183
199 1 530 855 747
873 201 659 546 757
415 188 448 376 468
89 695 823 940 986
184 43 79 604 884
51 251 889 938 740
989 657 940 452 601
83 586 829 769 250
750 976 115 88 272
915 335 679 339 4
736 868 980 446 829
713 819 906 243 659
932 191 434 555 490
172 644 641 350 195
404 346 345 293 427
387 904 510 451 791
458 989 250 193 789
995 772 975 466 720
959 731 80 987 150
407 513 503 50 139
469 687 367 597 538
962 3 116 634 547
349 143 533 605 707
303 197 297 123 468
270 143 345 182 552
139 591 983 870 447
758 936 164 532 959
565 44 811 949 991
777 274 494 600 140
567 736 375 719 477
922 970 350 731 693
539 406 834 880 784
752 920 668 661 777
591 298 203 144 930
832 496 657 616 869
968 907 75 110 267
929 269 417 37 545
890 16 490 747 163
59 657 755 56 321
927 44 765 211 250
341 80 742 700 172
1000 291 520 714 799
6 2 391 366 841
417 569 885 695 661
154 401 24 395 263
845 211 627 831 61
200 836 128 220 986
598 364 573 691 16
971 960 769 705 416
921 189 668 493 959
99 689 421 325 10
760 454 167 610 633
677 347 415 378 121
576 37 993 999 143
297 699 205 337 110
944 320 974 386 464
517 959 994 800 651
341 716 346 953 856
519 893 549 2 222
12 180 597 874 451
48 531 619 744 36
60 949 417 774 792
223 934 879 630 649
289 156 252 357 34
314 336 779 736 451
223 620 807 745 292
488 74 165 429 437
509 594 632 559 121
170 317 345 239 963
432 720 492 607 236
344 675 790 5 777
199 954 465 495 844
94 186 463 926 438
529 891 863 420 880
892 392 895 828 686
218 581 801 54 7
827 235 799 13 164
176 559 967 956 866
54 708 853 254 891
351 23 283 519 101
391 56 561 776 907
190 562 809 13 126
96 225 865 591 360
619 818 634 958 488
290 897 784 355 40
329 804 458 307 95
840 998 277 282 556
105 867 684 301 610
209 951 814 755 471
855 752 6 955 772
292 174 150 978 362
209 101 446 772 547
877 880 412 767 903
14 242 266 508 938
472 467 746 896 793
952 165 144 921 60
83 610 110 238 345
754 871 702 386 227
109 234 316 918 123
728 133 684 521 76
756 836 766 819 458
230 594 207 989 223
187 872 700 836 985
123 837 531 484 808
936 168 503 909 574
94 942 947 417 249
170 61 900 273 948
940 878 984 863 655
390 101 660 19 463
803 886 926 910 668
757 472 568 211 189
159 72 88 669 662
335 925 482 800 422
728 229 228 98 263
272 731 149 985 376
809 630 561 607 289
299 162 875 26 785
445 666 151 485 750
410 471 149 192 15
474 895 379 902 627
843 661 484 505 949
138 132 884 558 931
670 499 617 773 571
634 96 996 85 143
464 521 496 245 333
821 862 360 252 437
630 272 431 482 976
657 616 696 396 271
91 605 590 489 59
822 628 392 246 663
145 520 934 308 328
723 500 120 18 236
751 592 344 927 918
107 894 905 510 315
646 416 399 284 95
619 588 873 218 39
627 170 229 259 109
479 659 213 34 680
176 731 294 955 657
719 13 456 921 839
732 992 649 27 610
408 186 958 629 753
509 257 649 339 529
460 151 748 287 508
250 647 67 327 537
585 773 567 726 952
737 599 343 524 452
162 513 68 859 819
609 85 687 965 947
348 542 369 910 379
80 791 245 91 52
203 676 858 931 586
210 835 132 272 206
460 622 707 967 148
731 819 4 890 256
312 53 120 740 533
923 7 24 602 862
914 547 333 11 271
370 598 367 3 643
388 606 474 246 266
436 921 130 271 521
886 873 350 795 71
602 100 179 406 436
132 734 219 868 370
666 708 416 795 943
855 132 140 305 866
808 555 590 125 94
534 624 412 842 784
529 839 762 510 361
749 668 603 967 494
503 48 301 21 600
466 905 402 822 990
725 19 334 503 692
638 938 570 264 266
382 966 656 695 855
86 349 798 923 726
417 575 837 302 693
160 346 898 166 554
397 308 1 575 426
358 460 667 508 134
339 194 53 526 597
967 304 759 174 413
96 15 781 436 69
603 1 467 238 911
703 721 336 673 224
519 399 171 297 321
581 711 9 881 274
578 155 618 225 823
579 777 52 574 363
388 288 401 548 585
466 5 80 884 541
128 983 519 343 229
579 126 323 760 380
55 999 783 105 4
514 837 155 444 510
605 476 727 605 517
998 653 846 433 6
770 612 655 191 386
9 312 233 567 564
414 40 916 674 180
832 23 438 591 140
160 464 799 439 859
533 822 857 500 239
406 307 702 645 813
152 414 650 685 900
110 950 919 880 351
392 817 14 534 246
103 738 88 3 596
947 564 991 668 816
742 276 331 525 44
643 108 241 930 354
317 991 29 137 27
826 441 172 139 609
965 920 857 84 517
812 668 997 490 530
147 806 628 846 683
82 301 421 484 941
827 584 173 186 584
346 752 502 955 232
546 955 682 516 548
747 623 627 440 650
147 637 362 533 451
640 365 819 515 780
255 42 255 968 232
819 829 745 598 306
563 271 939 81 559
400 61 838 470 831
404 430 82 327 221
922 789 865 159 217
885 662 11 967 388
457 560 849 859 385
961 917 929 907 945
560 842 272 894 812
550 719 753 275 486
676 554 234 10 22
843 803 395 798 979
317 298 134 894 140
711 982 751 60 776
427 800 865 616 79
733 838 312 894 215
554 902 714 995 323
506 835 948 505 640
658 869 665 198 277
110 761 60 585 488
622 363 541 780 102
743 79 552 665 211
754 665 157 718 35
771 245 774 419 333
634 833 397 945 851
782 399 184 178 690
948 371 229 903 883
406 68 967 381 53
185 690 238 26 180
63 634 442 158 636
178 326 393 258 536
71 527 577 271 164
745 605 187 816 300
225 895 499 227 374
875 722 612 421 430
569 899 582 921 994
367 595 2 607 97
503 635 190 114 240
464 412 444 216 39
40 246 538 445 225
570 152 264 738 235
113 513 615 434 97
58 679 648 286 847
89 40 987 177 200
206 142 618 225 187
65 122 233 301 541
15 756 611 206 97
129 151 639 836 565
11 454 405 545 727
212 863 332 410 172
420 160 440 874 914
514 723 822 486 88
494 848 488 739 996
203 27 851 388 247
92 157 13 87 710
339 987 185 492 109
784 773 720 455 476
674 710 108 578 167
329 235 573 173 266
664 711 523 380 345
333 9 132 234 50
281 647 448 296 838
618 383 96 513 586
809 399 766 813 104
88 766 658 141 315
513 417 646 110 633
741 469 501 120 484
454 19 289 763 621
172 903 152 719 575
129 137 458 95 5
287 593 283 359 139
979 540 448 761 212
317 546 863 141 823
928 262 579 637 26
905 556 956 952 55
303 803 604 934 852
16 770 69 856 457
532 714 581 850 269
92 301 746 767 341
604 96 389 941 753
696 747 913 511 258
740 144 36 609 714
392 245 678 574 203
921 964 540 495 824
659 438 476 79 691
755 269 114 174 536
633 375 878 69 822
875 83 149 547 219
19 847 830 344 591
375 91 586 826 86
155 399 326 797 334
598 932 628 793 240
920 500 158 745 994
376 996 77 267 143
831 42 18 110 770
165 602 111 331 180
870 361 845 998 861
484 324 604 667 138
125 181 170 208 688
954 295 892 252 85
698 434 44 216 449
537 337 271 823 981
820 378 190 742 295
801 991 604 269 520
323 352 733 741 482
195 862 269 507 386
928 704 884 985 977
191 171 375 781 888
398 894 751 505 774
977 126 436 404 817
770 363 720 339 986
163 607 353 265 1000
817 349 766 781 173
91 102 115 533 184
62 779 898 266 61
267 101 133 292 434
548 495 498 943 691
775 334 822 462 920
129 96 318 104 929
331 867 569 167 920
660 753 382 634 995
875 688 297 425 369
185 382 223 464 255
568 378 723 460 522
282 668 531 550 926
965 97 608 374 640
96 885 805 691 63
459 759 442 663 945
483 941 421 971 244
80 511 797 129 159
179 596 225 979 419
276 759 774 350 411
449 259 470 897 697
705 124 436 194 318
600 46 782 327 787
388 6 28 27 119
705 168 753 643 675
235 314 115 197 833
862 877 569 480 386
999 825 820 455 691
750 579 529 437 602
999 518 21 338 433
498 413 539 859 505
281 764 941 504 884
181 565 779 171 289
152 337 897 752 814
478 884 726 807 90
32 886 451 45 157
810 570 913 788 676
142 772 110 69 933
899 944 462 673 960
354 355 591 880 123
859 458 712 278 282
56 588 889 480 942
666 97 570 445 180
248 761 639 13 712
578 368 532 955 397
630 318 977 370 273
335 809 59 96 970
242 479 439 827 766
152 330 505 571 254
368 980 386 97 586
311 912 380 851 268
709 578 249 736 822
680 802 125 108 934
417 944 113 15 401
340 492 393 42 191
618 210 288 497 561
185 332 252 415 354
951 256 983 995 870
469 217 92 421 277
288 276 619 178 918
616 776 99 996 582
935 770 449 781 829
434 772 469 302 970
52 937 799 226 100
661 202 681 889 909
396 553 678 895 846
944 606 729 404 106
8 134 36 18 274
540 495 914 614 431
472 161 698 98 40
745 551 391 919 906
521 244 973 319 557
135 899 909 620 299
149 519 978 926 814
104 688 614 365 174
317 626 674 805 601
577 648 504 574 830
230 355 705 222 450
411 21 707 667 130
460 818 560 478 899
397 785 202 8 477
993 674 802 235 81
953 26 985 592 45
781 217 555 650 582
631 375 929 503 416
655 503 582 383 6
854 621 152 317 914
532 674 802 249 284
779 379 541 249 263
904 737 776 484 243
532 28 99 609 856
162 869 915 735 959
829 22 756 302 456
856 90 414 541 341
844 769 565 148 52
270 403 192 407 465
497 500 879 606 896
181 863 723 661 134
20 386 347 386 909
298 725 826 659 728
819 527 524 964 682
117 867 658 566 865
570 861 279 794 359
568 750 484 290 373
304 515 509 235 686
507 385 685 532 537
330 691 12 271 588
302 885 818 514 645
566 69 696 568 827
586 161 199 115 274
292 971 164 486 712
519 278 572 679 257
641 833 296 184 752
261 873 214 806 388
562 226 338 320 771
636 275 629 357 387
688 411 244 283 38
909 63 476 537 373
135 185 980 858 964
98 455 224 330 386
639 118 613 32 170
236 982 599 616 542
859 848 720 267 779
37 547 13 399 176
365 275 861 554 145
106 943 38 177 304
934 41 906 846 719
189 892 928 199 681
224 508 70 923 836
989 553 335 879 776
58 896 429 200 745
551 908 219 512 271
638 41 600 696 798
470 748 719 473 960
918 129 792 219 745
927 1000 204 10 75
551 482 959 93 571
601 425 170 898 975
128 569 58 27 151
276 745 457 310 413
50 150 348 409 395
260 710 987 681 11
354 257 408 368 251
220 118 554 136 799
837 506 554 860 711
827 337 988 906 261
384 264 605 813 920
961 881 567 375 974
984 462 723 728 642
635 378 850 934 670
816 944 52 801 182
444 288 59 587 547
211 860 212 350 99
517 317 595 409 904
50 836 418 203 687
408 319 145 768 737
719 545 606 730 978
229 815 489 162 679
250 543 62 347 77
690 884 822 858 38
978 241 93 368 872
652 17 19 680 482
667 200 461 414 81
959 763 775 841 855
278 998 830 744 19
585 450 192 498 108
509 156 384 617 550
726 874 60 799 751
356 712 996 624 410
791 593 791 455 535
378 716 153 385 110
855 783 669 151 600
444 227 603 345 646
315 235 717 535 83
381 952 902 170 652
827 272 363 192 909
536 805 193 564 777
468 930 535 696 298
156 284 596 198 412
221 531 393 17 46
642 430 321 126 171
559 990 808 549 456
168 738 335 320 240
393 894 355 118 29
314 653 993 945 402
363 16 108 708 545
961 383 600 346 900
780 793 775 396 704
532 496 318 652 921
578 220 357 951 890
278 306 160 339 523
884 307 540 585 712
728 451 541 629 940
120 357 549 22 204
13 57 108 716 59
26 433 752 7 169
163 244 37 53 762
561 415 278 841 182
704 590 233 380 630
484 166 454 922 914
334 390 267 421 379
253 177 110 3 707
912 986 177 218 394
734 406 462 255 710
917 524 670 472 868
319 761 854 205 147
30 976 902 411 115
995 893 703 367 556
891 769 644 448 96
311 388 996 240 877
943 661 526 956 686
961 320 58 83 812
692 341 892 380 977
379 165 111 735 756
406 718 287 329 409
467 209 704 818 754
290 513 364 258 615
276 453 986 732 457
704 274 780 511 953
738 944 455 161 719
963 910 853 921 816
400 156 820 985 521
148 601 584 246 828
277 536 56 682 230
578 395 686 858 696
235 15 439 465 280
754 156 138 147 576
335 199 564 552 940
700 749 38 415 81
995 802 527 616 822
269 551 610 173 674
186 417 936 513 123
166 667 405 236 446
52 943 30 407 985
658 396 578 517 682
387 87 542 860 984
853 618 356 661 757
577 335 285 508 483
899 793 688 419 671
846 580 285 53 826
885 102 324 360 603
372 159 253 593 220
759 396 787 686 559
499 640 980 470 214
150 338 356 636 52
830 30 637 364 754
84 581 155 707 26
344 848 10 831 529
155 497 415 889 370
418 950 350 991 407
183 989 645 98 367
408 509 737 201 622
621 925 668 913 677
287 721 941 616 84
395 85 510 997 822
67 163 123 399 8
623 831 783 598 356
421 605 169 938 517
568 345 496 634 975
248 101 557 349 864
514 65 320 398 674
457 867 382 149 60
77 311 507 627 433
976 622 531 118 130
595 664 722 517 140
907 460 119 827 482
265 354 517 626 800
596 898 540 768 629
315 204 534 97 649
360 796 18 636 602
693 179 564 490 953
426 918 671 282 930
335 316 792 75 562
787 27 153 484 792
949 721 107 108 135
771 253 965 488 702
481 686 930 884 332
81 433 853 523 98
697 568 747 839 794
401 180 256 869 979
455 92 215 133 556
765 162 751 365 549
95 936 291 163 109
766 127 564 674 755
25 565 587 619 930
728 961 137 947 787
427 654 370 23 169
383 997 805 854 814
400 721 305 859 928
756 385 489 129 106
928 704 532 689 48
435 81 305 295 606
444 166 668 114 644
250 818 400 752 88
712 381 244 878 29
926 219 111 687 736
734 307 513 175 939
123 544 450 94 549
403 499 256 10 89
226 510 711 498 357
584 867 675 44 288
444 938 646 68 642
60 685 90 657 192
944 706 195 30 729
889 124 665 298 421
277 720 352 169 440
114 492 158 599 661
955 748 518 83 692
901 767 965 661 89
571 478 876 213 60
845 996 823 380 946
637 484 668 820 382
563 58 287 216 315
947 456 549 567 505
622 450 686 347 596
30 735 345 766 968
984 436 729 809 101
553 22 943 530 765
60 284 621 725 134
281 62 478 809 536
436 529 171 807 372
138 786 889 397 712
331 169 704 481 573
881 150 473 540 101
11 614 465 290 502
183 959 959 418 562
95 586 93 798 107
804 632 92 814 164
759 958 58 747 652
355 811 598 801 156
73 401 237 252 343
149 660 312 129 385
923 774 84 6 522
877 184 880 429 201
985 712 386 687 685
304 425 506 377 905
26 277 935 197 725
217 607 403 735 486
645 29 20 581 673
305 784 71 917 870
769 319 647 47 540
476 829 180 185 143
72 964 239 186 617
822 561 852 980 605
226 428 365 288 584
950 74 305 605 516
741 796 974 409 996
494 637 648 684 76
218 36 583 793 432
493 231 783 598 315
517 31 741 5 45
745 61 61 431 183
396 526 981 539 744
886 344 825 863 383
528 676 946 761 3
114 610 260 494 253
255 320 160 895 634
567 546 90 890 65
856 830 654 764 989
537 502 969 961 454
213 481 318 234 344
147 126 411 907 277
228 18 538 56 34
85 915 759 767 664
45 981 897 103 912
908 373 89 862 808
394 205 61 621 791
570 538 564 811 257
827 728 345 796 504
567 926 432 174 96
653 347 645 137 84
391 382 983 912 894
733 198 453 201 3
476 174 356 640 12
562 415 803 850 240
346 122 425 54 165
249 665 401 198 324
341 895 314 622 597
453 167 171 998 620
535 200 201 892 632
430 980 932 196 498
313 12 898 903 429
432 190 3 738 365
455 219 556 295 115
544 880 857 846 588
137 539 791 782 407
294 552 228 169 781
973 438 188 660 7
591 85 800 977 599
682 395 481 825 342
733 25 783 887 755
982 381 479 538 71
168 10 933 793 869
163 919 170 973 969
146 7 881 247 385
530 212 860 771 114
877 432 849 998 120
57 675 687 424 687
625 113 745 465 775
501 958 873 996 473
971 931 87 119 583
944 95 770 239 519
348 855 625 232 94
323 865 776 779 924
587 147 234 61 511
988 689 581 225 259
139 532 419 770 847
763 96 314 848 168
275 273 796 418 982
881 207 144 827 310
780 449 701 113 68
537 856 196 414 227
236 5 697 954 819
55 45 718 876 795
541 443 936 833 854
482 903 969 387 346
671 799 365 682 241
450 955 485 475 151
199 286 533 466 561
844 601 543 957 738
723 828 34 896 829
80 346 101 863 65
868 467 360 16 853
228 572 742 824 294
602 651 830 51 573
420 568 426 855 832
597 488 625 768 301
291 782 422 757 927
28 888 741 133 219
810 49 284 155 686
885 7 863 733 428
787 813 17 701 362
667 80 338 581 274
779 400 246 818 243
889 658 728 652 46
757 455 200 789 854
873 30 667 641 201
163 878 222 573 636
499 116 711 12 533
623 163 225 115 605
310 725 166 651 333
609 706 868 27 61
772 690 396 874 317
732 942 752 762 653
774 198 93 547 787
422 498 725 398 724
290 708 322 172 106
131 234 925 26 942
241 996 217 925 525
433 352 106 629 833
834 366 180 763 679
421 972 6 939 94
36 589 574 788 164
514 495 109 627 602
815 156 289 733 330
216 596 350 507 59
16 244 850 23 591
821 319 235 776 778
907 205 74 915 670
257 226 110 669 800
626 764 740 26 690
929 175 303 310 884
21 230 864 673 143
42 214 587 636 83
26 639 722 295 218
696 75 198 94 604
764 785 594 604 805
199 368 864 936 318
815 527 267 734 847
890 198 927 531 359
514 975 95 680 763
870 146 244 248 588
658 996 110 531 875
757 960 989 327 268
732 636 961 521 399
896 554 382 472 206
393 535 937 766 434
159 635 287 564 762
464 986 506 602 311
98 779 56 780 926
711 150 950 688 594
118 898 591 693 139
47 368 131 60 224
713 486 185 341 228
130 992 963 868 620
7 499 481 654 248
997 243 498 897 530
357 420 47 915 118
285 131 281 652 82
390 598 390 793 263
126 597 635 873 827
92 975 821 939 628
942 828 543 742 419
141 61 57 594 290
59 669 450 267 680
579 186 24 618 917
457 270 542 533 773
832 686 929 388 250
717 199 808 344 146
392 725 144 3 219
622 743 144 212 403
559 431 768 860 803
464 765 11 613 64
842 157 932 741 814
224 566 140 848 199
141 481 51 966 425
755 421 42 183 721
348 691 62 408 919
824 576 877 717 504
281 904 427 455 379
791 356 321 243 493
7 323 305 17 371
673 445 708 171 86
890 865 147 787 606
942 636 289 942 196
40 376 384 227 258
284 86 114 434 317
87 500 849 999 461
782 353 940 561 166
754 693 281 16 416
879 930 162 347 232
967 700 650 25 54
861 338 126 409 324
4 758 609 256 812
536 969 517 424 400
910 435 745 926 536
894 293 887 5 558
333 504 544 640 262
968 911 855 31 861
50 515 248 547 604
748 323 288 553 598
695 710 503 566 430
717 365 706 490 459
300 386 170 840 42
270 149 156 619 565
105 453 697 572 866
280 116 754 91 312
698 350 103 249 573
195 183 161 35 212
953 882 696 386 327
617 770 160 46 541
236 849 217 599 208
872 140 926 952 277
178 866 930 817 468
318 802 154 342 899
484 237 950 326 850
951 137 894 879 114
497 545 299 685 811
299 966 2 252 319
251 435 198 631 159
641 494 589 823 782
902 351 883 954 944
798 920 981 676 248
817 328 47 961 233
511 186 538 947 162
49 207 690 634 22
577 194 23 458 336
741 354 615 211 22
366 614 390 111 970
242 393 675 100 408
630 234 165 917 656
262 713 698 788 171
417 436 900 262 369
477 874 175 689 558
974 969 266 298 249
513 360 676 430 306
490 409 552 778 225
389 810 491 283 216
625 597 197 140 624
715 893 624 312 63
731 144 708 213 480
887 254 116 551 703
700 684 867 946 569
744 502 921 971 41
481 272 432 87 582
858 855 497 900 65
135 644 633 793 487
525 335 144 559 262
994 768 898 466 179
494 658 625 523 244
886 153 436 243 26
730 497 863 734 423
224 146 678 978 753
762 705 694 513 583
947 958 907 135 362
556 596 582 920 654
966 902 199 495 325
290 481 514 810 133
57 631 92 610 266
801 592 108 496 236
650 688 38 311 403
632 292 25 272 458
883 645 423 783 128
501 536 95 927 231
772 819 146 623 882
186 530 478 996 715
710 483 128 906 412
28 207 950 807 756
93 63 177 907 69
116 147 810 364 689
196 697 864 107 190
368 775 134 890 561
227 65 253 134 347
174 72 313 765 53
986 7 141 688 484
494 688 852 531 901
499 465 49 979 466
225 955 351 90 594
980 363 240 579 332
219 653 682 333 12
247 889 125 412 270
749 747 147 645 423
742 518 823 566 551
260 668 301 243 261
818 404 232 594 287
454 587 634 349 867
757 331 860 148 830
150 487 526 519 21
905 173 149 718 476
872 109 151 312 54
112 993 285 425 176
835 254 246 886 666
868 650 97 303 410
760 90 977 835 173
1 290 565 844 732
686 720 687 75 144
885 144 404 141 546
582 893 501 599 517
231 956 35 899 996
719 273 241 594 15
920 712 565 789 489
871 137 229 941 692
992 376 897 263 698
186 69 890 783 505
643 25 538 405 856
78 360 745 221 891
139 545 727 90 55
981 485 745 688 206
751 511 168 689 46
613 45 452 691 376
772 624 984 149 169
432 864 179 561 882
214 20 271 551 788
63 675 417 907 947
11 53 636 695 108
850 422 391 238 840
351 142 65 208 658
26 742 399 62 151
798 599 439 66 932
457 929 119 741 816
496 313 68 95 32
252 682 138 461 899
324 182 762 455 921
249 165 408 92 959
780 181 926 286 679
578 123 460 876 200
549 816 976 85 484
625 105 531 480 46
388 779 992 439 448
968 12 188 402 781
57 323 492 637 920
194 693 220 168 101
754 36 46 712 708
165 436 869 784 825
78 27 888 810 20
352 485 882 393 416
427 874 413 450 493
710 277 490 832 465
966 692 736 742 992
597 230 152 298 66
163 210 813 323 508
591 454 999 808 314
31 58 856 647 990
612 977 60 290 665
120 377 976 298 45
476 139 843 261 384
820 566 715 948 858
939 326 525 88 562
159 542 715 859 40
990 202 533 356 904
699 826 997 938 436
916 954 105 171 830
235 632 973 763 88
427 393 940 63 283
32 385 514 868 765
29 939 391 883 156
16 970 141 965 425
966 246 18 125 235
2 376 256 346 656
174 403 114 919 688
402 251 336 29 661
425 231 483 102 130
387 337 602 96 514
795 394 143 48 492
250 490 434 237 246
208 611 394 68 201
654 81 646 338 892
98 913 609 949 358
819 850 133 582 731
192 815 629 836 525
28 496 41 854 113
311 356 50 200 754
377 442 192 416 404
350 493 506 23 736
342 33 65 681 346
629 710 715 329 233
979 799 753 957 104
412 434 833 380 343
977 826 195 886 66
7 899 823 305 449
987 869 45 91 369
481 374 587 344 24
158 277 797 740 206
392 2 197 457 630
106 68 126 976 957
944 265 178 488 326
786 207 902 376 380
55 754 277 939 529
153 855 78 11 768
196 460 667 949 167
590 89 220 163 543
382 38 732 304 295
837 554 35 776 704
882 261 185 649 620
638 173 606 28 513
836 562 619 811 525
706 76 571 890 529
366 446 780 609 658
215 707 427 440 466
849 879 532 518 475
83 354 361 464 489
26 264 865 731 793
100 355 186 640 176
290 477 462 683 238
368 934 73 313 117
780 155 331 793 555
425 957 35 483 279
637 657 506 621 233
600 896 520 721 709
303 921 650 726 399
275 648 348 917 170
271 455 686 152 758
449 627 406 416 718
100 419 194 312 686
239 487 88 840 58
563 689 146 78 401
885 251 592 576 399
426 923 407 591 885
50 378 581 466 310
781 504 105 619 510
871 380 169 136 357
539 516 271 124 931
681 579 365 767 467
112 538 882 610 476
862 302 97 895 314
576 646 328 484 812
978 359 735 192 61
668 868 143 873 72
825 872 88 170 738
472 246 315 631 87
857 271 470 99 527
844 553 621 530 918
971 250 171 416 904
189 813 368 500 493
639 791 474 628 47
206 539 604 19 182
288 119 248 21 864
695 415 611 447 266
295 439 869 748 156
980 513 65 711 931
48 362 838 133 822
356 559 559 21 97
954 736 976 761 484
146 97 937 342 369
338 704 712 619 223
375 945 298 190 26
70 729 566 606 137
232 735 137 347 335
605 509 916 59 693
504 55 641 787 550
42 441 808 939 275
633 647 963 340 690
26 475 102 716 208
892 615 773 834 887
476 975 170 552 771
885 839 27 646 308
438 880 866 258 442
990 996 102 144 305
254 7 662 965 406
612 80 867 473 861
718 271 641 610 732
982 691 62 998 261
277 720 464 461 809
211 974 347 945 921
795 330 506 574 559
272 417 464 686 351
84 676 113 660 532
468 509 508 391 641
696 349 533 356 925
376 699 258 487 22
33 822 655 102 66
584 221 758 439 293
641 662 676 89 384
164 373 448 543 19
469 147 12 913 494
88 953 985 34 394
318 227 594 684 851
762 311 387 8 461
146 777 678 493 73
852 805 160 711 704
320 100 976 736 495
427 180 58 750 420
191 597 438 443 635
235 125 596 125 127
115 306 285 704 168
848 404 359 135 747
239 603 332 372 824
35 517 439 819 258
547 992 934 321 721
219 284 396 883 364
762 886 819 267 509
955 686 455 763 316
139 441 910 716 357
352 980 934 982 310
467 891 312 900 73
431 661 150 860 26
892 545 950 731 255
877 929 411 91 65
324 768 608 118 545
219 610 327 735 136
26 448 768 102 179
495 412 568 827 629
622 491 698 95 887
499 527 459 12 208
261 116 640 606 254
559 523 669 830 951
493 592 691 183 330
57 639 124 373 336
230 173 244 633 170
877 21 493 512 830
259 377 552 495 291
465 433 641 379 787
647 438 598 343 983
451 187 992 407 556
75 164 624 866 158
249 212 331 519 35
272 659 222 483 382
156 516 827 27 808
601 65 763 476 16
324 325 591 602 797
663 110 693 429 303
134 553 258 983 827
783 115 5 794 664
25 198 68 577 556
479 862 831 959 365
894 762 619 727 17
554 434 599 418 176
871 168 743 203 90
84 545 799 262 7
682 504 159 74 602
231 181 527 468 173
107 324 868 436 580
117 320 49 780 874
652 644 308 250 409
807 261 750 440 524
892 118 240 935 268
43 507 980 355 573
685 464 734 904 948
146 367 379 921 759
678 331 4 951 397
784 294 878 460 582
799 332 959 317 325
570 545 997 922 472
998 564 276 694 482
155 869 476 968 10
680 27 476 246 64
94 816 422 712 717
77 899 152 513 559
811 556 138 710 897
571 30 754 846 21
490 233 822 808 532
96 885 690 835 708
353 865 247 509 251
688 672 663 514 200
45 167 621 321 344
582 688 609 264 863
306 325 364 852 805
151 364 117 89 982
963 964 428 245 388
483 62 805 197 744
293 136 685 200 48
913 892 356 715 899
356 915 342 948 143
285 690 756 94 347
217 180 497 413 556
911 467 96 179 409
236 220 11 544 905
52 858 979 79 449
378 548 118 56 864
534 484 850 887 803
763 888 972 328 189
918 229 393 575 703
870 654 968 124 316
538 716 211 910 27
535 495 341 855 86
195 15 263 833 459
274 199 716 283 187
457 252 5 475 479
488 113 647 724 894
86 970 628 316 539
146 406 815 7 290
164 243 27 641 459
204 410 317 471 276
581 230 448 421 88
368 514 572 146 846
842 884 285 342 794
491 936 594 170 198
963 484 711 91 211
292 935 29 874 861
596 635 740 725 694
486 601 48 237 847
643 479 520 667 934
853 823 417 928 826
872 909 508 886 395
3 552 51 111 825
871 4 270 524 973
214 557 558 761 366
959 400 90 752 958
852 960 199 745 214
386 947 222 917 966
988 648 120 622 397
105 472 387 850 275
896 692 735 380 972
642 253 945 501 311
246 629 778 625 207
724 92 911 957 62
513 717 591 766 863
993 312 4 35 703
622 629 60 849 31
744 944 933 398 610
552 429 252 264 610
917 1 982 816 207
639 320 294 40 273
542 899 80 794 776
101 940 42 803 249
597 801 850 97 345
790 313 52 274 351
169 491 954 818 354
282 600 757 739 976
167 402 285 72 736
53 341 66 241 244
93 103 576 537 296
210 434 227 716 408
544 499 809 572 914
734 37 673 414 700
871 741 885 251 266
622 102 25 820 762
492 586 42 991 692
404 987 865 321 283
485 180 763 672 807
431 42 413 73 964
654 761 320 217 653
776 605 921 780 428
479 916 407 424 628
82 202 532 829 564
289 188 134 739 205
82 907 829 932 381
758 829 876 529 521
857 203 204 286 322
911 785 707 909 974
141 54 662 114 817
275 621 610 39 768
262 334 20 466 498
177 56 254 420 26
288 564 640 137 85
170 493 887 402 518
909 367 234 762 401
848 909 311 198 663
722 678 711 951 711
256 861 967 318 663
26 527 237 437 839
235 355 899 671 504
78 500 43 673 802
970 207 792 766 981
591 590 180 697 486
265 538 95 401 254
854 908 78 282 319
840 401 385 498 192
946 852 926 253 602
505 548 824 206 662
724 622 147 92 112
33 759 131 587 60
350 297 35 722 617
736 852 594 114 580
278 147 633 146 894
280 367 671 35 399
1 427 522 42 61
963 1000 623 670 64
953 951 431 748 102
127 278 625 338 537
358 911 388 280 6
53 776 242 359 111
801 300 313 108 727
99 795 781 446 1
507 212 32 11 292
746 759 373 448 621
199 408 939 200 102
976 666 274 666 349
653 276 120 5 13
156 273 55 125 73
524 185 750 585 389
765 731 12 10 473
314 899 763 752 124
405 437 9 33 42
493 151 248 627 913
715 443 637 61 595
150 861 36 587 219
239 260 770 9 64
927 187 360 277 474
945 203 598 803 822
626 51 554 360 705
776 722 953 866 204
748 390 386 42 496
379 768 753 785 174
585 757 361 42 199
401 876 99 40 668
446 4 7 457 179
676 210 563 826 91
852 262 233 628 503
344 986 125 505 730
75 74 153 282 699
553 472 64 968 904
801 307 30 237 949
948 663 291 656 36
57 885 213 521 465
576 115 886 459 325
463 565 271 658 370
936 990 922 437 9
419 669 305 335 766
816 577 839 192 283
956 450 833 116 854
467 559 738 645 617
348 106 703 471 226
138 437 240 86 41
418 326 126 252 38
959 609 888 286 37
371 645 530 294 854
511 453 599 244 876
543 615 442 259 606
785 130 731 549 537
456 625 424 494 710
204 363 45 902 307
524 993 775 942 999
904 36 956 651 334
229 763 56 948 209
227 359 807 962 491
175 495 905 617 524
768 434 395 564 149
96 990 205 32 418
915 429 698 501 944
52 955 259 811 802
777 699 7 58 969
71 828 588 476 564
450 962 335 947 997
873 590 234 875 510
707 69 734 905 907
925 722 202 88 648
842 293 757 710 29
217 787 482 945 819
636 885 301 907 435
636 243 873 382 346
705 299 726 230 458
811 945 32 143 483
77 998 521 591 413
602 872 588 257 581
893 842 429 994 125
363 232 255 744 196
377 784 463 309 106
121 805 991 138 668
471 858 14 245 376
185 421 727 209 63
575 322 145 309 104
200 599 44 381 18
175 857 941 20 304
720 864 282 807 893
457 138 409 384 996
792 292 188 481 787
672 829 171 454 941
993 782 928 657 130
310 460 10 318 262
996 923 258 615 428
788 839 86 788 934
160 642 558 55 510
645 481 989 433 246
439 149 118 12 224
859 445 199 907 849
559 697 321 538 769
330 954 721 273 269
676 187 296 506 644
112 640 458 551 136
842 854 544 254 294
165 373 31 826 310
946 570 34 683 717
125 423 161 971 666
738 554 51 525 251
168 533 371 394 894
950 148 755 711 495
863 179 353 974 920
317 159 374 421 88
177 432 14 359 25
93 840 529 824 65
867 501 529 702 301
397 582 434 933 102
169 885 612 872 815
177 717 942 275 839
730 796 896 707 971
279 504 606 843 129
44 469 545 409 294
467 306 837 889 135
43 994 878 469 108
511 162 841 600 880
153 603 745 997 865
242 241 374 766 240
633 88 965 903 310
25 580 386 208 355
300 398 912 879 953
850 212 152 842 504
52 369 424 424 74
211 67 59 804 366
633 686 606 297 138
376 584 847 518 732
915 301 212 895 638
89 164 402 210 397
347 172 286 608 201
549 633 510 320 580
946 222 910 942 745
392 36 674 631 232
278 982 153 319 36
616 454 734 490 528
655 47 181 522 191
735 309 770 716 913
313 51 942 979 266
280 966 294 287 285
667 899 802 825 213
26 907 92 318 491
712 508 540 191 260
962 442 940 631 829
751 124 748 468 902
945 800 104 481 628
240 491 947 752 563
696 445 85 621 293
293 349 200 159 695
800 379 801 512 893
11 616 135 434 52
418 849 634 934 335
864 194 968 158 287
175 840 600 357 170
367 608 734 164 873
616 43 587 884 59
461 397 90 410 410
476 876 199 640 197
625 809 548 809 378
808 609 919 756 945
323 251 172 444 568
231 935 136 53 135
511 491 829 888 139
589 266 740 876 474
737 880 287 617 961
726 655 670 526 57
294 568 538 926 590
849 542 691 832 847
191 343 9 926 140
986 697 636 139 207
9 392 766 858 764
315 711 464 199 401
767 559 103 533 23
57 707 909 181 22
3 53 770 49 576
155 8 40 25 395
501 850 962 904 497
677 832 275 3 951
590 925 551 650 997
21 197 731 860 292
835 839 488 781 222
996 754 955 455 547
716 425 453 988 536
901 346 60 686 713
674 698 887 818 586
817 686 423 904 497
669 993 306 735 792
689 672 878 28 682
678 338 357 490 249
371 804 942 477 950
129 739 372 776 932
84 189 448 972 994
184 67 650 624 389
683 502 817 567 620
720 331 537 48 85
850 771 188 440 765
994 636 914 339 929
827 715 255 432 382
761 155 166 446 694
151 323 436 868 445
469 795 861 498 238
653 764 691 514 914
759 998 126 971 81
237 915 238 969 621
758 967 481 386 68
538 262 308 267 743
658 26 181 527 443
76 501 345 618 89
483 350 234 333 122
419 960 605 159 64
676 820 950 330 786
700 289 439 62 301
248 160 408 301 633
300 503 357 349 241
986 600 937 156 37
89 958 781 710 517
567 514 745 937 429
679 431 377 95 217
302 456 521 256 348
198 748 968 970 692
758 55 928 158 798
975 268 935 140 801
90 300 476 462 753
340 645 11 39 112
962 620 422 417 837
382 858 422 544 908
7 714 180 617 623
756 605 878 531 421
676 875 496 860 618
80 417 628 805 887
805 247 413 104 186
283 407 952 843 689
267 498 456 271 925
305 765 24 211 922
261 671 15 207 239
957 961 607 740 912
858 523 760 48 731
348 356 929 782 494
718 801 390 72 853
142 242 439 225 217
50 295 884 637 115
29 505 22 318 345
284 406 319 462 747
860 299 825 651 855
339 686 398 256 689
48 880 47 348 167
895 115 869 730 355
639 907 565 47 875
126 154 192 364 474
635 810 579 419 387
98 229 237 841 414
605 927 131 68 10
150 325 284 552 153
737 651 43 917 486
339 956 926 732 874
201 225 358 180 907
360 919 424 65 921
408 810 526 391 695
210 690 109 642 337
371 464 322 477 708
601 964 744 340 115
701 304 902 959 508
445 525 928 27 291
566 560 95 359 700
438 613 676 139 914
957 612 19 908 455
714 234 544 134 191
565 314 821 928 915
49 381 611 895 52
199 278 398 558 139
38 700 444 501 645
487 943 706 14 296
562 726 463 415 852
881 66 215 160 40
470 781 954 630 159
268 345 297 556 19
771 244 979 895 573
639 647 282 763 541
866 820 497 869 65
768 274 893 856 133
945 426 106 972 953
610 375 215 980 470
394 264 125 351 22
855 409 358 492 924
534 371 754 982 298
400 378 882 487 766
828 579 826 282 869
81 409 114 507 274
164 36 519 367 848
360 590 466 525 781
835 561 332 83 971
936 123 592 342 791
583 488 452 811 396
505 585 709 436 973
46 539 558 640 9
574 479 129 367 46
617 363 863 719 884
74 801 963 62 681
823 303 481 607 281
788 982 151 150 29
404 370 484 639 423
404 51 248 661 798
898 146 967 389 133
272 12 9 505 529
227 514 685 362 907
31 435 8 604 39
256 760 40 475 232
334 324 55 440 457
673 176 983 336 53
538 531 766 65 603
748 970 571 797 360
642 603 579 186 80
230 273 760 119 296
375 103 605 657 569
493 304 441 565 900
996 9 433 377 17
446 402 207 866 802
77 71 979 996 119
93 449 15 639 858
421 533 544 485 254
4 874 269 842 330
519 478 250 442 678
193 425 442 654 660
561 136 480 623 136
63 710 722 481 789
908 507 359 709 266
866 250 191 966 116
909 556 726 12 510
747 876 986 884 19
104 717 904 745 408
259 750 643 394 852
530 981 893 292 791
227 308 673 936 357
875 899 538 545 152
394 738 783 217 11
985 784 86 875 866
28 596 652 664 130
984 989 752 956 940
172 950 880 12 100
641 748 555 472 968
869 971 786 341 250
576 997 418 959 81
668 229 45 572 672
527 902 617 435 263
430 935 122 727 905
520 785 364 876 430
204 351 402 241 399
717 784 932 828 241
190 74 526 794 352
943 860 78 514 890
327 718 301 700 43
685 164 854 697 406
753 169 392 572 584
916 947 412 950 2
29 169 918 512 773
999 901 106 623 271
713 879 971 198 743
391 286 383 874 395
744 26 148 398 3
193 110 430 949 324
83 42 13 64 240
174 95 795 269 84
198 239 268 481 338
31 711 367 981 569
749 459 715 82 253
51 623 465 131 599
511 718 453 761 216
67 293 544 115 403
31 275 237 992 336
995 454 936 526 913
17 217 594 779 292
413 368 46 787 344
575 100 771 613 171
418 779 607 5 31
946 668 911 383 745
941 802 637 125 367
73 485 88 738 220
13 101 709 371 436
70 197 735 355 641
112 406 687 220 614
925 26 974 768 292
543 377 140 506 840
305 715 996 657 934
362 31 358 847 202
363 259 305 892 25
728 516 91 633 546
126 633 360 500 70
947 595 78 615 92
364 226 623 218 825
34 410 987 795 928
176 876 556 88 72
76 391 729 794 473
962 883 535 949 202
165 328 116 794 29
88 690 951 65 705
475 580 917 574 258
364 303 762 13 864
277 918 752 731 101
353 965 40 396 299
284 193 400 642 293
74 152 400 346 614
234 449 879 939 69
24 216 494 221 568
514 786 494 793 50
470 20 476 423 944
560 351 452 531 998
487 233 895 185 939
662 633 913 360 835
766 899 481 586 647
575 620 920 727 914
139 424 128 100 600
455 19 786 433 981
277 346 286 427 782
949 988 877 900 591
691 638 453 532 52
962 790 775 760 868
329 309 351 930 877
882 129 789 154 972
236 521 953 440 7
203 474 797 373 326
242 664 182 901 956
748 800 900 424 153
475 214 743 859 801
461 805 447 211 85
728 719 74 18 833
868 622 714 255 276
810 279 865 565 10
686 539 679 169 194
926 534 206 305 293
424 824 29 353 640
374 535 112 331 54
662 909 380 455 296
78 195 332 982 483
850 707 966 131 928
696 859 941 772 848
680 376 964 866 846
164 866 907 757 586
793 385 986 720 780
82 43 927 831 86
489 185 892 434 321
663 376 822 494 332
909 725 644 1000 530
963 337 318 348 949
120 919 109 547 561
796 804 583 50 407
368 567 144 320 257
270 97 919 488 765
255 25 1000 379 74
997 322 36 302 564
523 315 771 955 121
384 257 768 908 968
745 801 917 875 533
569 553 1000 320 174
278 415 529 712 687
144 562 773 295 679
580 225 352 289 807
37 775 380 239 262
596 75 270 901 191
283 510 380 611 773
128 389 509 901 938
916 67 822 943 764
269 278 448 701 226
152 356 206 605 887
711 721 13 138 227
507 203 387 180 39
981 318 412 582 882
809 618 718 848 212
127 595 9 887 91
655 527 153 6 159
813 591 993 221 506
107 322 510 708 633
14 875 661 925 697
922 557 24 245 691
865 224 361 629 891
527 568 696 954 823
661 874 328 915 632
963 917 225 327 31
841 418 550 781 204
409 106 986 979 217
800 784 803 232 172
717 128 558 720 15
243 489 972 554 706
24 289 533 625 32
420 922 656 905 874
426 236 668 649 178
199 719 962 773 864
735 918 751 886 578
617 683 852 163 968
393 266 830 139 888
572 903 295 60 88
164 607 911 747 209
441 938 359 570 490
46 724 628 317 389
348 23 307 638 354
686 996 129 627 984
41 604 771 235 46
368 809 611 476 810
443 489 570 315 963
571 685 426 777 203
639 443 435 471 210
408 34 614 898 154
381 419 936 611 561
826 774 45 334 37
317 583 182 368 748
320 609 460 577 338
40 741 617 296 245
390 5 774 991 520
501 499 371 624 538
417 424 652 585 244
471 419 151 229 362
900 91 143 294 400
180 738 591 272 35
386 159 278 312 893
81 651 625 784 613
423 857 257 63 905
251 259 948 677 805
125 274 627 473 477
920 145 577 877 814
689 84 212 645 841
315 371 996 930 111
307 82 264 504 615
5 440 902 836 381
75 355 994 806 464
137 74 902 785 841
419 618 950 461 401
100 771 419 726 847
488 967 889 100 71
211 1000 303 803 467
751 476 445 198 829
268 317 552 204 379
463 580 551 638 294
409 464 612 506 995
815 940 1 105 176
785 53 727 624 47
624 904 971 525 602
574 884 590 812 10
409 69 901 553 163
20 557 553 295 480
544 25 649 210 726
776 723 423 499 760
496 971 383 792 152
963 420 218 70 146
584 579 221 320 545
5 793 948 265 679
516 912 556 70 831
829 458 25 20 604
274 457 907 141 289
904 781 59 681 917
138 442 93 785 473
217 92 892 993 455
333 107 501 959 429
212 712 238 964 765
373 404 450 141 779
551 144 499 645 200
914 24 590 532 72
369 996 368 121 120
373 4 733 45 615
726 971 282 915 251
263 118 767 329 189
108 971 127 89 112
286 501 329 698 399
702 249 373 895 746
236 543 240 959 581
339 281 162 313 301
196 245 804 939 187
753 643 567 692 166
236 158 232 467 176
145 980 893 264 234
52 768 114 261 789
301 303 148 931 893
486 562 536 884 363
189 482 226 866 306
998 958 947 92 50
853 700 239 105 532
492 809 948 778 734
138 475 98 638 639
626 251 72 243 36
960 149 605 416 846
83 377 267 228 281
682 464 971 141 99
633 197 594 983 453
161 1000 643 16 733
347 602 625 274 79
331 756 676 67 370
725 482 547 882 525
81 823 629 214 8
545 448 474 884 34
695 450 942 123 54
98 891 624 151 503
97 574 840 390 669
834 7 545 450 457
110 814 637 925 125
382 779 559 352 257
212 317 346 813 784
843 143 450 485 160
902 64 735 251 816
262 396 357 120 498
235 847 264 945 837
286 929 508 405 615
718 533 43 316 853
427 139 722 277 577
131 964 975 820 650
215 346 75 660 509
390 328 246 791 319
580 2 953 269 819
508 116 151 598 984
704 591 92 755 357
3 545 137 396 363
550 103 274 797 844
394 620 93 202 914
553 929 473 675 904
297 132 998 783 606
937 978 970 573 521
425 278 87 772 78
763 899 400 174 837
489 245 580 623 885
44 700 180 351 964
684 403 132 49 444
334 713 543 807 510
852 954 441 605 668
19 734 425 497 122
614 268 21 958 229
842 299 978 430 5
384 985 167 32 331
63 39 894 793 713
940 745 382 765 389
738 666 263 640 519
283 755 234 416 829
494 290 237 8 542
626 361 913 901 307
751 178 448 421 158
237 672 96 144 50
716 750 46 969 389
669 178 677 658 96
235 823 954 243 940
666 52 41 74 776
130 399 319 979 225
896 723 106 740 758
724 980 926 868 350
743 923 337 437 53
430 228 1 797 935
802 584 584 691 26
124 913 86 283 880
333 921 171 73 991
539 674 372 2 205
48 69 856 11 484
502 661 610 772 64
524 156 560 134 182
89 738 669 892 945
663 702 218 268 790
155 933 579 156 124
449 645 863 889 586
488 206 942 981 415
276 477 968 429 315
581 67 551 374 807
586 99 927 713 1
824 72 23 675 977
551 806 994 265 98
115 961 646 599 841
768 379 355 640 460
692 574 404 835 405
76 311 291 546 778
494 807 203 963 54
438 381 284 581 690
720 928 638 498 828
595 939 492 916 983
251 771 286 481 826
713 832 125 17 180
464 428 509 55 622
50 313 471 349 134
873 832 689 100 427
64 688 378 8 354
955 988 22 28 654
769 408 702 971 37
509 690 713 68 87
318 510 82 442 173
927 389 729 357 618
599 21 101 414 430
604 496 776 780 895
533 553 166 762 119
398 874 726 178 51
770 887 156 464 501
80 474 488 308 892
733 435 770 263 799
17 426 761 370 678
916 666 273 233 567
469 789 258 377 616
468 238 531 928 392
315 39 330 216 833
620 427 221 975 621
438 901 687 219 239
55 39 585 724 660
424 577 57 778 993
873 331 389 22 545
195 361 662 543 327
313 876 711 346 85
15 138 906 742 459
502 55 492 380 168
6 685 230 205 30
99 546 336 894 708
558 49 533 735 250
370 182 63 7 416
895 715 126 268 379
693 386 812 14 597
125 805 801 64 384
399 348 744 674 211
387 642 155 261 870
652 588 579 595 673
445 210 817 600 992
781 287 422 357 724
459 652 921 509 548
404 267 128 714 765
353 991 759 903 138
207 711 821 612 137
219 34 525 550 757
359 243 513 749 828
45 731 80 304 95
965 194 745 731 953
274 587 594 440 264
734 872 237 222 976
886 164 823 118 495
939 888 776 800 776
370 844 59 107 217
15 849 670 507 982
882 610 478 883 866
834 324 648 402 392
959 25 751 736 385
111 300 658 440 298
489 907 490 678 892
734 292 814 912 449
444 620 139 928 879
569 995 4 248 63
83 744 477 364 468
551 131 913 387 164
580 69 948 20 77
615 719 599 173 628
252 471 730 275 245
939 940 766 744 988
174 643 27 542 197
375 995 302 971 539
901 138 420 866 677
595 985 869 376 894
581 249 38 872 549
282 988 741 159 643
347 31 104 484 262
924 117 914 698 434
654 260 299 923 896
393 375 163 645 96
709 673 107 902 435
688 766 640 515 161
114 987 792 162 359
648 706 708 25 904
42 38 510 879 221
286 822 131 956 321
846 712 856 16 279
623 999 841 30 41
721 898 257 839 935
911 163 260 453 359
241 158 64 22 108
638 190 43 589 841
342 364 421 2 702
546 700 730 153 500
782 890 179 449 326
737 915 248 128 782
872 135 439 231 756
658 695 38 929 730
914 510 139 371 634
604 320 108 327 439
191 843 593 283 94
157 681 191 204 144
327 123 65 808 268
936 43 147 746 722
30 692 170 931 147
176 742 471 702 260
369 351 157 76 203
869 866 781 776 719
852 771 24 434 520
553 865 206 784 768
968 128 73 147 341
538 141 354 446 19
74 251 900 854 889
181 517 197 33 207
767 391 818 904 588
730 300 16 892 313
759 782 23 481 467
115 284 893 739 354
541 447 993 985 785
801 227 426 604 286
759 952 763 511 464
655 687 560 105 278
849 223 233 874 223
728 547 659 803 907
781 468 197 435 433
715 751 575 286 399
971 598 409 945 787
164 194 212 13 537
454 366 897 262 946
818 379 902 929 490
696 758 419 866 546
693 517 577 508 543
343 608 173 970 754
734 650 44 855 167
733 540 125 171 443
189 355 802 832 703
497 305 706 979 225
421 915 943 729 166
39 126 744 698 126
359 518 128 205 713
652 122 712 215 207
943 67 831 944 923
714 102 695 157 356
905 934 509 689 455
129 217 522 791 698
603 87 337 965 60
361 910 378 697 185
293 214 337 956 554
861 651 225 238 959
634 610 734 989 449
92 483 499 967 326
340 347 706 277 300
738 661 212 633 373
379 544 405 980 773
712 630 392 668 540
931 296 243 746 440
631 244 472 23 670
928 267 982 345 868
699 872 2 343 606
746 727 527 423 527
282 494 804 491 991
528 189 880 914 77
846 710 13 416 781
938 797 192 258 132
957 56 879 7 89
870 512 645 809 649
320 837 720 190 241
631 173 443 414 97
126 624 286 66 160
130 370 747 543 748
1000 919 71 609 782
966 416 302 135 26
539 756 56 853 891
158 260 989 864 323
483 206 670 873 133
248 154 772 109 786
29 469 116 449 525
483 620 963 918 14
606 223 912 102 924
671 167 559 779 660
483 734 837 949 163
732 97 928 89 520
181 43 832 130 656
440 183 519 65 197
867 201 364 119 398
66 814 330 863 724
645 658 879 611 105
897 296 401 200 63
492 84 599 768 196
90 426 486 368 34
390 328 256 788 54
556 955 923 383 320
743 558 959 660 729
580 407 404 805 913
173 668 344 766 690
956 578 471 547 613
519 304 48 858 163
140 354 681 490 590
217 517 409 410 415
167 975 806 875 817
973 282 636 656 478
