50 100
429 246
589 241
508 835
466 338
720 737
860 549
512 432
387 27
84 473
689 160
220 359
754 707
134 787
821 296
580 765
658 258
820 528
580 197
810 998
169 315
931 931
575 604
179 806
161 844
770 685
35 576
427 249
394 185
861 386
704 228
197 628
990 441
195 866
138 443
812 513
12 247
200 609
724 192
277 407
526 122
732 966
696 886
938 192
211 126
842 1000
192 282
608 985
613 473
497 188
16 412
14 8 928 804 775
2 5 28 428 794
19 23 428 176 900
6 14 636 499 417
27 3 190 518 728
28 38 430 967 486
11 12 123 500 220
32 26 833 767 981
33 6 614 66 641
44 40 744 870 189
20 23 647 905 77
41 27 746 136 285
35 2 851 843 214
28 3 181 854 185
23 14 585 629 686
15 48 925 763 506
41 47 342 703 493
41 37 326 102 946
22 37 431 917 109
33 20 430 311 612
5 28 413 597 392
34 31 736 454 329
44 20 42 7 938
10 34 472 295 102
39 14 208 242 6
29 25 339 534 3
31 8 957 544 85
1 12 399 315 110
28 32 579 119 901
14 28 211 17 389
11 17 632 72 420
17 36 943 898 56
12 9 113 230 234
5 23 156 899 735
25 1 148 468 911
25 18 505 498 781
14 26 821 934 907
11 13 153 456 363
20 34 777 356 166
3 32 199 483 48
15 5 223 53 268
43 42 197 231 399
19 1 326 734 326
19 50 52 584 489
26 50 540 397 928
12 4 829 934 505
48 34 905 473 63
32 8 25 975 757
6 4 382 626 210
23 32 645 391 826
17 45 552 398 249
30 4 453 443 693
2 49 558 338 197
43 16 842 562 221
7 42 662 124 663
35 6 596 175 45
36 21 374 781 168
30 36 263 4 986
45 24 1 363 300
48 26 196 669 511
36 30 780 519 670
46 18 220 417 525
40 32 131 203 645
20 41 107 263 208
36 20 987 619 580
5 30 539 254 796
1 18 663 517 263
43 29 300 405 507
43 14 35 474 515
29 1 148 889 129
19 46 702 689 585
45 14 283 640 741
22 23 467 244 168
17 9 227 396 27
8 3 978 761 565
21 35 102 414 785
17 26 702 997 457
34 20 256 663 315
26 22 946 557 379
19 39 511 230 708
28 43 780 755 227
27 38 455 53 693
22 20 191 272 933
5 46 438 398 962
43 27 42 726 618
1 16 1000 26 998
20 4 286 787 434
11 38 539 747 74
14 25 127 577 412
13 23 390 884 385
22 6 197 842 182
45 42 335 756 621
9 40 992 875 481
8 16 263 452 218
17 11 835 262 916
19 50 892 900 500
45 26 55 438 735
32 37 242 412 282
2 24 669 614 780
25 7 472 168 117
