66
26761 1437
26410 11735
5829 26695
17744 5689
5480 1097
27593 27797
2363 18266
15675 17803
16049 27948
25444 19827
29714 12541
2651 9877
3800 15721
24856 30616
16474 20098
823 15934
23975 14882
12281 14926
28341 21120
29324 1233
14523 22274
8076 10112
18395 26450
19401 18558
15364 11444
8267 15939
23831 11671
12179 8152
14920 -151
12324 9546
22728 19120
16450 27737
13729 21847
5882 30064
7905 1861
18018 27866
10234 7477
29474 5170
15721 -575
9523 24603
7062 25791
5607 7730
11515 22737
7978 14145
5001 7992
12295 25014
24903 8681
27246 22611
17469 31715
20020 26918
10640 8127
5467 28860
7150 19593
9620 5522
24876 17614
15106 22476
6958 31734
12353 18729
28680 11732
1959 311
-670 5244
6601 8643
6945 12373
3393 -108
12612 22127
31663 17241
