195
1999990169
1999990404
1999990910
1999990940
1999990291
1999991291
1999990603
1999990931
1999991350
1999991691
1999990060
1999990730
1999990529
1999990682
1999991315
1999990845
1999990865
1999991582
1999990602
1999990220
1999990983
1999991429
1999991194
1999990414
1999991211
1999991847
1999990203
1999991464
1999990625
1999991352
1999990125
1999990735
1999990667
1999990162
1999991991
1999991082
1999990527
1999991059
1999991709
1999990091
1999991898
1999991219
1999991831
1999991024
1999991093
1999991193
1999991552
1999990309
1999991656
1999990702
1999991485
1999991132
1999990380
1999990834
1999990191
1999990591
1999990341
1999990589
1999991146
1999990101
1999991984
1999991545
1999991270
1999990532
1999990360
1999991326
1999990485
1999991767
1999990784
1999991054
1999990967
1999991376
1999990348
1999990547
1999990619
1999990878
1999991328
1999990101
1999990055
1999991522
1999991246
1999990976
1999991945
1999990191
1999990394
1999991077
1999991519
1999991681
1999991792
1999990272
1999990628
1999991663
1999990169
1999990458
1999991116
1999990563
1999991881
1999991888
1999991234
1999991898
1999991772
1999990404
1999990111
1999990999
1999990851
1999991410
1999990174
1999991373
1999990489
1999991222
1999991262
1999991517
1999991499
1999990540
1999990232
1999991308
1999990856
1999991320
1999990049
1999991257
1999990261
1999991623
1999990658
1999990782
1999990244
1999991093
1999991622
1999990372
1999991557
1999990128
1999991428
1999990556
1999990445
1999991373
1999990382
1999991131
1999990487
1999990762
1999991065
1999990693
1999991449
1999991972
1999991886
1999990350
1999991672
1999991514
1999990016
1999991965
1999990142
1999991090
1999990159
1999991153
1999991211
1999991354
1999991900
1999991961
1999990585
1999990513
1999990254
1999991759
1999991877
1999990471
1999991684
1999991460
1999990603
1999991986
1999991292
1999991266
1999991265
1999990770
1999991748
1999990429
1999990855
1999991832
1999990143
1999991100
1999990252
1999990930
1999991786
1999991351
1999990709
1999990746
1999991423
1999990225
1999991962
1999990321
1999990601
1999990648
1999991345
1999990918
1999991210
1999991083
1999990256
1999990859
1999991898
