199
1999990149
1999991501
1999990205
1999991254
1999991450
1999990404
1999991676
1999991442
1999991970
1999991543
1999990104
1999990101
1999990307
1999990874
1999991885
1999990895
1999991290
1999991413
1999991359
1999991635
1999991696
1999991676
1999990208
1999991017
1999990270
1999990387
1999991911
1999991457
1999990242
1999990353
1999990494
1999991898
1999991618
1999991892
1999990666
1999991138
1999991440
1999991638
1999990736
1999991262
1999990063
1999990319
1999991510
1999991100
1999991941
1999990122
1999990920
1999990215
1999991458
1999990620
1999991725
1999990747
1999990864
1999991251
1999991401
1999990986
1999990907
1999991019
1999990659
1999990303
1999991650
1999990807
1999990010
1999991936
1999991295
1999990030
1999991571
1999990665
1999991427
1999991635
1999991558
1999990583
1999990374
1999991657
1999990027
1999991137
1999991054
1999991623
1999991599
1999990478
1999990717
1999991241
1999990395
1999990707
1999990048
1999991240
1999990726
1999990588
1999990997
1999990683
1999990906
1999990270
1999991917
1999990013
1999990693
1999991290
1999990899
1999991248
1999990177
1999991332
1999991883
1999990562
1999990133
1999990084
1999991054
1999990687
1999990925
1999990124
1999990101
1999991432
1999991176
1999990876
1999991380
1999990691
1999991313
1999990035
1999990809
1999990083
1999990593
1999991719
1999991973
1999990505
1999991762
1999990679
1999991739
1999990219
1999991831
1999990590
1999991174
1999991044
1999990186
1999991450
1999990528
1999991596
1999990054
1999991646
1999991584
1999991001
1999991158
1999990325
1999991715
1999990917
1999990973
1999991337
1999990318
1999991315
1999991944
1999991139
1999991651
1999990765
1999991008
1999991779
1999991059
1999991007
1999990325
1999990738
1999990915
1999991913
1999991544
1999990597
1999990353
1999991841
1999991751
1999991989
1999991881
1999990759
1999990511
1999990957
1999990163
1999991581
1999990428
1999991892
1999990399
1999991991
1999990677
1999991292
1999990196
1999990383
1999991430
1999990778
1999990949
1999990813
1999990349
1999990439
1999990966
1999990405
1999990601
1999990774
1999991885
1999991200
1999991552
1999991879
1999990460
1999990991
1999990241
1999990267
1999991406
1999991085
1999991529
