197
1999990898
1999991365
1999990269
1999991569
1999991376
1999991516
1999990748
1999991186
1999991822
1999991395
1999990148
1999991471
1999990086
1999990298
1999991223
1999990945
1999990947
1999991244
1999990883
1999990283
1999991177
1999990691
1999991223
1999990852
1999991329
1999991696
1999990387
1999991450
1999990627
1999991354
1999991630
1999991829
1999990569
1999990855
1999991342
1999991193
1999991121
1999990217
1999991764
1999990433
1999990996
1999991419
1999991957
1999991944
1999990021
1999991052
1999990288
1999990889
1999990028
1999991771
1999991965
1999990363
1999990115
1999990900
1999990611
1999991381
1999991472
1999991449
1999990941
1999991272
1999990549
1999990069
1999990749
1999990572
1999990997
1999991501
1999991426
1999990331
1999991303
1999990984
1999991382
1999991790
1999990399
1999990000
1999991435
1999991396
1999990012
1999991145
1999991911
1999991434
1999990188
1999990738
1999990845
1999990456
1999990935
1999991402
1999991166
1999991496
1999990970
1999991093
1999991952
1999990876
1999991666
1999990335
1999990270
1999990784
1999990684
1999991376
1999991888
1999991998
1999990762
1999990720
1999991388
1999990401
1999990025
1999991964
1999991677
1999990108
1999991713
1999991642
1999991859
1999991467
1999991260
1999990842
1999991163
1999990762
1999990763
1999991614
1999991137
1999990181
1999991685
1999990620
1999991635
1999991808
1999991233
1999991344
1999991271
1999990040
1999990023
1999990727
1999990944
1999991577
1999991842
1999990586
1999991725
1999990162
1999990680
1999990471
1999991251
1999991958
1999991981
1999991863
1999990828
1999991556
1999990964
1999991883
1999990639
1999991545
1999991160
1999990440
1999990626
1999991172
1999990138
1999990661
1999991982
1999990746
1999991244
1999991314
1999990834
1999991436
1999990062
1999991211
1999991818
1999991750
1999990390
1999990765
1999990497
1999990649
1999991061
1999990393
1999991109
1999990123
1999991944
1999990151
1999991211
1999990253
1999990140
1999990604
1999990306
1999990205
1999991958
1999990111
1999990507
1999990653
1999990737
1999991256
1999990601
1999990900
1999990425
1999990714
1999991894
1999991444
1999990664
1999991892
1999991815
1999991564
1999990223
