195
1999991646
1999990461
1999991564
1999991116
1999991303
1999990628
1999991821
1999991697
1999991674
1999991248
1999990192
1999991610
1999990632
1999991722
1999991793
1999990995
1999991373
1999991074
1999991640
1999991698
1999991890
1999990938
1999991470
1999991455
1999991619
1999990236
1999990094
1999990675
1999990244
1999990355
1999991999
1999990992
1999991520
1999990585
1999990017
1999991249
1999990035
1999990796
1999990023
1999991603
1999991161
1999990518
1999991636
1999990021
1999990101
1999991982
1999990888
1999990796
1999991830
1999990921
1999990205
1999990746
1999990599
1999990549
1999991821
1999990544
1999990038
1999991879
1999990455
1999991473
1999991448
1999991331
1999991489
1999991976
1999991931
1999990204
1999990512
1999991997
1999991179
1999991565
1999991974
1999990229
1999991193
1999991111
1999990843
1999990888
1999991737
1999991435
1999991455
1999990390
1999990891
1999991003
1999991294
1999990972
1999990589
1999991565
1999990374
1999991635
1999990175
1999991504
1999990229
1999990715
1999991415
1999990657
1999991079
1999990278
1999991701
1999990735
1999991598
1999991431
1999990873
1999990878
1999991410
1999991485
1999990228
1999991241
1999991660
1999990859
1999991325
1999991852
1999991773
1999990058
1999991141
1999990993
1999990244
1999991488
1999990716
1999990377
1999990912
1999990643
1999991397
1999990734
1999990739
1999991705
1999991496
1999990470
1999991480
1999990258
1999991640
1999991642
1999991702
1999991704
1999991924
1999990808
1999991396
1999990677
1999991009
1999990710
1999991344
1999991590
1999990247
1999990808
1999990683
1999991775
1999990378
1999990451
1999991335
1999990719
1999990669
1999990115
1999990244
1999991797
1999991986
1999990314
1999990407
1999991523
1999990341
1999991946
1999990124
1999991506
1999990538
1999990581
1999991886
1999990279
1999991668
1999991539
1999991716
1999990340
1999991191
1999990436
1999991790
1999991586
1999991488
1999990310
1999990512
1999990445
1999991316
1999990057
1999991950
1999991632
1999990198
1999990177
1999990666
1999990867
1999991741
1999990108
1999991833
1999991794
1999991733
1999990997
1999990236
1999990240
1999990869
1999990024
1999990158
