199
1999991626
1999990325
1999990859
1999991430
1999991230
1999991741
1999991662
1999991441
1999991526
1999991100
1999990236
1999990981
1999990410
1999991915
1999991131
1999991813
1999991030
1999990905
1999990397
1999991114
1999991371
1999991952
1999990484
1999991290
1999990678
1999990777
1999990570
1999990668
1999990629
1999991356
1999990368
1999990923
1999991239
1999991547
1999990693
1999991305
1999991716
1999990607
1999991050
1999990774
1999990093
1999991618
1999990083
1999990097
1999990949
1999990911
1999990256
1999990702
1999991632
1999990839
1999990445
1999990361
1999991850
1999990198
1999991031
1999990938
1999990604
1999990309
1999990736
1999991674
1999991115
1999990593
1999990229
1999990612
1999990865
1999991675
1999990366
1999990895
1999991055
1999990913
1999990565
1999991436
1999991219
1999990222
1999990251
1999991147
1999991463
1999990958
1999991767
1999991346
1999990362
1999991268
1999991744
1999990720
1999990244
1999991727
1999991581
1999990543
1999990148
1999991914
1999991275
1999991321
1999991163
1999990211
1999990656
1999991005
1999990718
1999990095
1999991309
1999990097
1999991752
1999990268
1999991433
1999990570
1999991199
1999990518
1999990411
1999990842
1999990936
1999990062
1999990456
1999990649
1999991021
1999991144
1999990094
1999990215
1999990670
1999991140
1999991456
1999990337
1999990342
1999990848
1999991843
1999991602
1999990991
1999991596
1999990920
1999990476
1999991256
1999991326
1999990460
1999990599
1999990006
1999991798
1999991068
1999991961
1999990105
1999990180
1999991436
1999991222
1999991281
1999991753
1999991770
1999990762
1999991024
1999991020
1999990031
1999991125
1999990178
1999990558
1999991862
1999991191
1999991834
1999991968
1999990064
1999991532
1999990670
1999991347
1999990647
1999990345
1999991014
1999991951
1999990721
1999990040
1999990177
1999991545
1999991703
1999991264
1999990090
1999991247
1999990471
1999991049
1999991033
1999990470
1999991046
1999990638
1999991260
1999990278
1999991594
1999991059
1999990439
1999991475
1999991592
1999991081
1999990745
1999990192
1999991833
1999991920
1999990273
1999991279
1999991347
1999991805
1999991073
1999990156
1999990501
1999990156
1999991858
1999990299
1999991458
