197
1999990375
1999991421
1999990922
1999991745
1999991157
1999990853
1999990734
1999991953
1999991378
1999990952
1999990280
1999990352
1999990957
1999991339
1999991701
1999991863
1999990687
1999990736
1999991921
1999991761
1999990084
1999990199
1999991499
1999991893
1999991737
1999990085
1999990278
1999990661
1999990246
1999990357
1999991505
1999990854
1999990190
1999991277
1999991369
1999991361
1999991397
1999991186
1999990077
1999991945
1999990258
1999990718
1999990530
1999990942
1999991029
1999991841
1999991624
1999991377
1999990202
1999991989
1999990685
1999990745
1999990334
1999991847
1999990241
1999991333
1999991169
1999991507
1999990250
1999990643
1999990013
1999990623
1999990969
1999990017
1999990567
1999990378
1999990220
1999990562
1999990931
1999990262
1999990389
1999990643
1999991245
1999991333
1999991659
1999991406
1999991189
1999990480
1999991311
1999990302
1999991834
1999990765
1999990194
1999991237
1999991898
1999991890
1999990021
1999991451
1999991352
1999990325
1999990321
1999991927
1999990912
1999990533
1999990233
1999990499
1999991736
1999991455
1999991020
1999991531
1999991863
1999990426
1999991455
1999991654
1999991402
1999991796
1999991162
1999991593
1999990548
1999990272
1999990370
1999990008
1999991670
1999990527
1999991176
1999990942
1999990623
1999990672
1999991999
1999990798
1999990054
1999990963
1999990948
1999991499
1999990486
1999990722
1999991129
1999990693
1999990105
1999990241
1999991218
1999990726
1999991320
1999990788
1999990739
1999990476
1999991202
1999990419
1999991529
1999990855
1999991547
1999990698
1999991625
1999990981
1999991670
1999990820
1999991959
1999990300
1999990918
1999990233
1999990712
1999991816
1999990914
1999991621
1999990489
1999990309
1999991000
1999990747
1999991937
1999991184
1999990723
1999991322
1999990788
1999991801
1999991455
1999991550
1999990922
1999990955
1999990220
1999991290
1999991151
1999991279
1999990577
1999990629
1999991580
1999991598
1999991204
1999991731
1999991239
1999990486
1999991447
1999990774
1999991750
1999991295
1999990516
1999991044
1999991833
1999990814
1999990813
1999991562
1999991689
1999990602
1999991277
1999991057
1999990075
1999991453
1999990675
