195
1999991123
1999991285
1999990218
1999991291
1999991083
1999991966
1999991807
1999991696
1999991998
1999990804
1999990324
1999990491
1999990735
1999990763
1999990271
1999991913
1999991112
1999990566
1999990678
1999991177
1999991565
1999991214
1999990513
1999991728
1999990028
1999990626
1999990753
1999991886
1999991863
1999991358
1999991873
1999990017
1999991142
1999990239
1999990044
1999991416
1999990310
1999991765
1999991104
1999991115
1999991191
1999991050
1999990209
1999991018
1999991877
1999990770
1999990992
1999991283
1999990004
1999991908
1999990925
1999990360
1999990818
1999991496
1999991451
1999991728
1999991735
1999991937
1999990532
1999990844
1999990912
1999991885
1999991708
1999991421
1999991501
1999991850
1999991306
1999991460
1999990807
1999990843
1999990980
1999991082
1999990038
1999991675
1999991067
1999990897
1999990914
1999990002
1999990855
1999991258
1999990537
1999991030
1999990644
1999990985
1999990784
1999990052
1999991229
1999991590
1999991325
1999990735
1999990599
1999990534
1999990660
1999990088
1999991810
1999991225
1999990753
1999990814
1999990731
1999990965
1999990742
1999990584
1999991477
1999991971
1999990373
1999991073
1999991146
1999991576
1999990160
1999990482
1999991053
1999990599
1999991550
1999990679
1999990257
1999991668
1999990577
1999991435
1999991775
1999991260
1999991766
1999991077
1999990052
1999990628
1999991981
1999991847
1999990569
1999990911
1999991722
1999991924
1999991207
1999990852
1999991402
1999991011
1999991643
1999990991
1999991530
1999991889
1999991622
1999990487
1999991813
1999991643
1999990712
1999991200
1999990316
1999991388
1999990654
1999990706
1999990427
1999991908
1999990330
1999991209
1999990762
1999991274
1999990146
1999990318
1999990097
1999991379
1999991227
1999990022
1999991199
1999990692
1999990855
1999990330
1999991965
1999990324
1999990908
1999990647
1999991118
1999990101
1999991832
1999990742
1999990122
1999990789
1999990114
1999991791
1999991147
1999991952
1999990883
1999991913
1999991687
1999990840
1999991908
1999991509
1999991520
1999991127
1999991833
1999990940
1999991353
1999991844
1999990031
1999990166
1999991482
1999991189
1999990418
