198
1999991104
1999990382
1999991513
1999991606
1999991010
1999991078
1999990880
1999990208
1999991850
1999990656
1999990368
1999991862
1999991281
1999990955
1999991609
1999991963
1999990769
1999990397
1999991435
1999990592
1999990278
1999991461
1999991528
1999990331
1999991087
1999991934
1999990461
1999991879
1999990248
1999990359
1999991010
1999991948
1999990093
1999991969
1999990720
1999991472
1999991992
1999990344
1999991363
1999990286
1999991355
1999990150
1999990656
1999991862
1999991957
1999991700
1999991592
1999991957
1999991806
1999991058
1999991165
1999991975
1999990069
1999991145
1999990661
1999990122
1999990301
1999990367
1999990813
1999991045
1999990579
1999991146
1999990448
1999990057
1999990435
1999990553
1999991160
1999991126
1999990683
1999990192
1999991572
1999990289
1999990064
1999990786
1999990475
1999991156
1999990640
1999991524
1999991167
1999990214
1999990008
1999990527
1999991093
1999990733
1999990439
1999990214
1999990437
1999990498
1999990530
1999991913
1999991645
1999990372
1999990409
1999990410
1999991387
1999990720
1999991770
1999990174
1999990442
1999991631
1999990853
1999990741
1999990732
1999991056
1999990576
1999990350
1999991897
1999990327
1999991771
1999990692
1999990967
1999991190
1999991431
1999990830
1999990107
1999990395
1999990530
1999990198
1999990319
1999991722
1999990710
1999991959
1999991924
1999990525
1999991476
1999990973
1999990778
1999991129
1999991338
1999991608
1999991965
1999990979
1999990716
1999990001
1999991314
1999991507
1999990626
1999990128
1999991715
1999990119
1999990079
1999990588
1999990567
1999990187
1999990962
1999991957
1999991350
1999991880
1999991936
1999991583
1999991947
1999991834
1999990609
1999990928
1999990571
1999991095
1999990426
1999990780
1999990517
1999990093
1999991676
1999990062
1999990922
1999990091
1999991242
1999990330
1999990127
1999990338
1999990016
1999990913
1999990513
1999990205
1999991666
1999991716
1999991416
1999991983
1999991091
1999991405
1999990527
1999991340
1999990696
1999990138
1999990835
1999991723
1999990524
1999991979
1999991065
1999991834
1999991893
1999990127
1999991141
1999991731
1999991686
1999990089
1999990761
1999990814
1999990310
1999990745
