197
1999991852
1999990246
1999990808
1999991920
1999990937
1999990191
1999991953
1999991951
1999991702
1999990508
1999990412
1999991233
1999991060
1999990379
1999990180
1999990013
1999991195
1999990228
1999990191
1999991240
1999991758
1999990476
1999991775
1999990166
1999990145
1999990475
1999990937
1999991872
1999991865
1999991360
1999991379
1999991111
1999991044
1999990931
1999991395
1999991528
1999990905
1999990923
1999990390
1999991457
1999990288
1999991249
1999990335
1999991939
1999990804
1999990629
1999990960
1999991864
1999990376
1999990976
1999991405
1999990358
1999990553
1999990794
1999991871
1999990517
1999990866
1999990796
1999990327
1999990014
1999991477
1999990408
1999991188
1999991461
1999990137
1999990024
1999990246
1999990024
1999990559
1999990773
1999991396
1999991496
1999990090
1999991897
1999991883
1999990647
1999990366
1999991046
1999990711
1999990402
1999991479
1999990792
1999991543
1999991250
1999990093
1999991609
1999990876
1999991406
1999990503
1999990324
1999990691
1999990979
1999990158
1999990732
1999990196
1999991446
1999990787
1999991533
1999990153
1999991065
1999990964
1999990899
1999990754
1999990140
1999991547
1999991627
1999990648
1999990310
1999991383
1999991670
1999991649
1999990549
1999991311
1999990981
1999991189
1999991122
1999991252
1999991729
1999990862
1999990184
1999990422
1999990074
1999991029
1999990422
1999990970
1999990099
1999990218
1999991347
1999990187
1999990523
1999990723
1999991874
1999990799
1999990223
1999990986
1999990022
1999991723
1999991598
1999991808
1999991752
1999990345
1999990302
1999991654
1999990406
1999991608
1999990525
1999990046
1999990286
1999991445
1999991258
1999990797
1999991228
1999991689
1999990581
1999990228
1999991104
1999991523
1999990180
1999991807
1999990931
1999991384
1999991432
1999991758
1999990620
1999990520
1999991104
1999990114
1999990030
1999990147
1999990956
1999991194
1999990436
1999991211
1999991876
1999991950
1999990944
1999991035
1999991626
1999991403
1999990767
1999990936
1999990204
1999990993
1999991937
1999990296
1999990063
1999991065
1999991960
1999990433
1999991641
1999991484
1999990527
1999991890
1999990222
1999990336
1999990110
1999990359
