195
1999990600
1999991342
1999990872
1999991467
1999990095
1999990535
1999991025
1999990463
1999991554
1999990360
1999990456
1999991372
1999991606
1999991803
1999991518
1999990063
1999990852
1999990059
1999991716
1999990655
1999990471
1999991491
1999990789
1999990769
1999990436
1999991016
1999990644
1999991097
1999991483
1999990361
1999991748
1999991042
1999990763
1999990661
1999990071
1999991584
1999990586
1999991502
1999991417
1999990627
1999990453
1999990349
1999990781
1999990015
1999990884
1999991559
1999990328
1999991770
1999990178
1999990126
1999990413
1999991974
1999991804
1999991211
1999991081
1999990912
1999991432
1999991994
1999990609
1999990215
1999990376
1999991670
1999991928
1999990865
1999991071
1999990727
1999990100
1999991690
1999990435
1999990122
1999991987
1999991935
1999990115
1999990240
1999991291
1999990906
1999990091
1999990568
1999991023
1999991358
1999990950
1999991057
1999990761
1999990998
1999991747
1999991771
1999990084
1999991545
1999991708
1999990734
1999990969
1999991585
1999991906
1999990286
1999991773
1999990940
1999990573
1999991661
1999991864
1999991730
1999991843
1999990289
1999990777
1999991225
1999991750
1999990904
1999990632
1999991061
1999990995
1999991880
1999991564
1999991139
1999991191
1999991132
1999991038
1999991848
1999991205
1999990492
1999990638
1999991878
1999990135
1999990188
1999990133
1999990319
1999990465
1999991224
1999990427
1999991565
1999991804
1999990206
1999991481
1999990001
1999990881
1999991213
1999990657
1999990538
1999990819
1999991837
1999991901
1999991384
1999990611
1999991247
1999991509
1999991393
1999991022
1999990325
1999991974
1999991460
1999990954
1999990933
1999990415
1999991853
1999991537
1999990235
1999990653
1999991881
1999991853
1999990813
1999991098
1999991770
1999991860
1999990802
1999991825
1999990381
1999991030
1999991109
1999991333
1999991721
1999991045
1999991767
1999991874
1999991899
1999990755
1999990035
1999990484
1999991136
1999990979
1999991078
1999991047
1999990194
1999991177
1999991503
1999991151
1999990151
1999991299
1999990915
1999991065
1999990086
1999991740
1999991924
1999991826
1999990092
1999990095
1999991122
1999990678
