198
1999990581
1999991206
1999990167
1999991782
1999990022
1999991648
1999990098
1999990206
1999991405
1999990212
1999990500
1999990742
1999991384
1999991996
1999990088
1999990881
1999991277
1999991889
1999990473
1999990071
1999991952
1999991737
1999991804
1999991372
1999991495
1999990324
1999991120
1999991090
1999991868
1999991362
1999990884
1999990205
1999991714
1999991623
1999990747
1999990871
1999990267
1999990081
1999990444
1999991798
1999991385
1999991449
1999991228
1999990859
1999991732
1999991720
1999990928
1999990445
1999991980
1999990045
1999990653
1999991589
1999990288
1999990860
1999990291
1999991306
1999991998
1999990424
1999990122
1999990416
1999990043
1999990932
1999990667
1999991501
1999990005
1999990199
1999991954
1999991356
1999990311
1999991470
1999990579
1999991142
1999990909
1999991351
1999990699
1999991165
1999991817
1999990091
1999990567
1999990314
1999991653
1999990554
1999991211
1999991514
1999990634
1999991934
1999991292
1999990453
1999991680
1999991145
1999990014
1999990192
1999991655
1999990608
1999991350
1999991667
1999991590
1999991021
1999990807
1999991164
1999991954
1999990447
1999990799
1999990309
1999990721
1999990181
1999991383
1999991044
1999990606
1999990091
1999990246
1999991730
1999991840
1999990515
1999990120
1999990575
1999991159
1999991255
1999991182
1999990340
1999991847
1999990302
1999991237
1999990216
1999990728
1999991118
1999991867
1999991015
1999991420
1999991121
1999990239
1999990127
1999990195
1999990203
1999990329
1999991821
1999991148
1999991307
1999991994
1999991016
1999990877
1999990192
1999991365
1999991612
1999991668
1999990894
1999990669
1999990635
1999990463
1999990608
1999990033
1999991246
1999990617
1999991888
1999990310
1999991890
1999990182
1999990213
1999991620
1999991841
1999990337
1999990173
1999991892
1999990909
1999990307
1999991883
1999991320
1999991413
1999991943
1999991810
1999990555
1999991361
1999990300
1999990195
1999991786
1999991328
1999990923
1999991299
1999990691
1999991621
1999990185
1999991569
1999991309
1999990365
1999990303
1999990998
1999990297
1999990980
1999990280
1999990206
1999990168
1999990889
1999990299
1999991254
1999991021
1999990703
1999991994
1999991191
