3412 5836 4312 3367
66 455
4224 1092
2728 3003
550 2912
4202 1547
1320 2184
924 1274
396 2548
792 1274
1804 455
572 3367
1672 2184
990 3185
2354 819
990 2184
154 3367
990 3094
726 1820
1826 2639
528 1001
154 3185
2310 0
66 1820
88 2639
132 2457
682 2730
1694 2275
1980 2184
308 819
1188 2002
1738 2457
2068 455
4092 910
1276 2457
1826 2366
660 2275
1056 273
2310 2366
396 1638
2178 819
1276 2548
660 0
1100 182
1386 819
220 2912
1078 1274
946 2821
704 2548
902 1274
22 2821
1518 2275
770 2639
638 2639
1430 2821
286 2093
4224 2184
2002 2821
1980 546
198 1365
1144 2184
484 1274
1034 2093
1716 2639
176 3094
1496 2093
968 3367
1364 910
4246 1638
440 1456
198 3003
1738 0
330 728
1276 2184
1958 2275
4202 1729
4092 1183
660 2093
1562 2275
1342 1274
1188 2548
4312 2366
418 819
1606 3367
44 2730
1276 3094
1650 3003
506 910
330 364
1672 1274
352 1911
1386 2002
242 364
1958 2548
484 2730
4312 2093
22 0
1276 3003
2354 455
484 3185
2310 1820
352 2730
1298 910
682 2639
396 2912
462 2275
1738 1183
1254 1274
528 1183
638 2457
1474 1365
4158 910
682 1456
1430 2366
110 2730
1804 2821
1518 1820
2794 819
2178 91
1012 2002
44 2639
528 546
4136 1911
330 1820
2354 364
1298 1365
638 2366
902 1365
1760 1729
1276 0
44 1274
374 1547
682 1365
1012 3276
616 0
1100 1911
1936 273
4290 2457
1254 1547
1760 2366
1738 3185
1188 1456
1364 1365
462 2730
1144 2730
1100 91
1034 1911
682 1729
550 2093
22 1547
4048 1092
2310 1911
1518 3003
2728 2275
1584 1274
2068 1729
1804 2912
440 2275
1430 1638
1408 2730
1760 3185
1606 3003
2156 728
1078 182
1804 910
88 1092
1408 1365
1320 1274
462 1092
4312 364
1496 1729
2002 2730
176 2821
1826 3276
176 182
176 1092
330 2639
3740 819
154 2730
682 1911
594 1911
2068 0
66 1911
814 2093
2024 2002
1892 2548
4312 1456
1276 1183
242 819
792 2548
2134 1547
198 2457
242 637
1144 1092
4224 1638
66 3003
220 910
4048 910
2112 364
418 3003
968 1274
1342 2002
4070 819
1694 1820
1320 1001
1496 2730
726 1365
330 1274
1122 2275
1782 91
1056 2093
1056 1638
1144 2821
1100 2002
1034 2639
1628 3003
330 1547
1870 91
1694 3185
132 637
1386 3003
770 91
88 910
1430 1183
4026 910
704 2184
1782 3367
1936 2639
3586 819
946 3367
286 1547
792 1820
1892 0
2178 2275
792 2821
1584 3367
176 728
4114 1729
616 3185
308 2366
462 0
2310 2093
198 2912
1144 3003
3960 1092
1694 1729
1232 1820
1496 728
968 819
4246 1729
4092 2002
1298 2275
330 819
198 1729
616 819
4180 1456
1210 2457
1210 2730
4268 2639
1430 273
814 1092
4224 2639
946 546
440 910
1430 2639
990 2730
1210 546
946 1274
264 455
1430 1092
704 1820
4246 2366
462 1365
1408 1729
1232 728
594 637
704 2457
1056 3185
1012 2548
3058 819
4312 819
1562 2548
1012 728
2310 1001
1760 3003
1452 1547
1716 728
1298 3094
1188 2184
2728 910
1936 0
0 3367
726 3367
1254 2275
264 0
1672 1092
484 2002
1254 1092
1496 2184
572 2912
0 1365
1562 728
2288 182
594 819
1298 1729
110 1274
396 728
1078 1820
2046 364
4180 910
660 1274
66 2093
66 2457
1584 0
3652 819
374 1638
990 2366
1408 1456
1980 2366
330 637
770 2275
1034 2457
374 2730
902 3276
220 3094
1782 1638
506 0
1430 1456
4202 1365
1650 2821
22 3003
902 1820
1540 3094
4224 2275
660 2730
594 546
1672 3185
1430 3094
2112 546
1056 2366
1540 2184
1760 1820
2750 819
1474 2275
1232 2639
4268 1820
1100 1365
88 0
1012 1274
1232 2184
1540 2093
2002 3276
1760 2821
4268 2821
4246 2730
594 3003
286 1092
594 2639
616 1274
0 364
484 2457
880 3094
1892 2002
1452 3276
968 2184
2090 637
1210 273
748 2639
1870 819
1716 3094
1870 2730
1892 819
2024 182
330 1183
4312 1365
176 1911
220 1183
4268 2457
1760 546
660 1001
1276 1365
1144 1911
242 2184
2310 2639
1584 1365
836 819
1672 2275
286 2730
1122 1274
2816 819
4224 1456
814 2275
4092 1638
1056 1183
880 1365
308 1274
4158 728
418 1729
2112 910
286 2457
4070 1456
660 1820
484 2821
1474 728
1408 182
418 910
3806 819
968 273
1738 1547
264 1001
1474 2912
374 1729
132 2275
1342 1911
1166 2184
1078 91
110 728
1452 3367
352 3367
1408 1092
1210 2912
1298 2639
4004 910
572 1001
1760 1638
352 819
1562 3003
1254 2184
1320 1456
198 728
770 1547
286 1729
2420 364
1254 1729
1716 3185
1100 2639
1716 637
418 2184
506 1456
1760 637
1034 1274
506 1092
1012 1456
4290 1001
242 3094
1144 2548
1342 1365
1100 1274
1166 1001
1232 1092
1650 0
1430 3367
1914 2730
1078 3003
1738 2912
2090 2093
1562 0
44 2366
374 819
528 728
1276 1001
1144 3367
4202 2184
836 3367
2156 819
4246 2184
4180 1274
308 2821
132 2639
2882 819
1276 2639
1628 1911
726 91
242 728
2728 1365
1782 273
396 2002
352 2366
1386 2548
1034 1183
1232 182
770 3003
2024 1365
748 1001
132 2366
1034 3276
264 1911
4158 2275
1760 2275
462 910
2024 1820
2024 2457
836 1365
2222 91
792 2184
4026 1729
1694 1456
1386 0
1210 91
946 2366
1320 1638
1760 1001
770 1456
1738 91
2244 819
2024 364
682 1183
2046 819
2002 455
66 1365
858 2093
1078 2366
1826 2275
1012 2912
550 1820
572 0
1034 1820
462 3276
2068 546
2002 819
132 0
2024 637
946 1820
2288 728
44 3185
2222 637
220 3367
198 2184
22 2548
1584 2093
1386 3276
1386 910
4070 1547
2002 3367
132 2912
1430 2912
1254 3185
704 2912
1870 728
528 1638
1408 1274
1672 2548
330 2457
418 1547
22 3185
792 1183
902 2275
1298 2366
2266 2093
616 910
1892 3094
374 546
880 2002
836 1092
1232 3276
1628 0
836 1911
1430 910
572 2184
792 2912
1166 2275
1452 819
660 910
2728 1547
858 2275
154 364
726 1274
88 3094
2090 273
638 2821
286 728
1848 273
1430 1729
1914 0
1628 1365
462 1456
0 2821
638 1365
1606 1547
572 2366
594 3185
4312 1729
1518 910
1342 1001
1650 1820
1034 1365
1562 2184
858 728
198 3185
3102 819
1826 182
3982 1365
1584 2912
1188 364
858 1729
660 1547
2024 2275
594 2275
1430 3185
616 1911
4048 1001
4268 1001
1474 1274
1166 455
616 3003
1430 364
704 1547
286 1365
110 1911
858 2002
418 2457
1078 2002
2112 1638
1166 1911
924 3003
4290 1274
3410 819
66 2821
4312 546
528 2184
1320 1820
2992 819
44 1638
1540 3185
902 2912
88 1911
1782 546
1364 2093
1408 3276
1914 546
418 2093
1386 273
2112 182
308 1365
2090 182
1188 1547
374 2275
1034 637
1320 2912
1562 1274
638 3367
1474 1820
858 2548
440 2821
418 1092
198 1274
1694 819
1188 546
4268 1547
880 2366
1364 2366
1760 2730
110 2821
814 2821
1672 1729
1430 2002
198 2093
990 1638
264 728
1452 2457
3784 819
1738 819
638 91
374 1456
1562 2912
1166 3185
1012 1183
1760 2548
110 3094
1056 1456
1232 3003
484 1547
330 2093
1760 1365
1848 91
418 3094
1166 546
1078 1365
1650 2457
1584 2821
4224 819
770 2912
528 2912
0 728
1276 1820
4312 1638
242 3185
1254 3367
1584 2548
0 637
1034 182
2310 1092
2310 3094
1760 2639
4158 1092
264 546
2376 637
0 2093
2310 273
2090 0
726 1001
1518 3367
1848 910
1320 364
1540 2002
1980 2275
4246 1092
484 2093
1672 3003
4312 2275
968 1820
4158 1729
22 2093
770 1001
2728 1274
1012 3367
616 1729
0 1911
1276 455
1386 2821
1320 3185
638 1456
1936 637
286 2184
1188 3367
4114 1820
4180 2002
1210 2184
1232 2002
880 910
1056 182
2464 637
44 2002
1144 1547
770 1820
1716 2457
748 1274
660 728
1474 3276
968 2730
572 910
550 1456
638 2002
4136 1547
1386 1729
1958 1820
1232 3367
1474 819
1738 273
1606 2275
352 2457
4070 1911
0 91
1650 1456
1210 1638
418 2912
1606 1365
1408 3003
1606 2548
1056 637
1188 182
3674 819
968 2002
792 3185
88 1729
2090 2366
4004 1183
1496 910
330 2184
4224 2366
968 2912
1892 2184
1034 2184
1210 3276
220 728
308 3276
1056 1911
3476 819
1628 1456
2090 2548
1254 182
1694 1183
1012 2366
440 3094
1738 2639
1606 2366
2090 91
1386 2366
594 273
880 2821
44 637
1738 2548
1496 1001
1980 2730
4312 1001
1936 1001
1188 1274
968 2639
1408 2002
1694 2548
1342 2639
264 364
1254 2366
1804 2639
682 3276
2068 728
1474 364
1804 273
66 1092
242 1001
88 2821
1078 3367
1232 2821
814 3276
748 910
132 3003
814 728
2024 2093
594 1092
2904 819
1870 910
726 1456
1518 2821
1056 2275
1584 2639
242 3367
1738 910
110 1183
3982 1456
1122 637
858 1365
264 2093
4268 546
1474 2730
814 3003
1826 273
528 1547
946 1456
1584 3094
2310 1183
1452 0
264 2912
264 2730
682 2275
616 2730
638 1274
1540 2275
154 1001
968 637
110 1456
2310 2457
616 1638
1562 3367
4202 2093
132 273
572 1638
4048 1365
2310 1547
374 3094
1474 1183
792 1638
946 1092
1254 2457
2860 819
1936 728
1210 2548
1628 3367
1232 910
748 2275
528 1456
352 3003
1408 0
1474 2548
1540 0
264 637
924 2912
1518 1365
4312 455
2090 1638
2068 910
418 2548
154 1183
330 273
880 1820
660 1456
1166 364
2728 2821
374 2639
1540 1092
880 0
2728 1911
286 3367
550 2821
528 3003
462 1638
638 2093
220 1638
484 2275
1870 0
1804 91
66 1456
1518 728
594 910
1694 2002
924 2275
2310 1638
308 2639
2332 0
2090 3276
1386 1274
1584 1638
748 1547
616 1820
1166 91
484 3094
374 2548
2464 819
1628 3094
2310 1274
682 1820
154 0
1232 1729
726 2093
4312 2002
2728 2639
4268 1092
66 637
1848 364
374 2457
968 2275
1936 1547
836 2366
2112 455
814 910
1584 1820
1232 3185
374 2821
726 2912
572 2275
1342 546
4048 819
858 2639
1408 2275
462 2457
572 2093
726 2457
1122 1001
2728 2002
2398 728
1474 3094
682 2184
1078 1183
506 1365
1936 546
1254 1638
308 728
2200 819
2134 728
1254 1456
550 3367
264 1456
484 2366
374 637
660 1729
330 3276
1320 3276
902 2639
1430 819
1760 1911
1848 2821
264 2275
242 2639
4070 1001
1606 1001
0 1729
1078 1092
1298 819
4312 1183
4092 1547
440 2002
330 3003
220 2093
1518 1183
484 1911
110 1638
352 2821
176 2730
110 1729
770 2730
902 2821
594 2184
1166 1638
1496 3003
264 2821
1034 546
3322 819
1056 2184
2310 455
1100 819
374 2912
1342 910
1584 819
396 0
418 2730
132 2093
308 1911
946 3276
1210 3003
2178 728
1188 1365
2728 819
704 910
264 3367
1958 910
1540 2912
1782 1092
198 91
1782 3185
4312 2912
1078 728
2354 910
176 1820
1232 364
1562 1911
440 1183
946 3094
484 1001
132 3094
1782 1001
1364 1092
1496 3367
1782 182
1958 2457
1496 2912
1188 2366
1650 1092
1650 2730
4290 819
4312 637
660 1183
1452 2002
2024 1183
2024 2548
1166 3094
286 1911
4224 1274
1452 1638
594 2548
1034 2821
858 1638
1848 455
440 2184
1980 91
1782 2821
682 819
1628 1183
726 455
1254 2912
1386 1547
1738 637
1628 1820
2486 819
176 3367
2310 2002
792 728
1914 819
792 3003
2772 819
2024 273
4290 364
440 1365
1672 2366
462 2548
22 182
1364 1001
1298 455
946 1001
1034 819
132 2002
1342 2821
44 364
3344 819
1276 2912
1892 2730
176 0
1650 728
924 1820
1540 2730
44 1001
1540 728
22 1456
1210 455
440 1729
66 1638
2134 0
1012 546
2002 2002
1650 1638
1210 1729
22 455
0 2002
1474 182
1122 3003
528 1911
374 182
88 273
0 2730
2464 728
4290 1820
1826 819
3982 1092
1056 2730
1408 1001
1694 728
1232 1365
308 2275
462 1274
44 2548
1100 2912
1672 2093
770 819
242 3276
572 3003
1386 1820
3718 819
1144 1820
264 2002
286 1274
1782 2548
1386 1183
1628 2366
396 3185
968 1547
1254 2639
1078 1911
946 819
990 819
4246 2275
330 2275
132 1274
858 1274
220 0
1452 3003
1474 2366
1100 3003
1364 1183
1364 1638
1430 2093
1980 455
748 0
44 1547
308 3367
1628 1638
2046 1638
198 2366
1364 1274
352 2639
1056 1547
264 182
4268 364
396 1001
2420 819
132 2548
176 1547
1122 1729
550 2457
858 2912
704 1911
242 910
1276 728
858 0
264 2548
1320 2366
242 2366
242 3003
1936 1365
550 2366
4246 910
1650 2002
1606 1638
462 1729
396 910
4092 819
0 2639
198 1092
132 728
1408 1638
1782 2912
836 2639
748 2548
1584 2002
396 1365
1496 2002
1188 1092
836 2548
1716 2548
418 2275
484 3003
374 728
4048 1274
22 1092
22 1001
308 2548
1606 2457
4246 1274
1210 2093
2728 1183
1144 2275
1540 1729
4246 1365
198 3094
1320 0
3938 1001
1848 2275
594 2912
770 2457
1320 2639
1056 2912
4202 1911
1166 0
594 1001
1540 2821
1408 2184
4158 1001
594 2093
2002 1911
572 3094
1914 910
550 1001
462 1183
924 2639
1716 910
1320 2730
198 455
2090 2457
902 637
968 3094
66 1183
2266 910
1848 1274
1012 3094
2090 546
1188 728
242 2002
1606 0
440 3185
418 2366
792 2093
4246 455
1034 3185
4246 1001
4312 2821
1254 2002
968 0
1276 2821
4246 637
1782 1820
374 2184
1232 819
902 2093
1430 637
4004 1001
528 1820
330 0
1716 1638
44 910
4290 1092
418 0
682 2912
1518 1001
968 1729
352 2548
462 2002
1826 910
990 728
506 2548
836 1001
1078 2730
1936 1820
1650 455
1254 3003
2288 910
110 364
1188 910
418 3276
1188 3185
924 1911
704 1456
132 1820
308 1547
2310 819
2244 273
1034 3003
1474 1456
594 364
1650 3185
330 3094
1342 1729
88 364
968 2093
1716 2821
528 1274
1254 2093
1166 2457
1672 2002
352 2184
2002 3185
528 1365
440 1820
1870 1183
4180 1820
1694 1365
1408 3367
308 2912
308 1456
44 1365
2464 91
1826 2730
660 1638
4268 1274
1672 1001
594 2457
1232 3094
1298 1092
2002 910
1144 364
968 2821
1804 2730
1826 3185
1716 3367
946 1547
4290 2366
462 2093
330 91
1166 1092
110 2912
3960 819
1694 1911
1342 2912
2002 3094
550 0
1056 1365
1760 273
176 2912
484 3276
1452 1911
1584 1183
858 819
4246 2548
4290 1456
440 1092
814 819
2134 819
506 2002
242 546
2288 819
990 1092
990 3367
1342 819
352 1547
572 819
264 2184
682 2548
682 2457
4114 1547
792 1365
968 1638
4268 819
1034 1729
2464 455
110 910
2090 819
616 3276
1122 3094
2728 2184
4290 2275
946 2093
330 1365
484 1729
462 1547
1848 2730
242 0
572 1092
638 1183
3894 819
462 1820
176 637
1210 1092
550 910
4136 2184
4312 182
748 1638
1804 819
1034 2366
4114 1274
550 1092
1782 3003
726 1183
176 2548
1056 1820
220 1820
1386 1365
528 2002
1936 1274
1980 637
2222 546
3850 819
1892 455
264 3003
110 1092
308 3003
1232 1001
1452 1183
4290 2002
704 3003
506 2639
374 1001
220 2548
660 3094
1188 819
1298 1911
4180 1638
1716 1274
2024 1911
198 2275
1320 1547
4070 910
2728 3367
22 1820
88 1456
1342 1183
726 2548
1298 3367
1342 2275
1364 364
286 2366
3278 819
396 2366
836 910
770 2093
1254 1183
264 1183
880 1092
1100 2457
2090 1820
1430 1547
924 0
2024 819
4224 2457
1232 2730
4312 1274
858 2457
924 2548
1166 2002
2024 1092
1254 819
154 1911
2090 728
1386 728
2420 455
1056 3276
726 2821
4158 2002
1078 2912
726 637
2244 2093
1804 2548
594 1183
176 1365
638 3185
506 1183
902 2730
1166 2093
1672 2730
1144 910
1188 2639
176 2002
2728 1820
2090 1729
4224 455
1474 0
88 1183
1716 0
1562 2730
726 273
2090 3003
946 1729
704 2639
1496 3185
1056 3003
4290 2730
1012 2639
1078 1001
924 1729
484 2548
1320 3094
990 1365
968 546
1650 910
1342 2093
990 1729
1122 3185
814 1365
1320 3367
220 1001
1606 2639
550 2184
1122 910
1210 1456
3190 819
792 1547
1034 2002
1672 3094
4070 1183
1254 0
2728 1638
2332 273
1584 1911
154 3276
88 3003
550 2730
4224 1183
4290 1183
1210 2821
4224 910
660 2366
880 819
132 1456
286 1183
1254 546
2310 546
1672 728
2178 1274
66 2548
0 1092
1782 910
836 2184
726 728
506 3003
2002 637
4224 1001
2222 0
44 3276
4224 2093
1980 364
1100 3094
4312 1547
902 1638
1716 2730
1320 1365
1386 3185
1606 910
1232 2093
814 1274
1188 2275
286 3094
682 0
1936 1911
1430 2457
154 2275
1276 2002
1518 1092
2310 3276
4312 3003
176 2275
374 0
308 910
2156 0
1496 2548
1584 2275
2310 2730
880 3367
1606 2912
330 2002
220 1274
836 1183
1254 728
748 2457
792 2457
858 1092
1276 637
1694 2730
1386 364
1232 1456
1672 1456
1012 2184
2618 819
1760 728
1078 1456
1782 819
858 910
1144 2912
836 2457
814 2184
1188 455
1540 3003
1562 2366
374 273
286 3185
2002 2639
770 2821
2266 819
1782 1911
374 2093
1364 2821
374 91
3960 1001
1628 3185
1430 546
462 728
1188 2093
1122 2002
880 1456
1870 2821
2398 273
1518 1547
1694 1274
1452 2548
1078 910
1980 819
1540 1365
682 2002
4202 2548
990 1274
792 3094
1166 2821
660 546
924 1365
2244 728
1606 1820
1452 1729
1320 910
3256 819
1012 1820
1276 91
638 1092
1892 3003
1364 2639
2948 819
880 3185
1056 2821
110 2548
264 2366
1144 1001
572 1183
1782 2093
22 2275
880 3276
1408 910
1474 273
2200 1274
1826 728
1364 2002
902 2457
1584 2184
1364 728
198 1820
484 1183
1452 2821
110 1001
638 2275
1694 0
1232 1274
4246 1183
1166 637
198 1456
1100 2821
880 728
1628 2457
22 1365
748 2093
1386 1092
704 3094
4290 2548
1672 3367
1144 2366
4180 1365
4202 1456
1122 0
154 2639
1606 3276
506 1001
3454 819
594 2730
1408 1547
1628 1274
704 1638
4092 1274
2002 2093
1760 3094
220 1456
946 2002
1166 819
1122 1547
682 1547
1804 1456
902 1547
4136 1274
1276 546
44 546
1056 1092
1760 2457
2310 1456
2024 2366
4180 2093
2222 2184
22 3276
902 0
1782 3094
2288 1092
1496 3276
1430 182
440 1911
44 3367
990 2639
1694 3367
2420 728
880 1274
1430 3003
1430 91
1232 1547
242 2912
902 819
814 2366
594 1729
990 2093
858 1183
154 2457
1782 1547
66 728
704 1183
1694 2639
1232 2548
572 728
1694 1092
1364 3094
594 455
4158 1365
2002 1820
1518 2912
814 3367
1100 1456
572 2548
3916 910
836 728
352 728
396 1911
2024 1547
1430 455
396 3094
924 910
286 2002
1958 364
858 3276
2706 819
4114 1638
2024 728
2024 1274
4070 1274
1826 0
946 3185
1958 0
550 1547
1232 2275
550 3003
418 1911
0 1638
1496 2639
4202 728
1342 1456
1298 2184
946 910
286 819
1232 0
660 1365
1672 1365
1056 546
154 1729
1298 2002
3234 819
2200 910
990 2548
3872 819
132 3367
638 2912
2046 2457
1320 2821
792 1911
154 2366
2046 0
1320 728
2068 1820
902 2002
1144 637
1012 91
1562 910
1606 1911
4070 1092
704 3367
1034 0
748 3276
220 819
1144 1456
396 1820
4180 819
22 3367
2310 2821
1100 1183
1826 3367
550 3276
1364 1729
1100 1820
1914 728
924 1092
3520 819
110 546
2354 546
990 1911
902 2366
4070 1365
2046 546
352 1638
352 1183
990 1001
924 728
2068 819
1166 3276
154 910
770 1911
1584 1547
1584 2730
836 1456
308 3094
3696 819
1540 1911
1122 2730
1144 2639
594 728
3498 819
2046 455
44 2184
1188 2457
660 455
1452 1820
1584 1001
1188 91
66 2366
110 0
1870 182
1364 2548
1628 2093
1386 2730
2376 182
880 2912
1540 1456
858 1456
814 2002
748 1183
528 2457
4180 1183
792 2366
616 1365
2728 2366
396 3003
1012 3185
1166 2730
4114 2093
2222 1183
1694 2093
1298 0
1012 1911
3982 1183
1144 819
1474 3367
0 0
1012 2821
1914 2639
1694 1001
660 2548
550 1638
66 3185
704 2730
2310 3003
418 1820
704 3185
2288 0
1892 3185
1342 2548
1276 1092
3982 819
1188 2730
1452 3094
2926 819
1078 2093
1364 1911
1166 910
330 1911
902 910
220 1092
792 0
110 2366
1826 455
0 2457
1276 3367
682 910
638 364
946 2275
770 2366
88 455
858 1547
1298 3276
1078 1729
924 2002
704 3276
286 3276
1100 3276
4312 2457
1518 1729
1540 3276
198 364
990 1820
132 455
2024 0
4268 2184
770 3185
88 1638
1122 3276
352 1456
1628 1001
1672 1820
1958 728
1408 1820
176 910
1276 1911
506 1638
1364 819
110 455
1606 728
1606 2730
66 819
330 2912
946 1183
374 364
748 3094
22 2730
990 1456
1386 1001
1188 1911
1430 1274
968 1001
1122 2821
1782 3276
352 3276
4312 1911
3432 819
132 1001
1166 2366
682 546
4202 1820
4180 1001
1474 910
1584 1092
946 2912
3014 819
4136 1456
1826 3003
2398 182
462 3094
1232 1911
880 2184
968 728
660 3276
1628 1092
1452 2275
4114 819
484 2912
484 0
1760 2912
1914 1911
242 1638
1606 637
1210 910
2244 1183
1628 546
1980 910
440 1274
880 1001
88 2366
1298 1820
1122 819
1540 3367
2200 0
374 1820
1760 2184
220 3276
858 2821
1320 1092
748 728
550 2639
550 2002
4312 2639
1012 1547
2464 546
4136 1183
946 2184
44 1729
2134 2366
396 1729
770 728
726 819
1100 3185
198 819
1078 637
4246 2093
352 2093
1892 91
1012 1001
2024 546
1540 2366
1826 2457
1562 2093
748 1911
1056 2002
2728 3185
1452 1456
1496 1911
726 182
1210 1820
1584 1456
1254 1911
1210 1001
352 2912
1276 182
44 3094
1694 2457
1760 1547
132 1365
0 2184
1430 1911
2728 1092
462 2184
1672 2912
374 3367
1342 3185
1650 3276
770 2184
1804 0
0 2275
924 1638
66 1729
1958 637
1078 2639
2024 1638
3542 819
660 3367
1650 1183
1562 2821
1298 728
1056 2548
506 1911
1122 2639
1936 1638
1386 1456
682 1001
1232 455
1386 3367
1848 728
594 182
1144 1365
1474 455
792 2002
1078 1547
1562 2002
2310 3185
4290 2912
1870 2093
924 2457
1672 2457
1276 273
814 2457
836 1820
22 2457
1056 819
1122 1820
4180 637
1562 1820
1694 364
594 1638
1892 2821
1650 819
1100 2548
1122 728
4290 273
616 2002
220 2366
638 1638
2002 546
4290 455
132 546
770 2548
638 2184
66 546
594 1274
2090 2275
2288 91
1320 2275
1364 1820
418 2639
308 2184
1364 2912
506 1729
1122 2912
550 728
242 91
792 3367
110 637
3982 1547
1276 2730
1342 3367
1364 3185
1518 0
1562 1456
1650 2639
1474 1911
2112 1547
682 1092
1496 1456
4026 1092
1540 2639
1694 2912
1804 2457
1782 1274
506 3276
0 455
44 819
2068 364
1672 364
1144 1729
132 1547
242 182
1034 3094
484 1820
330 182
550 819
1496 1183
748 2730
1518 2548
506 819
638 0
440 1547
814 1183
1914 2548
1562 819
1408 1183
2310 3367
1100 1638
2244 0
1342 2730
2728 3276
1078 2457
1056 3367
4290 2639
1672 3276
2002 2275
2530 819
286 0
814 0
1210 3367
462 1911
4202 2457
572 1365
2332 364
1034 364
44 2912
1364 273
418 1001
594 0
220 2275
264 2457
396 2184
462 3185
792 1001
1870 2184
1474 1001
682 3185
528 2093
2266 0
1144 728
3916 819
1870 273
1892 1092
44 2093
88 2457
1188 1820
748 2366
88 2912
440 2457
506 1547
902 1729
3762 819
814 1001
770 1365
836 0
1936 1092
1782 2457
1452 2366
1562 2457
198 1183
242 2821
154 2093
1782 2275
528 2366
3938 910
1694 273
242 1365
1694 2366
4290 546
1452 3185
968 2548
1584 728
198 0
2002 1729
594 1820
1562 3185
4004 1638
4180 1729
2310 910
1210 3094
1144 1274
792 910
154 2912
1276 1729
484 728
880 2457
990 2275
572 1820
814 2548
0 1274
44 0
1056 1729
4268 728
990 3003
66 3094
1562 1547
1100 1729
2090 910
1892 910
572 546
4048 1183
198 1001
22 1729
0 3094
1804 182
1672 819
484 2184
836 2093
418 2002
1562 2639
1892 3367
1364 2275
2112 728
770 3276
946 3003
1034 2730
1342 3094
660 2821
1892 728
44 182
418 728
2134 2275
242 1911
1232 2912
1298 2912
242 1547
968 1911
2178 910
1012 455
792 1092
1210 1547
616 728
858 3367
1298 2730
704 0
1100 2366
528 2639
594 2366
1584 3185
4026 819
1210 2366
1716 3276
1342 2366
616 2275
1078 2548
4048 1456
4136 1820
132 910
154 1274
3146 819
2156 2275
396 2093
1100 364
1672 1547
814 1820
1122 182
242 2457
1386 1911
374 2002
1606 2184
1980 728
176 3003
198 1547
990 2002
1122 1638
748 3185
528 2548
1364 1547
66 1547
176 819
1298 1547
1078 546
968 364
4114 1365
1694 3003
2222 910
110 1365
1320 1911
1782 1729
792 2639
858 1820
924 819
1012 2093
1760 3276
682 2366
770 1092
1936 2548
1166 273
924 3367
242 455
66 2912
396 2730
352 0
1496 3094
1188 0
704 2275
264 3185
4004 819
3388 819
1276 3276
2046 728
814 1547
418 2821
4114 1092
198 3367
0 3276
2508 819
528 0
374 1365
176 2457
308 1820
1166 1820
880 1638
1100 1547
616 2548
1650 2366
374 1911
1606 2093
4202 546
1474 1547
836 3094
1100 728
2090 3094
1650 1911
330 2548
1012 910
2200 2275
1298 3185
374 3003
462 819
1936 2730
4136 819
2310 2275
1320 1729
2112 0
1320 637
2090 2184
616 2184
4048 1820
770 1183
1056 2457
440 2093
1650 2548
1826 3094
1210 1183
1188 2821
594 3367
638 3003
1760 2002
1012 1638
1276 1547
462 2639
88 3276
66 273
638 2730
1518 2457
836 3003
506 3367
2310 637
2024 2184
1650 2912
440 728
2310 2184
2002 2457
1716 273
1980 0
1188 3003
2090 2002
1562 1183
2310 2912
2222 455
1694 910
4114 910
1496 2821
1408 819
1342 1638
1166 1274
220 455
726 2184
1980 2457
1606 2821
374 1092
748 3367
198 1911
946 0
1408 2548
132 819
4312 1820
1518 1274
2200 91
88 1274
4224 637
110 2184
1562 1729
330 1638
2310 182
1320 2093
1210 1911
132 2821
792 3276
1232 91
946 182
22 910
1056 0
2090 2639
1892 2457
22 2002
1518 1911
1188 1729
264 1638
3938 819
1012 819
1936 1183
3828 819
396 1547
1122 1183
726 1729
2046 2002
1518 2184
924 3094
1210 3185
2354 0
550 1365
462 3367
1540 2548
440 819
946 1911
990 910
1166 1365
1980 2639
2156 1456
2728 2457
2112 91
572 3185
132 2184
88 637
66 910
2728 3094
66 3367
1056 1001
660 1911
1672 0
1210 2002
1672 1911
2068 1638
2134 1456
154 728
1452 182
132 2730
968 1456
1210 2639
1012 2275
1056 1274
1496 2457
198 182
1892 2639
0 1183
880 1547
22 1274
396 1456
1254 3094
814 3185
66 3276
132 1092
1254 2730
4268 273
1012 1365
660 3003
726 2002
1298 2548
66 364
4224 1547
1386 455
396 819
1100 3367
2266 728
990 2912
176 2366
4312 728
1276 364
946 728
1364 2457
330 1729
572 2002
1584 3276
1122 273
1958 2730
1144 546
198 1638
748 1092
990 1547
682 3367
2310 2548
2090 2821
88 2275
4224 1911
924 3185
726 1547
154 2548
1364 0
1716 3003
1518 91
1232 1183
990 2821
264 3094
1408 273
770 364
1364 2730
462 2912
1518 3094
1408 2366
1122 2457
1012 1092
88 1547
396 1183
1584 3003
1320 819
726 1911
110 273
1386 3094
4026 1274
1276 1638
1166 3367
726 2275
440 3367
396 3276
1386 1638
352 2002
4158 819
792 1456
572 1729
704 1092
880 3003
1166 2912
1034 91
1672 1183
2002 2184
1100 0
1518 2730
1232 1638
418 3185
1892 2366
1518 3276
1892 2093
1430 2184
770 273
924 1456
814 1638
3366 819
4070 1638
616 2912
968 3003
1628 2184
1254 910
1562 1092
660 2457
4246 364
858 2366
2090 3367
1034 910
1452 728
4312 910
638 3276
1760 2093
726 546
1474 3185
572 1911
1584 637
2178 1365
1650 1274
1738 2730
264 910
1210 819
1760 910
814 3094
220 2184
1496 1820
1078 3276
88 1365
968 2366
1496 1365
1188 2912
1892 364
704 728
286 3003
3212 819
440 1638
990 546
682 1274
396 3367
748 819
440 3003
1518 819
2310 1729
88 1001
572 2457
176 2184
902 1092
1188 3276
1144 2457
1650 1365
1716 2366
506 2457
1760 182
550 1183
2376 728
176 364
902 3185
1254 3276
1298 3003
462 3003
770 3367
242 273
638 910
638 273
242 2093
924 2093
1034 3367
1232 546
2002 2548
1980 1729
506 637
0 2366
2222 364
1078 0
176 1274
880 1183
616 1547
550 1911
572 1274
616 1183
66 1274
2728 1729
198 2548
616 1092
1430 1365
1408 2912
1210 0
0 2548
4246 2002
2090 2912
88 728
4290 637
2552 819
1122 2366
264 3276
440 1001
1276 819
528 3185
1144 0
1056 910
4114 1001
462 1001
770 2002
1540 910
1056 3094
682 1638
0 1547
2728 1456
550 3185
2244 910
1958 819
0 910
1716 819
286 1456
1320 2457
1628 1547
264 91
770 0
836 1274
1760 1456
660 1092
1386 2457
1562 3276
1452 2730
2024 910
748 2821
1034 2912
1452 1001
418 1456
858 3185
814 2639
1342 3003
836 3276
880 2639
638 819
1738 3003
880 2275
1738 3367
1914 1001
44 3003
726 910
726 3185
1474 91
1782 1183
4224 546
1122 1092
1210 1365
968 1183
1430 2548
726 1092
1122 3367
220 3003
1650 3094
110 3367
1782 2002
2266 182
1826 2912
154 2821
22 1911
1914 273
1166 182
154 273
594 2002
1628 1729
638 1547
836 2912
1496 2275
2200 728
1232 273
44 273
0 819
1078 2821
770 455
1562 1638
4268 1911
3608 819
836 1729
1826 2548
1342 728
1496 1547
374 2366
1144 2093
770 182
440 2639
220 1729
704 2821
176 3276
726 2730
22 2912
1518 2093
1276 2366
4312 2184
946 2639
66 1001
1012 2730
880 2730
1056 728
2112 637
1166 1729
484 819
748 1365
616 1001
1518 2002
1078 3185
902 1001
748 546
1144 1183
1122 1456
2134 910
748 1729
2970 819
638 3094
902 3003
1540 1274
308 2730
1782 1456
264 2639
88 819
374 3185
1452 910
1936 910
1826 2821
1012 3003
4312 2548
990 2457
1034 1638
154 819
528 2821
1628 2639
924 2366
660 2002
1452 2639
1078 455
2662 819
858 1911
1694 3276
770 3094
1232 2457
22 91
572 91
902 3367
4268 2275
1782 2184
2728 2912
924 3276
1650 1547
242 1729
2068 2366
1034 2548
0 1001
1408 728
814 2730
88 1820
1540 819
1452 1274
242 1092
1496 0
1452 1365
3982 910
4114 1456
484 1092
308 2093
1364 2184
1606 819
726 3003
2002 0
506 2730
330 2730
1298 1456
154 3094
748 2912
858 3003
660 2912
1364 1456
198 2821
1518 2366
4290 1365
1386 2639
1694 1547
2046 910
1188 1183
660 819
1628 2002
1232 2366
1188 3094
506 1820
1078 2275
924 1183
1408 2821
682 2821
242 2275
1628 2821
1474 1729
418 1638
1100 2184
550 2548
1760 819
704 819
1100 2275
1496 91
154 3003
2464 182
1276 910
286 2275
2354 91
1936 819
1364 3003
154 637
264 1547
1034 455
374 455
176 273
968 3185
528 2275
572 2821
2596 819
660 2184
1078 2184
1452 1092
1386 2184
396 2821
0 2912
308 1001
154 546
1166 2548
968 1365
1034 2275
814 1911
22 2639
1694 3094
1474 2184
1496 1274
4268 1729
506 3094
748 1456
528 2730
44 455
924 91
1430 1001
528 819
1056 364
594 2821
858 1001
836 1638
1342 0
704 1365
110 819
4158 1638
704 1274
1100 910
2024 91
1342 455
2024 1456
2640 819
1628 2912
4158 1547
330 2821
484 1638
2156 910
1342 3276
2156 1365
2002 3003
968 3276
4290 1911
4224 2002
286 2821
1408 2457
572 3276
2354 273
550 3094
1496 2366
1144 3276
880 2548
2090 3185
440 2548
4312 1092
88 3367
1452 2184
2728 2548
4026 1001
1100 1001
946 637
198 637
4202 1183
528 3276
1122 2093
858 2184
924 2821
1782 0
1562 1365
440 2730
154 2002
770 910
2222 819
2024 1001
1760 0
990 1183
924 2184
2288 1911
1056 2639
1276 2093
1518 1456
858 2730
1342 1547
1452 546
2310 1365
330 455
616 182
528 3367
2024 455
242 2730
484 3367
0 1820
4290 1729
506 2821
1628 728
264 819
66 2730
726 364
704 1001
484 910
4202 1001
2728 2730
1408 3185
946 1638
4092 1729
1694 2184
2112 2366
616 2093
880 1729
1826 1365
946 2730
4158 1911
1430 728
770 1274
4312 91
1210 2275
506 3185
836 3185
902 3094
550 1729
1562 1001
1628 819
1848 819
418 3367
462 2821
616 2366
1628 3276
1276 1274
22 819
330 546
506 2093
682 3094
1518 3185
1650 1001
528 1092
2728 1001
1496 182
3564 819
2398 819
902 1456
352 1274
44 2457
748 1820
176 2093
1518 2639
792 2730
550 91
1298 2821
1144 182
1870 364
1012 1729
1056 455
1430 2275
1694 1638
176 3185
1540 1001
1892 2912
2266 2002
22 2184
440 3276
682 728
1518 1638
2178 0
572 2639
4180 1092
506 728
1210 1274
154 1820
770 546
1034 1547
594 91
1430 2730
836 1547
748 91
1298 2457
22 3094
4312 273
1958 273
902 2184
660 3185
2332 819
594 3094
3168 819
1078 1638
1430 1820
1254 2548
660 2639
594 1456
836 2275
352 3094
1100 1092
1254 1820
2266 91
88 3185
2442 819
1628 910
1188 1638
484 1456
572 2730
1364 455
814 1456
638 1911
616 2457
1782 1365
308 2002
1320 3003
4092 1365
1408 3094
1892 182
1078 3094
1694 2821
4136 1365
0 3003
1540 1638
4224 728
4202 819
1672 2821
110 2639
1474 1638
1122 1365
1496 1638
726 0
1342 273
1650 2093
440 2912
616 3367
616 3094
638 728
770 1638
1782 2639
1034 273
836 2002
2112 273
1408 1911
1760 1274
66 2002
726 2366
4268 910
0 1456
1738 728
2002 2366
1628 2275
1672 910
2838 819
1056 91
902 1183
858 3094
616 2639
704 1729
1474 2093
1430 3276
1540 2457
4290 1638
110 2457
814 1729
330 3367
2728 2093
352 1820
4290 1547
44 1456
550 546
2310 364
682 2093
1760 1183
198 2639
22 546
2002 182
726 3276
2442 546
4290 910
506 1274
1650 2275
1166 2639
0 3185
704 546
1364 3367
396 2457
1804 728
1540 1820
946 2457
1892 3276
1474 2002
506 2184
1672 2639
418 1274
176 2639
880 1911
1122 2184
4114 1183
968 2457
924 1001
594 1365
814 2912
1782 2730
1760 3367
1034 1001
1628 2548
990 3276
1496 819
1144 1638
1298 1183
1122 2548
1166 3003
484 1365
220 2639
1452 2912
3630 819
968 1092
4092 1001
726 2639
1298 2093
1188 1001
2024 1729
44 1820
176 1638
440 2366
638 1820
1342 2184
1804 1365
1254 1001
990 0
946 2548
1342 1092
1386 2912
4246 728
968 910
1738 3094
0 182
990 455
1650 2184
594 1547
902 1911
1496 1092
1936 1456
1430 0
4268 1365
1210 728
1958 2366
924 1547
3036 819
0 273
506 2912
1166 728
154 2184
396 2275
2046 1911
1408 2639
220 3185
286 1820
2464 0
550 1274
220 2002
902 2548
2684 819
330 3185
2464 273
2376 819
308 1638
1144 2002
2112 819
1078 819
1166 1456
638 1001
748 2184
2574 819
1760 1092
1738 3276
1474 2821
352 1729
308 0
616 2821
154 1365
1166 1183
2354 637
4268 2093
748 3003
374 3276
726 1638
1782 728
4290 182
4180 2366
770 637
3124 819
1672 1638
682 3003
1254 2821
506 2275
1650 1729
352 1092
1012 2457
264 273
836 2821
2222 728
308 1092
1100 2730
1034 1092
528 910
1650 3367
1892 2275
1320 2002
1936 2457
638 182
1540 1547
264 1274
2002 2912
22 364
418 1365
198 3276
1100 2093
528 1729
836 2730
1122 1911
1034 728
440 0
1298 1274
1804 3003
1584 2366
2464 364
1320 1183
924 2730
1166 1547
1298 1638
1012 0
528 3094
1584 2457
2244 182
66 0
0 546
594 3276
396 2639
1782 2366
1628 2730
2090 2730
2090 1911
3982 1274
1034 1456
1848 0
308 3185
220 2457
902 728
110 3003
770 1729
1408 2093
2442 728
484 2639
462 2366
1584 1729
726 3094
1276 2275
198 546
880 2093
748 2002
2332 910
374 1274
4312 2730
396 1274
4290 2184
1452 2093
1562 3094
1254 1365
4202 1274
286 2639
352 2275
242 2548
1320 2548
352 3185
3080 819
1474 2457
308 1729
1386 2093
3300 819
418 1183
616 1456
154 1456
1342 1820
2266 1092
1276 1456
1540 1183
506 2366
1364 3276
2002 728
946 1365
1386 2275
4268 1456
220 1911
1606 2002
792 819
1584 910
1144 3185
1342 2457
924 637
4246 819
1936 1729
610 880 2
1532 2959 1
2975 2486 2
1897 729 1
1192 2123 1
1728 2035 1
402 1975 2
2981 429 2
3109 1296 1
1906 499 2
381 2083 1
2805 2463 1
1407 2630 1
1141 1016 1
1250 925 1
1014 822 1
3051 1418 1
386 1071 2
2976 2592 1
1433 1172 1
435 2090 1
3094 2789 1
3347 3185 1
36 126 1
256 2288 1
2277 2181 1
2755 3335 1
2019 2776 1
1706 291 1
2278 754 1
1137 271 1
2035 424 2
1033 992 1
1729 2689 1
651 2618 1
2783 1979 1
2578 1879 1
782 316 1
2376 858 1
106 1422 1
294 1381 1
544 1706 2
2111 1666 1
2452 3352 1
1558 113 2
2657 85 1
2222 2614 1
391 1593 1
1034 1956 1
1525 126 1
1853 2580 1
3161 1130 1
635 991 1
1254 3305 1
3257 3320 1
639 2416 1
1032 3320 1
2318 2398 1
1050 1901 1
1045 1209 1
513 2821 1
89 2583 1
1588 669 1
2639 199 1
959 3007 1
2661 549 1
783 1245 1
2537 483 1
2023 2158 1
1984 1013 1
961 3365 1
807 1031 1
1457 805 1
9 3033 1
576 1944 1
656 3271 1
1383 2682 1
1079 1786 1
2312 1693 1
2630 2189 1
1348 258 1
1910 1432 1
2786 1881 1
3156 945 2
2603 1878 2
1326 770 2
2522 811 1
1383 1635 1
3399 2118 1
3044 143 2
2973 2782 2
483 2739 1
2476 2068 1
1015 1028 1
443 2974 1
305 1139 1
1633 1500 1
2929 2976 1
2745 1009 1
626 378 1
1553 9 1
1126 1243 1
2162 3317 1
423 1228 1
1146 1297 1
886 2842 1
722 953 1
2033 544 1
705 318 1
1281 1238 1
2590 701 1
1627 49 1
2629 3222 1
2983 3007 1
904 2996 1
3237 1433 1
1463 2770 1
798 2305 1
1793 2187 1
1395 3054 1
32 1839 1
1745 72 1
880 3349 1
1879 1762 1
191 2681 1
2134 1939 1
2881 1850 2
839 918 1
1144 3129 1
2406 523 1
399 1435 1
1542 2510 2
3173 484 1
464 40 1
2660 2139 1
1916 2822 1
543 2727 1
1197 1967 1
2760 565 1
507 1825 1
388 3139 1
2108 1115 1
713 814 1
1174 2750 1
591 828 1
1263 3289 1
1839 3008 1
1484 2026 1
475 1342 1
3176 1374 2
1421 75 1
1215 1189 1
2188 2212 1
131 1359 1
1332 979 1
1315 2679 1
1196 3264 1
1625 2581 1
1477 2680 2
2220 1084 1
2272 3067 2
142 1155 1
2612 3194 1
641 2123 1
866 83 1
2594 1627 1
1419 2620 1
2933 206 1
1552 1205 1
3051 2184 1
1224 990 1
1778 2999 1
396 2084 1
1522 615 1
1863 2376 1
2902 723 2
2799 206 1
606 1686 1
1013 2819 1
28 705 1
580 3101 2
2433 478 1
560 60 1
2803 2645 1
479 3315 1
156 1187 1
592 2563 1
3210 1750 1
2973 880 1
410 1142 1
2224 495 1
2842 3 1
1604 2157 1
447 1807 1
1138 1115 1
2876 1637 1
192 1354 1
2260 1457 1
3326 2507 1
2381 3341 1
3139 1741 1
3343 2932 1
1887 1216 1
260 2277 1
1223 3084 1
2618 63 1
833 2722 1
1568 1767 1
319 3049 1
3244 1255 1
170 3140 2
2046 2987 1
1071 3191 1
734 3361 1
550 1886 1
3194 1957 1
2945 2434 1
3299 3034 1
77 2100 1
2209 2990 1
2608 3032 1
1629 3366 1
1987 1900 1
2969 2501 1
580 3348 1
2674 1717 2
970 1173 1
958 138 1
2762 1152 2
2969 1143 1
1903 687 1
2012 1019 1
69 1070 1
1943 2740 1
749 1569 1
379 562 1
3270 108 1
1961 1346 1
1335 2195 1
3181 997 1
1321 1047 1
876 2436 1
694 1859 1
1653 3272 1
987 984 1
2700 2694 1
127 3059 1
614 2467 1
1930 722 1
1556 42 1
2893 3328 1
1073 2837 1
357 3083 1
1555 2344 1
2935 1 1
2724 937 1
2986 989 1
2632 1408 1
2587 2278 1
275 1837 2
21 1518 1
2091 2369 1
2328 2080 1
678 2363 1
3141 2282 1
3051 3099 1
1115 2902 1
1192 65 1
3229 1881 1
2533 2300 1
1741 2361 2
242 70 1
72 319 1
936 999 1
2863 1414 1
2287 940 1
2775 3174 1
2451 1799 1
3388 3277 1
1826 2970 1
1344 3010 1
3045 2285 1
1670 3371 1
425 458 1
3340 3281 2
575 69 1
3354 591 1
485 133 1
3108 391 1
3280 998 1
1926 2749 1
2255 183 1
1384 2188 1
2722 1658 2
1418 2810 1
2836 865 1
2506 130 1
2806 2361 1
2308 1930 1
3019 489 1
358 2678 1
764 984 1
1640 2263 1
1205 1610 1
1588 1341 1
2369 1019 1
1923 1375 1
2052 2221 1
1684 317 2
2847 3309 1
3245 1771 1
1710 1030 1
847 1932 1
527 656 1
1494 1072 1
384 2121 1
950 2915 1
2576 396 1
3306 3398 2
1820 2017 1
733 1802 1
1030 1873 1
160 2331 1
1615 3140 1
1612 1909 1
3217 66 1
3258 2594 1
1491 1781 1
3116 991 1
1663 1204 1
376 1898 1
265 2551 2
1782 1384 1
2140 1292 2
346 447 1
1521 1204 1
1682 777 1
2215 27 1
3392 3107 1
2788 2466 1
910 3366 1
878 2492 1
2753 1602 1
3319 2444 1
2892 39 1
2511 847 1
2750 324 2
2259 650 1
432 1614 1
2740 3187 1
2750 242 1
2826 682 2
739 1326 2
1467 818 2
1312 2065 1
1693 2155 1
3225 1142 2
1469 238 1
2803 1897 1
3127 3022 1
1305 2014 2
1741 346 1
2616 2478 1
2815 971 1
666 2560 1
3250 855 1
633 207 1
170 3138 1
2589 2453 1
176 1202 1
1501 1915 1
1482 1661 1
1851 2555 1
1024 3204 1
2496 652 1
1027 668 1
2798 2147 1
1606 1110 1
451 1312 1
310 1039 2
3362 1222 1
1857 2537 1
2755 156 1
1283 1895 1
524 1706 1
2731 813 1
1090 1669 1
614 2811 1
820 702 1
327 166 1
1947 30 2
1168 188 1
1575 1553 1
449 1411 1
3075 2702 1
2682 2800 1
2508 935 1
251 2789 1
1256 2326 1
157 1051 2
1883 1746 1
1346 154 1
1433 6 1
1505 824 1
3047 3379 1
2482 2209 1
1705 2374 1
1567 1094 1
3036 1344 1
2033 524 1
176 2813 1
1780 2275 1
3292 1334 1
2778 2367 1
241 2410 1
3211 2170 1
2840 1331 1
1276 2200 1
784 63 1
2707 2696 1
1591 1950 1
362 2591 1
52 988 2
39 2462 2
2768 2267 1
7 3165 1
1229 168 1
2627 499 1
1063 241 1
974 1766 1
1623 2746 1
3366 2085 1
37 730 1
31 2649 1
1635 2682 1
307 776 1
146 1870 1
2095 851 1
2200 2229 1
773 724 1
3090 2067 2
1969 2985 1
1628 3312 1
1973 3072 1
3242 583 1
2784 1268 1
1141 2220 1
1009 3281 1
1173 2094 1
1676 1677 1
2861 1499 1
1228 1388 1
1213 512 1
2448 1773 1
2421 3287 1
3035 727 1
3367 1672 1
1378 2956 2
334 2402 1
547 2789 1
2297 3102 1
894 2149 1
2289 1715 1
112 1774 1
561 2818 1
3249 3143 1
1375 81 1
2543 2687 1
2110 2141 1
884 577 1
3275 2900 2
2029 1252 1
1326 1962 1
259 2553 1
3123 2131 1
1874 752 1
1496 2924 1
261 354 1
2724 1461 1
3108 1536 2
3164 2451 1
485 2665 1
737 3147 1
167 3220 1
595 2763 1
3109 3274 1
2699 2351 1
2034 2215 1
2304 1173 2
3276 3058 1
3320 2334 1
2824 2397 1
2500 440 1
2202 2166 1
875 624 1
1294 788 2
870 3109 1
1444 3353 1
2979 2948 1
611 2022 1
122 1462 1
516 1633 1
511 2159 2
2272 97 1
3338 1323 1
2145 2724 1
1791 3265 1
3289 2165 1
528 3061 1
2062 142 1
1447 507 1
1738 1225 1
505 1068 2
2703 2140 1
986 178 1
2805 193 1
442 1945 1
628 1312 1
506 2719 1
1478 1444 1
2632 841 1
1664 1793 1
2462 131 1
3412 2061 1
420 2629 1
141 3340 1
2182 1213 1
2624 2123 1
3267 1994 1
1823 2475 1
2953 1572 1
2078 2032 2
2472 2128 1
1109 3042 1
644 2175 1
2150 260 1
1414 3304 1
1316 2900 2
2579 3018 1
712 2454 1
49 2674 1
1866 1389 1
1863 858 1
3092 2349 1
2446 652 1
1689 3246 1
196 1801 1
2247 3180 1
1723 2079 1
2228 2805 2
2952 2832 1
2444 6 2
2128 1087 1
485 1249 2
140 3286 1
916 1061 1
895 2385 1
315 411 1
1781 2823 1
3092 1831 1
938 1176 1
317 2062 1
595 721 1
97 1082 1
640 3145 1
1379 2149 1
887 322 1
157 437 1
2383 2057 1
3174 860 1
423 740 1
2867 3396 1
1081 2596 1
333 769 1
637 3332 1
39 131 1
1657 1229 1
2637 2042 1
17 1236 1
1264 245 1
2635 1497 1
2102 1644 1
1569 78 1
3371 2516 1
2714 578 1
920 520 1
2376 870 1
1166 2404 1
2949 1922 1
578 1829 1
51 2969 1
1034 560 1
1661 2489 1
3008 2017 2
2779 928 1
2926 1787 1
2533 43 1
524 1542 1
2739 1011 1
166 909 1
273 1186 2
1409 1955 1
2554 2593 1
2503 1083 1
322 936 1
2456 2797 1
3394 620 1
1037 2609 1
3323 1441 1
370 1380 1
2995 2746 1
294 2715 1
2158 1427 1
207 1822 1
3097 136 1
2989 1003 1
1966 1852 1
1950 1666 1
1510 502 1
1823 3245 1
1394 2321 1
1431 48 1
2564 1358 1
909 142 1
2436 982 1
2316 1429 1
3297 1686 1
1121 1994 1
777 1838 1
2466 51 1
1747 2951 1
1544 1148 1
2102 2677 1
2380 38 1
1624 2835 1
2846 1785 1
2690 2216 1
348 666 2
3325 1080 1
2155 3103 1
3058 1161 1
2690 618 1
1154 2525 1
426 664 2
546 1818 1
1413 95 1
1936 1282 1
499 2076 1
2463 1807 1
3387 872 1
2670 1646 1
1762 741 1
3182 1621 2
2092 1390 1
2333 483 1
2071 669 1
1753 2280 1
3327 1062 1
2799 736 1
1402 1103 2
2460 2203 1
2701 3371 1
2966 11 2
1006 229 1
544 2353 1
2441 1208 1
1317 1327 1
2140 1240 1
387 2964 1
397 2007 1
577 721 1
354 353 1
561 747 1
185 2503 1
3396 3379 1
1653 2971 1
1545 3129 1
320 868 1
1440 297 1
940 1426 1
1040 2038 1
670 2271 1
798 3362 2
1592 2079 1
1708 1689 1
536 2656 1
1414 1268 1
2595 2349 1
2916 823 1
702 1273 1
588 2785 1
898 3356 1
743 2946 1
3331 1611 1
2111 1144 1
45 2750 1
1492 1618 1
2675 3392 1
26 2888 1
2230 2446 1
2426 922 2
2351 3208 1
107 1662 1
844 357 1
1687 2321 1
3001 3330 1
2597 3024 1
2732 2794 1
454 2734 1
567 3113 2
3287 3225 1
1810 1297 1
156 3335 1
1706 1805 1
443 1266 1
321 3309 1
2303 2533 1
3087 1021 1
1102 1144 1
893 682 2
446 79 1
2423 1297 1
908 2606 1
1180 894 1
2956 1180 1
1260 3032 1
2108 2860 2
2393 2629 1
225 950 1
1764 682 1
569 3290 1
3068 2303 1
1278 3412 1
3327 2785 1
3318 2589 1
1119 12 2
1819 400 1
45 2873 1
2347 1903 1
68 2931 1
880 2107 1
324 3267 1
1461 937 2
483 814 1
1194 2729 1
2696 3036 1
143 2989 1
1767 205 1
1404 2050 1
1297 2381 1
2314 2284 1
935 773 1
1396 284 1
35 2130 1
1722 2329 1
3093 3141 1
2227 1007 2
40 956 1
3050 1353 2
355 1122 1
2695 976 1
1925 2561 1
761 1833 1
3367 1884 1
1372 238 2
1726 1575 1
1378 1385 1
1447 3400 1
125 2867 2
1404 2308 2
510 609 1
643 3144 1
3201 1040 1
767 1960 1
38 850 1
940 197 1
2026 472 1
817 184 1
2014 672 1
52 367 1
915 1271 1
34 862 1
1888 460 2
508 1544 1
1452 2076 1
891 1012 1
158 1186 1
1003 2350 1
1091 647 1
378 439 1
1323 1888 1
1114 2745 1
178 2496 1
778 574 1
2011 1801 1
1675 2692 1
3274 775 1
997 1530 1
3046 1680 1
3290 2940 1
3101 2481 1
1973 113 1
3070 1500 1
2541 2688 1
584 3307 1
2560 1356 1
411 1992 1
2476 2424 1
2605 1592 1
2993 2723 1
174 2760 1
2864 2413 1
2309 64 1
1784 2395 1
3059 1696 1
2188 2458 1
2411 2667 1
823 2925 1
982 1561 1
2469 907 1
2902 970 1
2923 445 1
2997 3077 1
3065 988 1
3339 1471 1
323 1647 1
2716 1149 1
2399 2782 1
459 3085 1
26 2265 1
189 2327 1
2941 1276 1
3145 2394 1
1358 1935 1
862 1732 1
3181 698 1
187 1888 1
593 1594 1
1611 3328 1
439 1059 1
2194 868 1
3345 1291 1
2727 3326 1
2252 209 1
2298 2269 1
2166 1899 1
2857 1261 1
1944 120 1
2426 2571 2
1570 1806 1
521 1756 2
1186 1684 2
2497 2924 2
937 2863 1
1266 1522 1
1292 2725 1
2031 1940 1
1694 595 1
2155 2071 1
586 78 1
1488 1710 1
1255 832 1
1368 2824 2
1846 2542 1
2703 1249 1
1977 2734 1
989 789 1
1938 824 1
1184 1504 1
2170 2677 1
345 2962 1
1671 1946 1
3020 2 1
2392 1387 1
221 3093 1
1921 2098 1
1043 3408 1
710 1486 1
723 970 1
2205 113 1
3137 1162 1
384 2028 2
2860 55 1
181 1789 1
1932 2011 1
504 1601 1
104 2919 2
718 2527 2
3365 3235 1
497 2547 1
1051 437 1
1596 78 2
1529 2666 1
1012 825 1
2656 687 1
2402 3290 1
3376 1375 1
3302 2297 1
1133 2512 1
1230 1471 1
1985 3204 1
1467 2102 1
2404 2764 2
1319 3255 1
264 3091 2
1446 1707 1
946 1507 1
2153 419 1
1058 2062 2
1222 942 1
1913 804 1
1196 437 1
2341 1488 1
2989 643 1
1165 2314 1
2833 2328 1
2246 820 1
803 3149 1
3118 2913 1
3401 837 2
2063 379 1
2746 267 1
2883 665 1
2780 3207 1
1855 1831 1
3069 1050 1
3178 3172 1
318 3257 1
2457 230 1
3044 3144 1
2821 17 1
2281 1254 1
2607 2373 1
2737 1227 2
382 981 1
553 1575 2
1862 153 2
1461 2784 1
1095 2276 1
635 141 1
1131 2573 1
2035 2718 1
1519 195 1
1118 453 1
2628 2930 1
2132 3010 1
3179 509 1
2218 3241 1
2087 855 1
2569 2398 2
258 1490 1
3159 286 1
270 919 1
918 3004 1
1776 3071 1
1583 1508 1
1634 129 2
3219 2312 1
1189 367 1
2431 1656 1
2111 1118 1
824 1830 1
1721 2208 1
2095 716 1
1330 3258 1
1581 1731 1
3132 2787 1
2872 1769 1
105 1051 1
2748 700 2
2545 3297 2
1393 2925 1
1986 729 1
3053 1498 1
1367 3189 1
2823 3209 1
596 2407 1
947 890 2
1720 1508 1
637 282 1
2357 1398 1
673 3154 1
2915 1660 1
2301 1584 1
172 2756 1
1298 2518 1
1746 2364 1
24 1641 1
2613 2217 1
3205 1679 1
2933 2799 1
214 2847 1
868 2571 1
288 1472 1
1726 1579 1
2404 2622 1
3293 1816 1
2137 1164 1
2853 223 1
2505 2360 1
1228 3054 1
123 2530 2
1376 2996 1
1860 1215 1
421 2281 1
29 252 1
3121 599 1
1950 3314 1
2149 69 1
2674 1442 2
418 3175 1
2010 2625 1
3379 958 1
2905 2109 1
1347 1526 1
39 315 1
104 999 1
2531 1999 1
1824 3359 1
861 1941 2
2718 673 1
2318 3341 1
1751 55 2
1568 872 1
2532 235 1
1593 494 1
597 579 1
3192 144 1
1735 2119 1
766 2568 1
326 1976 1
2676 1402 1
1133 344 1
1937 2219 1
1525 109 1
1633 3070 2
2299 1603 1
1192 2025 2
566 1730 1
1417 3184 1
1134 307 1
2500 393 1
721 2675 1
2094 1154 1
2556 3044 2
109 3122 1
700 3018 1
442 2001 2
2105 547 1
2124 878 1
3292 2805 1
1454 2993 1
2321 2858 1
1174 1721 1
1385 1712 1
41 862 1
3265 2465 1
2890 2953 1
3125 1495 1
43 163 1
2983 2405 1
844 3167 2
1217 1489 1
821 1287 1
2769 2450 1
1934 2956 1
651 352 2
1317 115 1
892 682 1
132 1774 1
882 2142 1
2852 2152 1
862 2836 1
1129 909 2
1364 1755 1
1323 460 1
568 2135 1
2611 1993 2
3279 1352 1
1645 2753 1
2196 610 1
580 2481 1
1770 251 2
322 985 1
2635 848 1
1332 1272 1
1134 611 2
2892 543 2
331 3251 1
3258 3059 1
2149 543 1
1428 2005 1
1150 900 1
2485 2023 1
2560 1823 1
223 269 1
232 898 1
2204 3350 1
667 784 1
2071 1157 1
2164 2691 1
1896 1005 1
1826 2570 1
625 2851 1
828 2116 1
2368 2404 1
2744 2979 1
2524 2551 2
2540 383 1
3247 3260 1
1210 2309 1
260 2200 1
2550 2392 1
956 2992 1
2180 3079 1
741 869 1
1496 1623 1
2149 2727 1
2487 3215 1
1467 1644 1
3227 1076 1
841 1174 1
2107 3349 1
3178 685 1
1302 349 1
873 2549 1
2490 1947 1
264 3266 1
1784 2598 1
718 1529 1
1612 2505 1
2855 1480 1
1880 2510 1
364 1299 2
399 1642 1
1202 399 1
2306 2364 2
3265 1423 1
428 1425 2
310 1383 1
772 2499 1
408 1264 1
3010 2471 1
1381 1141 1
2359 2797 2
3322 1615 1
3290 2598 2
669 1341 1
1026 3019 1
2421 410 1
2650 3398 2
1691 2664 1
329 2890 1
3279 2260 1
3362 91 1
585 348 1
1037 2526 1
1232 1786 1
1302 728 1
2765 2969 1
1605 1565 1
2760 854 1
2681 3205 1
1724 2578 1
953 629 1
3230 1770 2
2222 2578 1
1802 1693 1
416 2434 1
1775 2648 1
132 2636 1
2178 2304 1
2742 1015 1
2573 3296 1
1123 1894 1
3111 921 1
2689 2945 1
114 3137 1
728 2490 1
1230 966 1
2099 367 1
3219 733 1
1179 3366 1
352 454 1
73 293 1
2628 110 1
3174 2595 1
3315 2560 1
2005 622 1
3015 1772 1
3282 2661 1
1551 3407 1
2865 3013 2
573 232 1
1816 98 1
2889 2177 1
3341 304 1
2495 1711 1
1544 1752 1
1269 582 1
1548 1581 1
346 1588 1
3111 246 1
336 2162 1
964 775 1
403 2608 1
933 2229 1
2953 215 2
3241 2791 2
971 3224 1
1860 1907 1
2557 1488 1
3199 1452 1
168 2694 1
858 3385 1
285 327 1
3150 2172 2
1127 1528 1
765 2846 1
1025 2262 2
2488 3121 1
1531 1085 1
2507 131 1
1339 1306 1
2470 3270 1
445 2559 1
2950 939 1
3169 1040 1
2339 2919 2
1818 649 1
2991 814 1
2295 2825 1
667 31 1
1538 1197 1
3246 140 1
1749 2817 1
1155 79 1
1440 449 1
13 2911 1
404 631 1
2 1663 1
2942 3092 1
3272 2732 1
2530 2442 2
1992 3177 1
2844 1097 2
1338 2730 1
1152 1179 1
2062 2872 1
3364 143 1
2888 2871 1
1857 1397 1
736 1857 1
111 1959 1
384 2988 1
135 1811 1
1912 1792 1
3248 2320 1
1280 2508 1
1154 2357 1
799 2077 1
2650 1275 2
124 2967 1
332 3052 1
2285 2643 1
996 823 2
2127 2248 1
2425 1233 1
2542 2440 1
1723 1578 1
1194 1592 1
3384 2517 1
2218 2791 1
2951 482 1
3336 1596 1
975 1700 1
1359 1821 1
719 1604 1
481 3295 1
1724 2222 1
1947 613 1
3091 54 1
2948 1618 1
514 1103 1
2817 3296 1
660 406 1
1799 3342 1
991 3219 1
3306 897 1
1713 1805 1
3288 123 1
958 1114 1
1985 1024 1
643 755 1
3189 443 1
1221 1014 1
2131 2742 1
2035 408 1
867 1981 1
2669 3085 1
1619 519 1
2692 2559 1
3005 88 1
2348 1756 1
2416 2602 1
539 2197 1
442 1496 1
3166 2728 1
2271 812 1
3185 790 1
1731 799 1
3065 1600 1
59 1574 1
619 2912 2
750 542 1
3133 1208 2
3319 3230 1
359 3325 1
48 103 1
1200 1201 1
1341 2500 1
2061 930 1
388 346 1
1809 2983 1
554 935 2
1617 2830 2
3292 2228 1
2982 3380 1
1565 2340 1
1461 2786 2
2979 1618 1
1279 1983 1
2395 2810 1
2100 2385 1
1335 1519 1
843 2915 1
2499 2234 1
2789 862 1
1060 471 2
2550 449 1
988 2145 1
2340 1263 1
1762 836 1
1121 825 2
1366 1330 1
2400 2975 1
1104 1605 1
1603 2014 1
112 132 1
3221 2060 1
2040 1051 1
868 3283 1
2221 2668 1
1778 3230 2
316 2823 2
3166 3037 1
3330 2850 1
175 2249 1
700 2739 1
127 394 1
1654 586 1
223 2153 1
2652 108 1
1433 2105 1
248 1136 1
1002 1565 1
936 2031 1
2362 357 1
179 919 1
3297 3168 1
298 2765 1
445 1836 1
2296 2673 1
2455 1192 1
638 3125 1
1469 1372 1
1214 355 1
393 1700 1
683 3048 1
695 874 1
1766 149 1
1183 528 1
1142 1718 1
529 2020 1
565 1921 1
1320 3162 1
2513 3299 1
1971 3099 2
1741 1588 1
586 846 1
1608 1260 1
3136 1473 2
1197 914 2
3112 3345 1
2280 2731 1
3349 8 2
1947 1453 1
3301 3088 1
3013 402 1
46 951 1
2261 2659 1
1210 3074 1
559 1066 1
2265 2871 1
3077 548 1
2510 2400 2
1626 1842 1
360 1072 1
669 3089 1
649 1451 1
1725 1299 1
351 533 1
2262 614 1
895 3027 1
3376 709 1
3348 2394 1
2181 2229 1
1340 2355 1
2216 877 1
1717 1140 1
1516 3181 1
840 1719 1
194 249 1
2685 2342 1
773 2646 1
2686 528 1
1768 2439 1
2473 2377 1
2274 1691 1
2009 2638 1
3246 434 1
1898 809 1
3031 726 1
534 2446 2
2735 649 1
523 2523 1
1122 299 2
865 80 1
2197 1934 2
26 334 1
2508 1322 1
2039 3055 2
3218 2640 1
1836 2060 1
684 3111 1
35 2019 1
755 104 1
2444 3230 1
3312 2766 1
1198 1745 1
1523 2393 1
253 2536 1
1719 404 1
1169 1576 1
1216 1232 1
657 2538 1
2102 3211 1
1589 1392 1
3122 1321 1
1940 1410 1
337 3127 1
474 2706 2
937 1414 1
3260 3325 1
1539 2308 1
1442 1986 2
693 667 2
1858 2211 2
2734 2548 1
1641 25 1
1215 1577 1
1437 3264 2
2374 233 1
1831 492 1
228 2774 1
1517 1190 1
2199 660 1
845 2678 1
2818 2937 1
3041 2089 1
2940 299 1
92 2425 1
2193 2797 1
15 929 1
488 1993 2
470 3105 1
830 2717 1
2501 3387 1
2217 3170 1
808 2642 1
3336 3344 1
1920 710 1
1715 1674 1
1178 2371 1
1065 2904 1
1878 53 1
1287 2944 1
3371 2565 1
2162 2044 1
477 1138 1
840 3254 1
2345 2287 1
340 846 2
774 429 1
815 1027 1
1807 3110 1
688 824 1
3018 1904 1
1448 1348 1
2844 2714 1
748 2412 1
2002 731 2
3042 368 1
2352 1062 1
179 2829 1
3239 867 1
1537 1464 1
2906 2922 1
2103 765 1
823 1393 1
1257 636 2
1360 303 1
3358 2681 1
2022 1511 1
2626 305 1
1148 58 1
2992 504 1
3281 733 1
2020 586 1
1311 1775 1
608 1288 1
2963 1543 1
1039 1383 1
388 447 1
71 1482 1
470 41 1
1244 313 1
2470 1301 1
609 2833 2
27 3025 1
1138 2108 1
1659 2295 1
1508 141 1
2585 2672 1
2666 2064 1
2821 2241 1
217 898 1
1369 2002 2
1353 983 1
2593 2781 1
1638 2809 1
3067 1254 1
2584 28 1
831 1361 2
298 2929 1
2234 929 1
17 2241 2
3135 3134 1
1514 1773 1
3317 866 1
1424 527 1
453 1489 1
2824 2001 1
2239 1399 2
1850 2600 1
2582 690 2
2792 222 1
2317 2011 1
627 1499 1
1702 857 1
970 1361 1
988 1600 1
2896 2009 1
296 707 1
2038 3104 2
1361 2663 1
2330 15 1
230 2712 1
684 2231 1
426 3378 1
2737 2190 1
810 114 1
371 1065 1
3315 3215 1
419 1671 1
1257 1305 1
2239 2824 1
3332 282 1
1870 1817 1
650 2290 1
2179 1257 1
3089 2001 1
1423 490 1
1911 1399 1
1890 1865 1
888 1269 1
1066 481 1
3060 1822 1
2020 704 1
3308 1416 1
786 634 1
1851 719 2
553 260 1
1296 3357 1
3120 1502 2
1737 255 1
3133 1615 1
1877 2419 1
859 2917 1
776 146 1
283 691 1
2341 949 1
357 3118 1
2463 2744 1
1881 26 1
2605 564 1
1131 1749 2
553 1276 1
257 1475 1
2428 679 1
2889 2623 1
1105 2401 1
2376 3109 1
139 488 2
3072 942 1
2364 3177 1
3200 2258 1
2709 1930 1
2658 783 1
54 535 1
2478 2493 1
795 1227 1
1760 2843 1
2157 1216 1
606 2704 1
3083 3118 1
2184 1971 1
427 293 1
1992 2364 1
3272 966 1
1996 1323 1
1595 2557 1
2064 1091 1
1939 2816 1
401 963 2
1572 592 1
2233 2971 1
1088 2484 1
1010 342 1
1308 1883 1
2323 1780 1
3410 1235 1
2162 1674 1
2208 45 1
1721 45 1
1287 132 1
1942 1597 1
2687 3294 1
373 3308 1
2719 1635 1
834 2622 1
2481 2707 1
2185 1353 1
271 377 1
515 1340 1
494 1247 1
2853 1948 1
1238 2708 1
2267 1073 1
2489 450 1
274 3256 1
3213 1053 2
2646 2570 1
662 3321 2
123 2358 1
2766 1008 1
208 2692 1
3168 2704 1
3165 2645 2
2853 2856 2
710 522 1
805 2348 1
3167 357 1
2603 1525 2
131 315 1
1811 2244 1
1555 2632 2
2989 2107 1
2384 2103 1
2961 66 1
789 1166 1
2789 293 1
869 836 2
3328 213 1
1880 3113 2
999 2376 1
3013 3261 2
948 696 1
556 2302 1
1353 707 1
1362 1363 2
1124 177 1
2899 815 1
2356 3373 1
1373 1501 1
350 2788 1
1965 2391 1
2229 2991 1
2171 3181 1
1576 274 1
1200 1088 1
3326 3204 2
1739 152 1
1919 2654 1
1933 684 1
1600 2724 1
1536 1593 1
1998 1520 1
2719 379 1
266 647 1
934 1023 1
1590 1438 1
2332 2603 1
2622 2509 1
3234 1163 1
1830 2056 1
1135 248 1
316 2627 1
1436 3390 1
2146 3064 1
1677 2519 1
1142 1891 2
97 2508 1
1403 2460 1
2731 1740 1
357 1683 1
3110 2979 1
79 1430 1
99 517 1
2795 637 1
3202 897 1
1082 1254 1
1217 1640 2
1849 2529 1
3014 1937 1
1695 1728 1
1766 2705 1
1435 2902 1
1224 558 1
3160 2427 1
1494 2399 1
167 1549 1
3105 1133 1
360 943 1
1116 1229 1
327 317 1
843 36 1
1240 13 1
539 1934 1
954 1720 1
634 568 1
3236 912 1
3251 3206 1
928 477 1
1811 307 1
1708 1017 1
930 3253 1
92 2660 1
3004 1702 1
979 1712 1
2862 3041 1
1644 1382 1
2122 2827 1
2257 1483 1
2339 936 1
3138 285 1
365 518 1
3062 2808 1
159 2887 1
2875 186 1
2118 1503 1
1796 1629 1
487 3300 1
998 1989 1
1107 3363 1
2471 2572 1
2895 1589 1
2956 894 1
2693 686 1
240 3333 1
302 2754 1
191 2357 1
3156 2571 2
214 1491 1
1681 1026 1
388 2463 1
2509 813 1
2802 3129 1
2449 2936 1
1829 2243 1
219 1185 1
201 1499 1
2662 3006 1
2623 2177 1
444 1174 1
975 1492 1
1225 1096 1
860 430 1
2909 1942 1
1499 6 1
1615 2778 1
1216 2281 1
2256 2299 1
60 2780 2
125 3334 1
1988 1933 1
2241 1236 1
142 446 1
2357 2546 1
1006 1760 2
2248 1199 1
2274 522 1
2022 146 1
824 281 1
1499 3319 1
1160 405 1
1519 2242 1
2457 2907 1
1557 1978 1
2482 1004 1
91 1652 1
2521 82 1
3217 1357 2
585 440 1
3221 435 1
3040 1795 1
2004 1376 2
2678 1467 1
2887 719 1
500 3341 1
405 2473 1
837 2594 1
2123 1843 1
3369 2981 1
2123 1345 1
213 611 1
402 94 2
70 2309 1
679 664 1
2492 1153 1
3201 2123 1
141 1009 1
1429 2626 1
680 1524 1
1322 670 1
1586 2952 1
3243 220 1
2209 1476 1
624 2811 1
2074 1563 1
1931 1123 1
1111 214 1
1534 2848 1
1577 945 1
648 3172 1
1499 3237 1
2361 1588 1
590 2252 1
1999 1402 1
1914 2693 1
2084 2366 1
3231 1283 1
2944 132 1
796 2879 1
53 2402 1
1779 1632 1
1908 1815 1
1662 2392 1
2493 190 1
579 2643 2
2657 287 1
3160 2411 1
101 985 2
1763 3035 1
926 2689 1
2467 2655 1
3328 2916 1
3210 1897 1
147 963 1
577 845 1
1763 2882 2
2714 778 1
2987 2994 1
340 51 1
145 415 1
1236 2911 1
1452 3272 1
2343 2332 1
2581 243 1
502 2201 1
414 2780 1
1356 3227 1
336 1512 2
333 271 1
2677 3270 1
3321 3006 1
2835 1943 1
2029 1968 1
2048 1547 1
1410 1555 1
947 3176 2
2146 1568 1
2859 168 1
1043 243 1
2947 1730 1
1195 799 1
917 1607 2
2433 3266 1
2049 1925 1
658 473 1
1776 637 1
545 3033 1
2219 301 1
36 1525 2
2934 3013 1
3253 1175 1
2031 980 1
1480 840 1
2984 3328 1
1656 2783 1
2379 111 1
1889 422 1
1481 165 1
1770 2999 1
552 510 1
3241 1230 1
1023 1834 1
3177 3288 1
2712 633 1
3351 2890 1
2818 2726 2
1329 1715 1
1837 1733 1
2302 3174 1
1474 946 1
924 3021 1
2090 1443 1
2450 2134 1
1553 545 1
2398 3396 1
3129 277 1
2955 1313 1
3138 1046 1
3135 680 1
1292 1240 1
516 1368 1
466 1676 1
1411 2030 1
2312 2155 1
909 1145 1
1286 1086 1
2059 1353 2
2704 1318 1
2758 3128 1
381 1611 1
1149 3141 1
679 2056 1
1821 2442 1
1998 2284 1
1931 744 1
1271 176 1
1057 1280 1
2552 2344 1
2781 221 1
2105 1770 1
1092 2634 1
1731 541 1
2254 2040 1
2677 2652 1
3142 703 1
2044 866 1
1513 1687 1
2904 1227 1
1956 1207 1
3402 2259 1
2036 2296 1
1895 1474 1
176 906 1
2339 322 1
1487 103 1
2620 1258 1
2567 1550 2
1459 432 1
3395 1982 1
3356 1759 1
1512 2751 1
2273 2907 1
105 2040 1
2211 2650 1
207 373 1
2330 2311 1
3357 775 1
653 234 1
1758 3126 1
3211 3107 2
2980 2528 1
935 2468 1
1249 133 1
380 3047 1
2309 2230 1
3267 3327 1
2486 1713 2
2556 2639 1
2729 3065 1
3360 1519 1
1494 3364 2
2157 800 2
2735 564 1
3095 2738 1
2547 2943 1
287 2375 1
1468 645 1
2819 1227 1
1732 865 1
2624 641 1
3151 556 1
1642 2178 1
649 2233 1
686 324 1
2747 1558 2
2747 264 1
846 2018 1
2013 1923 1
1221 822 1
276 2332 1
2740 1913 1
1252 728 1
603 1325 1
1330 837 2
2304 3358 1
121 2669 1
141 3281 1
575 272 1
2056 664 1
2613 363 1
1150 3179 1
100 151 1
2539 2054 1
116 2455 2
755 199 1
2060 435 1
2741 2495 1
984 2138 1
687 746 1
1752 136 1
1112 1648 1
1035 3053 1
3402 787 1
62 119 1
2692 2283 1
1059 436 1
1405 525 1
1122 1226 1
1765 476 1
559 681 1
3018 2063 1
1990 701 1
3139 2806 1
3229 1431 2
732 182 1
196 188 1
2210 2841 1
2858 743 1
1275 3364 1
1835 1950 1
2290 3409 1
1904 562 1
3064 2586 1
1418 3099 1
2808 1391 1
3271 3404 1
2007 411 1
1693 2361 1
1144 453 1
3059 1612 1
553 2200 1
3192 1865 1
791 1195 1
2770 1111 1
3392 1861 1
2382 699 1
2598 1214 1
1053 1187 2
244 1871 1
2221 1738 1
942 3402 1
2618 1548 1
3006 788 1
341 128 2
2755 1965 1
3360 567 1
1995 3311 1
1500 657 1
1414 3051 1
2636 310 1
2083 1164 1
874 658 1
1616 781 1
922 225 1
1292 2821 1
2218 797 2
3223 1116 1
430 1391 1
3212 834 1
1401 2062 2
3209 2218 2
477 750 1
510 2255 1
2309 2899 1
1286 3251 1
1072 2782 1
2310 1690 1
1817 710 1
589 3302 1
3165 1442 1
3149 1128 2
1302 1552 1
2797 2137 1
811 2160 1
51 2874 1
56 1137 1
25 1727 1
1092 397 1
1945 2924 1
2446 2496 2
1130 749 1
368 371 1
61 1116 1
3341 2569 1
2392 2879 1
787 2720 1
1391 2545 1
189 52 1
2614 2235 1
102 2901 1
1647 1753 1
1613 969 1
2923 3192 1
2772 2243 2
113 2965 1
669 585 1
1834 2801 1
2085 1834 1
312 1987 1
2894 1998 1
1489 2140 1
2682 1220 1
1188 1194 1
152 2557 1
1307 952 1
3155 182 1
2184 3099 1
2996 3098 1
2681 3184 1
1004 1078 1
1849 1887 1
1023 2072 1
1755 237 1
3228 2351 1
1617 264 1
498 760 1
3044 643 1
1981 1283 1
1120 3406 1
3000 2778 1
118 3082 1
441 1681 1
265 739 1
2827 1505 1
51 298 1
2196 2973 2
2333 2387 2
1331 137 1
2172 2908 1
2387 1857 1
2650 360 1
2797 3219 1
2820 2755 1
2260 365 1
1935 44 1
69 3326 1
353 2074 1
273 1931 1
327 2683 1
3311 3212 1
341 968 2
3106 334 2
744 1123 1
3074 1518 1
2771 2554 1
1712 1765 1
2161 3374 1
1686 2704 1
1090 1315 1
1408 1174 1
1145 1430 1
3199 2076 1
2705 3158 1
2260 2796 1
1946 531 1
77 2829 2
3187 292 1
3281 1802 1
793 2534 1
313 456 1
1761 290 1
2673 2207 1
2144 3252 1
2978 150 1
1765 2256 2
2843 2839 1
517 2471 1
549 2800 2
1140 2717 1
1527 3291 1
348 1496 1
1083 370 1
1122 1764 1
2561 1429 1
1005 3124 1
1623 200 1
3134 1255 1
1393 2499 1
919 2488 1
2080 556 2
1055 1972 1
3202 3050 2
1709 3395 1
1237 1481 1
2764 3212 1
3108 1593 1
3357 1598 1
2395 3146 1
1980 2615 1
1672 2184 1
2306 90 1
262 3410 1
1554 414 1
1211 1869 1
1303 2647 1
2717 1575 1
1746 1803 2
356 2921 1
1398 2546 1
442 2514 2
2117 2512 1
835 807 1
1372 3348 1
2651 503 1
101 2866 1
183 2070 1
1604 1079 1
2350 2919 1
1805 291 1
2070 2701 1
2983 2132 1
3216 758 1
22 2104 1
230 1314 1
1959 3084 1
2618 784 1
280 2526 1
204 1631 1
3334 3047 1
2520 3119 1
2086 2136 1
2575 1573 1
562 2661 1
2373 2475 1
2986 3339 1
2446 1335 1
883 594 1
370 969 1
2474 1912 1
613 381 1
733 1693 1
2031 870 1
1778 1933 1
2609 794 1
1538 2932 2
1430 3242 1
691 839 1
765 1234 1
328 390 1
757 2567 1
3411 2240 1
2544 2843 1
2097 169 1
1052 1761 1
3101 1226 1
164 1535 1
2812 2436 1
548 1465 1
1912 1286 1
1774 884 2
480 2448 1
3220 187 1
2958 2118 1
1485 2370 1
1554 288 1
1275 1415 2
2307 2365 1
1742 3083 1
2097 1069 1
2280 463 1
636 3382 1
1379 575 1
1871 3354 1
1435 1642 1
167 3334 1
1602 1256 1
2881 3405 1
2548 2322 1
1236 1760 1
2 1521 1
2625 811 2
324 1210 1
2627 929 2
1034 1841 1
2021 3062 1
1239 3029 1
1306 351 1
1642 970 2
3235 610 1
577 358 1
1964 743 1
919 147 1
3062 2464 1
1502 1553 2
2242 524 1
1380 2820 1
2629 2581 1
3342 3240 1
441 1470 2
260 2181 1
229 2336 1
1804 309 1
2856 2024 2
1778 1560 1
1944 2927 1
2363 3161 1
395 207 1
3180 121 1
76 1394 1
2791 3339 1
2655 1647 1
1600 681 1
1681 87 1
1685 1055 1
594 2775 1
2185 619 2
1191 3375 1
2256 476 1
1592 1723 1
281 3171 1
2007 1803 2
2924 837 1
3206 2833 1
3165 2674 1
1648 531 1
1271 750 1
1595 152 1
1116 1985 1
3106 53 1
166 317 1
2168 1385 1
819 1892 1
438 3223 1
1674 3317 1
2109 1079 1
2793 1491 2
1025 1760 2
2953 2428 1
2362 1047 1
807 475 1
1043 665 1
3103 2071 1
1212 244 1
3136 2041 2
857 905 1
2499 1585 2
2048 2198 1
3098 2735 1
41 34 1
450 555 1
2396 968 2
2764 3311 2
1394 3131 1
1011 1904 1
1864 13 1
146 1633 1
3197 3298 1
2192 1987 1
827 2511 1
1922 2864 1
1156 101 1
104 1863 1
2488 2829 2
682 3261 1
1885 2186 1
3319 1778 1
1254 1057 1
3052 1710 1
2813 387 1
921 2587 1
446 167 1
1746 2306 1
2704 963 1
1442 1579 1
966 2732 1
1341 440 1
3016 24 1
2733 2880 1
802 862 1
1455 2695 1
832 2097 1
1983 1980 1
2926 231 1
2763 721 1
2642 1370 1
1106 1944 1
3151 1856 1
385 1347 1
661 2895 1
3235 1246 1
3262 2187 1
2701 1828 1
2409 2268 1
3219 1693 1
499 2828 1
2112 459 1
1654 1569 2
2480 786 1
1441 356 1
1417 2681 1
2401 2768 1
1157 669 1
5 194 1
1110 766 1
611 776 1
3401 2594 1
2559 2283 1
1910 2347 1
3304 1418 1
2869 2863 1
775 1151 1
154 384 1
398 2245 1
3030 2791 2
1199 1819 1
1716 948 1
1005 2358 1
2529 1887 1
2622 1624 1
1783 2752 1
1733 2112 1
2283 2897 1
1688 28 1
2610 1372 1
153 1374 2
2200 2181 1
473 192 1
434 218 1
2720 478 1
1973 2976 2
3057 228 1
1692 1419 1
2628 1293 1
3128 217 1
1295 3046 1
2014 1573 1
1387 1193 1
2911 2961 1
3171 2403 1
1560 2999 2
2804 2612 1
1694 112 1
103 26 1
1723 391 1
2517 421 1
2285 1321 1
116 2624 1
277 485 1
2177 2094 1
331 883 1
643 2350 1
3314 1666 2
3196 8 2
190 612 1
1190 529 1
2456 3116 1
1412 223 1
1625 1591 1
1607 3046 1
3241 1452 1
298 3169 1
2756 2446 1
1410 1832 1
2877 496 1
43 145 1
916 1107 1
1453 2780 1
2678 2682 1
1945 1496 1
49 127 1
715 1357 1
539 3329 2
1873 417 1
2375 1910 1
2658 2556 1
1378 2141 1
3168 1686 1
1968 2445 1
3126 2858 1
2402 569 1
2574 744 2
1794 3240 1
1425 3341 1
182 2851 1
2474 1286 1
1220 423 1
620 304 1
1385 1180 1
1076 1750 1
3374 1251 1
308 3008 1
704 2801 1
1009 796 1
822 2421 1
1663 1319 1
107 1114 1
965 1910 1
2979 975 1
746 2167 1
2015 232 1
1131 2817 1
3330 3311 2
830 1140 2
1696 1612 1
654 3307 1
130 1237 1
1498 3115 1
2264 2043 1
3260 359 1
1949 1771 1
1041 1454 1
961 360 2
1259 1792 2
731 1107 2
2484 1939 1
1647 1571 1
387 2815 1
653 2850 1
831 1243 1
1460 2160 1
2780 1611 1
1629 934 1
861 1813 1
1862 2479 1
1822 2429 1
1227 2246 1
1451 1592 1
125 3047 1
165 1659 1
2960 1339 1
457 1846 1
1423 1096 1
2922 2098 1
58 1404 1
1392 1109 1
1031 2651 1
2663 382 2
1331 1916 1
1317 803 1
2014 768 1
3109 3385 1
1793 2091 1
1975 2658 1
1858 2650 1
340 2788 1
951 2500 1
2614 2676 1
2828 2076 2
3202 3306 2
2365 1654 1
883 2833 1
435 1277 1
2526 1038 1
1172 547 1
617 3016 1
1773 498 1
3329 2110 1
2584 2163 1
721 1861 1
2816 2945 1
812 257 1
2928 1512 1
2871 1784 1
1471 989 1
3385 964 1
3177 90 2
2910 2760 1
2343 843 1
512 35 1
1673 2161 1
2424 2228 1
3193 3095 1
781 1734 1
3206 552 1
2403 2501 1
1174 324 1
1789 1922 1
97 1280 1
2337 92 1
726 853 1
1620 2812 2
926 1729 1
2093 599 2
3206 883 2
2775 2595 1
1268 2871 1
538 2066 1
3175 775 1
991 733 1
2971 2732 2
612 1478 1
402 143 1
1242 3262 1
2181 713 1
850 2540 1
367 3229 1
1368 1633 1
1301 3190 1
620 1988 1
1395 1228 1
2789 802 1
1774 845 1
1412 2853 2
3380 328 1
350 2801 1
1730 2125 1
813 763 1
1220 740 1
1950 2111 2
3183 3285 1
1575 260 1
511 2885 1
1077 2082 1
799 2034 1
426 1595 1
119 2330 2
1656 253 1
180 2531 1
3405 529 1
1437 3196 2
2640 2852 1
53 3167 1
941 3330 1
2958 1503 1
609 2255 1
578 910 1
725 122 1
205 2421 1
972 1797 1
2926 2302 1
1774 577 1
714 1206 2
1615 3000 1
39 411 1
750 2372 1
2254 897 1
2474 522 2
1621 179 2
267 2886 1
461 2749 1
1152 2714 1
1020 3372 1
1701 139 2
3110 975 1
2286 2532 1
215 917 1
1506 148 2
2959 2493 1
2350 755 1
252 425 1
3387 659 1
187 1440 1
3326 1191 1
1222 3402 1
46 2500 1
2244 2155 2
873 2120 1
2917 1412 2
3114 916 1
1948 540 1
1192 3201 1
701 1030 1
1397 2748 2
842 2208 1
2698 2607 1
3281 2476 2
2874 2969 1
1039 2719 1
853 56 1
2439 2743 1
2105 6 2
437 2299 1
2594 3059 1
1471 789 1
1022 2767 1
1712 1308 1
1087 1221 1
2674 1726 1
1773 2685 1
506 2125 1
3311 653 1
3209 3241 1
2314 1858 2
2989 2782 2
1535 2621 1
514 3329 1
467 387 1
180 2761 1
206 566 2
963 1318 2
1510 430 1
1229 1350 1
338 932 1
2963 2013 1
2994 71 1
800 1216 1
2268 306 1
2811 3038 1
678 2390 1
3045 3122 2
168 2700 1
1735 2043 1
3157 443 1
3296 418 1
2591 771 1
2181 2991 1
2155 1911 1
2417 1882 1
1886 3200 1
2332 1525 1
2705 1090 1
2159 339 1
2160 2665 1
3268 3388 1
2243 3322 1
7 49 1
1307 1301 2
785 1569 1
62 2330 1
1769 3002 1
3190 1657 1
2574 1146 1
716 1724 1
2678 818 1
1366 3023 1
1319 2875 1
3335 1708 1
1889 2857 1
3397 888 1
913 3068 1
267 7 1
692 2073 1
1646 1840 1
1564 1424 1
1595 332 1
433 921 1
2535 1793 1
1524 1540 1
985 2031 2
202 33 1
101 176 1
2391 1328 1
2415 455 1
1060 2762 2
2017 2096 1
822 1739 1
3305 812 1
1219 2697 1
1620 876 1
390 2519 1
472 3141 1
2421 1033 1
1599 2477 1
1650 1532 1
1569 3336 1
2605 931 1
2885 823 1
1691 1376 2
3102 1509 1
2114 2659 1
1875 513 1
995 1081 1
2946 2225 1
921 2027 1
3083 1998 1
1989 1872 1
213 135 1
1506 2912 1
2068 2228 1
1062 16 1
1940 980 1
2882 2288 1
1047 357 1
2646 1826 1
2558 3402 1
518 32 1
3294 3376 1
2270 486 1
1962 875 1
2986 624 1
3394 2325 1
2242 1880 1
2932 914 1
3344 688 1
1280 2271 1
2255 1536 2
680 3244 1
2744 946 1
871 497 1
2663 981 1
1425 2867 1
1431 945 2
1103 1262 2
621 1963 1
1887 3409 2
3038 2655 1
783 2588 1
2244 307 1
740 1388 1
1969 564 1
2703 277 1
1553 2150 1
2159 2388 1
827 1409 1
1100 2757 1
2514 1496 1
2244 1911 1
879 2878 1
1834 704 1
2731 463 1
727 1610 1
1314 1377 1
2128 2586 1
1736 335 2
245 654 1
267 3401 2
3146 3101 1
3130 3136 1
379 3282 1
285 1445 1
3363 1716 1
2801 1192 1
3094 34 1
3411 1177 1
1034 1554 1
2277 2333 1
2094 3358 1
182 23 1
716 2222 1
869 2197 1
3027 1224 1
2730 2264 1
1699 2101 1
2351 2003 1
1316 3269 2
1598 2344 1
1928 3115 1
2488 742 1
2828 904 1
1725 2311 1
238 580 1
2913 892 1
2769 2710 1
3135 1524 1
2645 1442 1
1208 3198 1
1313 1410 1
3029 3238 1
2440 1004 1
2919 936 1
1571 2280 1
1321 1742 1
269 2937 1
865 256 1
2757 3233 1
1217 1292 1
2319 1776 1
325 1728 1
1972 973 1
979 2389 1
1772 29 1
962 551 1
1203 3336 1
572 1186 1
1743 1212 1
3136 2408 1
1906 2996 1
990 597 1
2835 2313 1
1005 1751 1
2643 1165 1
2972 908 1
1807 975 1
2770 1277 2
33 2699 1
2191 3155 1
2230 2899 1
254 2733 1
1812 2266 1
815 3360 1
1542 1880 2
3170 451 1
484 412 1
1300 2129 1
1754 1010 1
429 236 1
2653 3293 1
2403 2146 1
3358 1417 1
595 2095 1
2498 865 1
3264 636 1
1472 2780 1
1142 337 1
1371 3279 1
2738 2338 1
2355 326 1
2826 3013 1
2163 3160 1
1764 893 1
2042 418 1
711 1310 1
870 980 1
13 2961 1
2189 571 1
1207 208 1
2917 2937 1
456 873 1
2932 3036 2
3365 105 1
999 870 1
1650 2616 1
2394 11 1
2117 470 1
2262 875 1
2869 3295 1
1580 1698 2
2225 1958 1
2713 3094 1
1924 2835 2
804 2539 2
2186 2156 1
2252 899 1
2722 2830 2
2679 1237 1
2762 1629 1
2964 993 1
1573 2860 1
1516 2443 1
931 1723 1
517 3079 1
802 2882 1
2339 3349 2
1246 610 2
1224 2531 1
2107 1003 1
2835 481 2
1272 979 1
1843 3104 1
2785 16 1
304 2569 1
3099 1469 1
609 3151 1
1009 2476 1
1344 2471 1
2701 2021 1
3403 3178 1
3021 886 1
49 1717 1
2447 2114 1
1592 2236 1
1118 1463 1
2977 924 1
2093 2761 1
869 438 1
3348 11 1
2329 1135 1
941 1194 1
2553 631 1
1297 3394 2
2116 2224 1
2328 2775 1
1544 3097 1
74 3257 1
3100 14 1
1330 2048 1
20 3054 2
3259 279 1
1086 1493 1
901 247 1
304 1988 1
2886 1813 1
3121 2093 1
496 1311 1
1243 2663 2
3118 1520 1
1461 537 1
1400 2845 1
2176 515 1
2894 2284 1
2884 2110 2
2237 2504 1
1399 516 1
2560 2016 1
2810 3146 1
683 2769 1
1542 1713 1
672 1573 2
89 2617 1
631 1582 1
156 1396 1
2918 2861 1
2683 1948 1
541 678 1
3297 606 1
2915 77 2
1718 337 1
604 355 1
2234 15 2
2931 345 1
524 544 2
2236 189 1
2879 3292 1
3089 3355 1
2893 2916 1
543 39 1
158 1445 1
1834 2455 1
285 1046 2
1497 262 1
1723 1860 1
245 1929 1
400 978 1
2833 556 1
332 623 1
2867 2318 2
1144 1118 1
2920 576 1
2672 2451 1
1669 2506 1
1786 2272 1
2734 369 1
3271 2270 1
1277 2051 1
273 2574 1
414 560 2
3390 995 1
2083 135 1
2957 2807 1
1599 171 1
2430 292 1
2648 753 2
1991 3082 1
2077 678 1
2967 1516 1
447 46 1
2418 1405 1
3379 1114 1
2133 1099 1
1078 1456 1
851 2675 1
1879 539 1
875 2811 1
876 3000 2
1968 246 1
1639 2728 1
1744 816 1
1975 1197 2
2334 1876 1
2138 3393 1
1679 178 1
2287 197 1
2455 2801 2
1415 94 1
2545 821 2
563 2706 2
996 210 1
2625 2160 1
2386 751 1
455 2384 1
2998 1111 2
629 1407 1
1237 808 1
3056 1101 1
336 2044 1
607 395 1
1119 1304 2
983 1272 1
1491 1714 1
579 938 1
3277 216 1
1290 3100 1
2479 2977 1
2859 2700 1
1538 1975 1
12 386 2
630 2256 1
82 2473 1
1841 2923 1
3001 941 1
2659 2430 1
707 2254 1
143 643 1
2259 1433 1
772 2330 1
1187 1396 2
303 254 1
2193 2359 1
1578 2099 1
23 764 1
96 1874 1
256 1841 1
1930 864 1
3047 187 1
1103 1353 1
486 3268 1
302 3112 1
3331 2083 1
133 3217 1
263 2377 1
1393 3309 1
2588 2573 1
2385 597 1
1640 2725 1
1112 1671 1
2291 2285 1
776 1399 2
3362 2918 1
2628 602 1
865 1475 1
3212 1066 1
2717 1553 1
2961 1006 1
2532 852 1
2089 2253 1
2073 1562 1
1047 1742 1
2664 1912 1
652 1335 1
2396 2611 2
859 1412 1
852 1990 1
3144 2639 1
2587 1720 1
1644 2652 1
1102 1373 1
2782 2107 1
315 1821 1
1220 902 1
8 915 1
17 13 2
225 2343 1
706 1663 1
834 1066 1
1462 1704 1
1284 2573 1
234 1600 1
307 1399 1
3027 2093 2
158 572 2
3402 650 1
958 1720 1
1596 2206 1
1887 800 1
2177 1154 1
2696 2983 1
2080 3174 1
63 1548 1
1883 1803 1
1354 2337 1
65 298 1
768 2108 1
3154 3183 1
1432 1903 1
1643 946 1
3147 2279 1
3405 2365 1
1707 889 1
1703 596 1
1205 30 1
651 693 2
600 150 1
3131 1964 1
2065 3195 1
2388 2058 2
2720 2529 1
1750 1897 1
60 3207 1
1999 2676 1
1094 2382 1
1042 1599 1
1068 372 2
797 739 2
1986 2941 1
2223 2721 1
2443 302 1
1466 3149 1
2188 1743 1
2800 1220 1
2788 65 1
1304 2491 2
394 1612 1
1933 2029 1
2227 2883 1
2925 772 1
348 1623 1
1393 782 1
270 179 1
2370 2972 1
2276 2635 1
2022 776 1
1972 1928 1
2761 2531 1
2757 1428 1
586 350 1
3371 2021 1
2860 1751 1
2082 3280 1
823 339 2
2995 3227 1
1445 1684 1
2918 3402 2
15 1299 1
1732 344 2
152 2341 1
1363 2332 2
1879 3329 1
3175 1151 1
1398 3205 1
1084 920 1
2200 933 1
2141 983 1
419 1112 1
1892 1638 1
402 2556 1
1788 1559 1
2349 1510 1
2546 468 1
1019 2795 1
2931 1108 1
1057 2271 1
1843 1345 2
1076 861 2
343 1973 1
1299 762 2
574 756 1
742 895 1
2889 2094 1
2654 2910 1
3158 1090 1
2359 1125 1
759 1776 1
708 1512 1
2101 926 1
2871 2395 1
1644 1395 1
1449 344 2
133 13 1
2735 2605 1
3212 559 1
1822 3308 1
1402 2185 2
2043 2958 1
904 3098 1
2655 1639 1
401 2488 2
604 1214 1
436 1113 1
2088 3076 1
1700 2487 1
530 1550 2
1731 3203 1
1541 1991 1
2981 1386 1
2604 2513 1
3339 1230 1
2125 2063 1
2923 1836 1
2715 1158 1
2242 2033 1
284 1689 1
1711 404 1
1610 30 1
2704 595 1
501 3285 2
1769 428 1
250 1866 1
1126 831 1
2240 2690 1
2721 852 1
412 2482 1
2517 41 1
3207 2893 1
2662 3321 1
1230 1452 1
1838 1814 1
1831 3120 1
2655 323 1
136 2758 1
2990 375 1
3037 813 1
1817 1920 1
2366 1479 1
2946 711 1
111 1223 1
143 2399 2
3082 1567 1
3107 3250 1
347 3346 2
224 600 1
860 3148 1
1313 2632 1
1501 1926 1
1157 2824 1
1365 9 1
1021 253 1
2272 2657 1
864 1812 1
1037 280 1
381 3331 1
2115 416 1
3333 1267 1
983 1385 1
83 235 1
2879 1193 1
180 2614 1
2404 834 1
1670 922 1
2841 1645 1
2422 967 1
690 1794 1
3372 2226 1
2649 2215 1
2421 833 1
1669 130 1
295 1320 1
2874 2403 1
3225 1658 2
87 3019 1
2372 176 1
645 376 1
2727 2507 1
1471 2794 1
2198 883 1
3288 1821 2
2399 1072 1
322 101 1
552 3370 1
2752 2400 1
3187 1913 1
671 1379 1
813 1740 1
268 695 1
2752 2975 1
3240 1253 1
249 345 1
2281 3067 1
367 2786 1
3408 2970 1
75 1958 1
665 2970 1
637 1095 1
2304 1417 1
2536 2310 1
1855 492 1
1804 3135 1
983 296 1
237 2294 1
2172 2276 1
1180 1092 1
116 170 1
1486 2048 1
37 690 1
964 3175 1
2007 39 2
2510 1713 1
2175 263 1
3130 1581 1
3389 2918 1
2328 556 1
32 308 1
3013 94 1
1845 913 1
3213 3149 2
1091 1594 1
298 343 1
3378 2223 1
2349 3120 1
3063 1476 1
2582 1799 1
899 2046 1
784 791 1
3033 1857 1
1888 1440 1
1801 188 1
2858 1364 1
2006 3026 1
2213 2086 1
1633 1817 1
3221 2559 2
1542 1706 2
2571 2343 1
1305 768 1
143 2782 1
1067 117 1
2338 617 1
315 3288 1
2044 3046 1
721 3392 1
1597 1104 1
599 2222 1
2293 532 1
870 1296 1
1941 2886 1
3007 2405 1
2465 817 1
2055 1035 1
1276 933 1
3148 1391 1
2894 2314 1
994 637 1
349 1205 1
539 836 2
2774 3226 1
861 3210 1
270 3168 1
1458 1655 1
2038 655 2
1547 2198 1
3328 611 1
3031 1462 1
699 181 1
2137 2083 1
3108 1723 1
1902 2670 1
1074 67 1
1159 2092 1
1028 1535 1
1327 1053 1
1353 296 1
2117 3305 1
2572 3043 1
957 2260 1
494 1439 1
1504 196 1
1609 2409 1
893 3343 2
1325 2533 1
929 499 1
3385 1952 1
98 124 1
834 1624 1
2908 994 1
170 2624 2
103 1362 2
716 912 2
940 202 1
1749 858 1
3349 887 1
2928 2322 2
1680 2532 1
2534 2378 1
2108 723 1
1075 718 1
99 1344 1
2347 2656 1
938 1506 1
2367 285 1
67 1000 1
1297 620 1
218 336 1
2801 2788 2
632 2480 1
1906 2004 2
1907 1215 1
2843 323 1
2007 1992 1
818 1220 2
1099 1699 1
2071 1588 1
349 1552 1
1519 2195 2
137 1673 1
2147 2938 1
719 3243 1
2076 1653 1
10 626 1
642 1451 1
580 2966 1
522 1286 1
3358 191 1
949 2217 1
3268 431 1
2812 3397 1
1889 2345 1
2552 686 1
760 2759 1
1624 763 1
1587 3159 1
2869 937 1
1380 1317 1
1913 1798 1
1994 2352 1
511 823 1
2300 2831 1
2512 344 1
3059 394 1
1477 890 2
3355 442 1
3094 2517 2
1520 892 1
2979 1492 1
1884 1913 1
2747 2433 1
2053 3057 1
2863 1672 1
1277 1111 1
1383 2678 1
3120 2577 1
2454 2757 1
2257 2128 1
613 2359 2
1751 1044 2
445 3221 1
2614 1999 1
1899 2716 1
2772 1208 1
1334 1643 1
1362 1878 1
2961 229 1
3241 3199 2
1111 1640 2
681 2869 1
3400 2308 1
1456 3087 1
1957 1626 1
1652 1894 1
560 1956 1
545 2277 2
2932 99 1
1115 1435 1
2779 477 1
1123 1810 1
138 1720 1
2745 3086 1
1956 1675 1
2807 398 1
1391 2464 1
3361 1391 1
716 851 1
1429 2324 1
2459 1077 1
792 767 1
2420 2699 1
3345 493 1
986 172 1
2069 3003 1
1289 1314 1
3411 1367 1
2954 1421 1
2205 659 2
1634 780 1
501 2621 1
2083 1811 1
917 161 1
2696 2932 1
2671 2418 1
1463 1217 1
1828 3062 1
3165 49 1
1809 2707 2
2151 2503 1
1161 3114 1
1668 785 1
413 201 1
2315 2872 1
2574 2315 1
2464 270 1
854 2566 1
1727 1788 1
1345 2038 1
1066 2835 1
2328 594 1
1610 1472 1
2305 91 1
1000 1631 1
1909 3092 1
2113 1381 1
3252 792 1
2667 1599 1
3167 2362 2
2524 2241 2
1288 1777 1
2966 1809 1
1259 1969 1
1102 1545 1
126 1660 1
19 1317 1
2664 1259 1
2094 191 1
478 2876 1
84 3016 1
2354 2164 1
2565 1167 1
3330 653 1
415 2672 1
3368 73 1
844 2940 1
1486 522 2
988 2724 1
2432 1446 1
149 1150 1
1730 2579 1
790 926 1
3373 2562 1
1704 462 1
151 1063 1
1428 2250 1
2077 541 2
42 2148 1
151 2997 1
3035 1554 1
2668 745 1
2500 479 1
1678 2585 1
2866 176 1
1236 1025 1
415 2451 1
2904 2709 1
2004 2996 1
1261 2127 1
413 3319 1
804 2054 1
2849 1458 1
2292 2159 1
681 481 1
2143 1360 1
2138 1527 1
556 2926 1
1190 1023 1
1760 2544 1
3203 2122 1
3140 2778 1
1422 1311 1
358 2102 1
2883 1043 1
2523 1628 1
2943 1211 1
2918 2259 1
2427 93 1
1622 261 1
147 2704 1
2299 2179 2
2817 1952 1
200 2746 1
2887 2684 1
1093 1925 1
1249 2140 1
3127 2567 1
2245 879 1
345 2773 1
2278 635 1
657 1366 1
2691 3284 1
1165 2894 1
397 39 1
1117 312 1
519 1447 1
334 2265 2
3372 283 1
3117 575 1
510 2985 1
500 1425 1
3316 20 2
3298 1587 1
1139 881 1
992 2341 1
2195 195 1
2594 127 1
1917 3081 2
2845 2457 1
571 590 1
2937 1112 1
212 1950 1
3028 883 1
2796 338 1
3144 755 1
927 835 1
1803 1992 1
1385 1308 1
3081 1615 1
308 505 1
126 109 1
3344 1596 1
3250 2087 1
1751 831 1
2008 3301 1
787 650 1
697 712 1
2145 2786 1
2911 1760 1
2985 3108 1
1552 728 1
1800 2430 1
324 588 1
323 2839 1
779 2452 1
1046 1630 2
1911 3103 1
203 245 1
1901 10 1
2402 3167 1
1665 59 1
293 1763 1
564 3108 1
2211 3306 1
1771 1750 1
127 1717 1
2030 1283 1
1671 1145 1
1246 1437 1
1508 2745 2
1918 1990 1
2567 1735 1
2743 1248 1
2863 3367 1
2588 1131 1
1561 1269 1
2883 1285 1
2795 759 1
736 566 1
2517 470 1
1509 2633 1
233 2298 1
2058 2998 2
558 1506 1
2746 861 1
1125 2083 1
171 57 1
2529 3409 1
2744 3110 1
1720 1583 1
607 1127 1
2122 1036 1
1352 464 1
2000 3374 1
2068 388 1
2243 2121 2
1870 1633 2
1955 1827 1
991 2797 2
105 157 1
836 2197 1
1506 619 1
1769 446 1
206 821 2
383 1570 1
3168 147 1
2016 1823 1
2941 1590 1
639 2812 1
2160 485 1
2596 2346 1
1396 1689 1
2629 2414 1
1469 2610 2
678 1130 1
2250 2005 1
2096 508 1
2052 1747 1
1079 1338 1
2338 810 1
146 516 1
256 80 1
577 1861 1
2872 142 1
3340 733 1
2882 2836 2
286 1113 1
1673 2000 1
1736 1294 2
3083 2894 1
1014 1595 1
3340 991 2
2050 722 1
3236 716 1
2618 1300 1
1128 2204 1
769 1448 1
601 1266 1
3098 1969 1
1463 1489 1
2207 1184 1
1817 2274 1
2330 1725 1
3407 1844 1
3036 2132 2
3366 2441 1
950 3182 2
1666 2770 1
888 3075 1
1218 2963 1
804 1971 1
1439 2045 1
3049 3005 1
18 2464 2
1391 911 2
2265 1784 1
1555 2552 1
756 384 1
1214 299 1
2545 606 1
1502 9 1
2341 2613 1
2777 1790 1
238 3146 2
1241 32 1
484 1559 1
2016 2373 1
93 227 1
2497 1132 2
3229 1487 1
2397 3070 2
2290 1172 1
2017 1539 1
361 1639 1
1266 977 1
2916 1893 1
514 2676 2
2870 3166 1
2638 1120 1
337 598 1
3335 1396 1
2397 657 1
1226 2968 1
379 2661 1
3310 801 1
2393 1625 1
2047 3078 1
3329 1262 2
1684 2574 1
1366 1132 2
884 721 1
3261 1975 1
951 975 2
2278 1508 1
595 1318 2
745 1557 1
2079 1578 1
1071 2363 1
654 3303 1
1146 2423 1
2767 480 1
2087 1724 1
1825 1371 1
1817 762 1
838 2286 1
3023 2048 1
703 1075 1
144 1950 1
293 802 1
2003 1697 1
2962 923 1
3356 674 1
2666 266 1
1173 3358 1
2502 174 1
47 1962 2
2567 2905 1
146 119 1
1214 1122 1
2453 185 1
885 603 1
3330 1188 1
3277 1289 1
848 2980 1
1204 1209 1
3370 510 1
636 2779 2
1973 2205 2
731 3188 1
193 1643 1
2724 2869 1
389 3163 1
1007 2629 1
3166 2368 1
2784 537 1
897 3365 1
1698 718 2
2076 1818 1
3270 2652 1
277 1460 1
2515 1418 1
604 3101 1
985 1940 1
17 2911 1
2189 1848 2
2556 3144 1
883 2328 1
327 1684 1
1545 2010 2
2701 1670 1
1089 901 1
2057 1169 1
2458 1336 1
243 1102 1
2462 2507 1
3322 3133 1
1714 265 2
1425 2318 1
509 2679 1
1660 3045 1
569 2598 1
1490 1251 1
2578 3039 1
1470 3190 2
698 2443 1
1911 2239 1
2332 843 2
1006 2843 1
2889 1173 2
2232 1609 1
2130 1466 1
342 1067 1
2688 1485 1
1007 2883 1
582 767 1
1524 1250 1
2574 1058 2
135 307 1
757 3127 1
1943 3367 1
831 2663 1
104 2376 1
15 1725 1
2947 2636 1
2937 1648 1
1797 76 1
22 1885 1
1560 2029 1
2907 2712 1
1684 1058 1
2722 3091 1
1774 310 2
3367 2740 1
1430 1996 1
2788 1192 1
686 3267 1
2263 214 1
2612 1056 1
1964 2954 1
2238 96 1
1476 2431 1
1449 257 1
1204 3255 1
782 3309 2
2818 557 1
3207 2897 1
161 2563 1
522 1086 1
540 909 1
3043 2637 1
214 278 1
1641 3173 1
3112 2156 1
1970 2528 1
1206 2039 2
1449 2498 1
2551 1326 1
2999 73 2
2854 409 1
2878 2723 1
2301 2844 1
535 1718 1
1976 240 1
2192 3173 1
1603 1257 1
2337 2425 1
365 1241 1
1834 3198 2
440 348 1
1537 2631 1
1309 1239 1
906 3381 1
2924 3401 1
3226 314 1
2934 1415 1
1662 2745 1
1488 738 1
1994 526 1
2058 2847 1
1954 1682 1
2897 2893 1
2129 2322 2
2101 2483 1
2480 2382 2
2226 1281 1
2173 2338 1
806 2069 1
86 215 1
2126 2628 1
646 2711 1
1540 706 1
3352 2541 1
2153 1129 1
460 3239 1
2803 1986 1
1601 1355 1
3161 749 1
1854 1620 2
2829 895 1
2347 536 1
2740 1884 1
440 479 1
3263 3063 1
1958 2543 1
999 2031 1
64 3074 1
2912 3306 1
728 1968 1
3089 2824 2
2676 1103 1
669 3355 1
1010 289 1
795 2819 1
2954 2946 1
1132 1330 1
2428 592 1
897 961 2
3266 478 1
1053 352 1
1228 3316 1
94 143 1
247 403 1
3069 927 1
2865 94 1
1651 3197 1
1672 1884 1
2045 320 1
2601 867 1
3106 1878 2
3411 3157 1
1187 1977 1
2027 2445 1
747 3218 1
2129 3130 1
2021 2565 1
140 2289 1
2434 2825 1
3012 2435 1
160 140 1
1949 1076 1
630 2299 1
729 1590 1
199 1863 1
1029 1074 1
1940 1313 1
1460 485 1
944 1506 1
1666 1463 1
2155 2361 2
3353 2415 1
2400 3113 2
1147 2592 2
1259 3370 1
2679 2438 1
1600 2869 1
2891 3138 1
2725 2821 1
300 2237 1
2624 2891 1
401 3236 1
1893 2022 1
465 2840 1
3406 1351 1
2198 331 1
468 2496 2
3070 657 1
3025 1868 1
2562 3391 1
1756 3400 1
2580 2870 1
1929 2491 2
3309 2823 1
2378 452 1
3301 2804 1
2825 2317 1
1443 2159 1
3033 736 1
1963 3259 1
1001 2862 1
3171 2472 1
2537 2748 1
1591 2111 1
382 2623 1
291 2353 2
2546 1679 1
1259 3098 2
2880 1054 1
109 2362 1
728 2445 1
846 2874 1
2823 2627 1
278 1781 1
1414 1672 1
2314 2650 1
2282 1556 1
405 82 1
586 340 1
1272 2168 1
3255 3403 1
814 2739 1
1851 1604 1
1611 135 1
3255 1349 1
2966 2707 1
358 1467 1
619 3202 1
2940 1214 1
3046 866 1
1996 204 1
2786 3229 2
490 3232 1
1129 1671 2
1675 1207 1
1736 2247 1
210 2022 1
1949 3245 1
1182 1974 1
470 1133 1
1051 2389 2
1924 2313 1
2433 2965 2
3084 2982 1
2064 1022 1
919 401 1
518 1820 1
2067 788 2
469 819 1
649 2605 1
202 1182 1
844 3290 2
2359 2137 1
1854 3322 1
3403 648 1
1356 1823 2
1268 3304 1
955 570 1
1863 1749 2
2725 513 1
413 3394 2
1096 1688 1
554 773 1
762 1376 1
2325 1420 1
2710 2450 1
188 3015 1
862 2882 1
2284 1275 1
1143 2205 1
3393 3291 1
1034 1303 1
1437 2779 1
1843 572 1
1792 552 1
2780 2984 1
1171 2304 1
2687 2013 1
671 2956 1
363 451 1
1526 1722 1
1555 1598 2
66 229 1
216 1927 1
513 2524 1
1072 2196 1
2728 1753 1
922 2516 2
2269 2006 1
1226 2707 1
1894 413 1
2557 2341 1
163 415 1
2248 1758 1
3216 2827 1
1407 3069 1
653 3212 1
2746 1941 1
2800 902 1
605 1748 1
978 392 1
712 732 1
3225 54 1
2425 3369 1
3002 1425 1
1083 2088 1
1201 1265 1
2580 361 1
2025 2624 1
1367 2240 1
3080 737 1
394 1140 1
452 1083 1
1670 2516 1
1478 1791 1
943 3365 1
2367 3138 1
1479 2604 1
2274 762 2
2772 2441 1
599 180 1
3305 1449 1
2861 3237 1
299 1764 1
1734 1877 1
2231 3111 1
762 1691 1
2275 2957 1
2389 630 1
952 3190 2
2136 1279 1
1361 382 1
2577 502 1
1058 2315 1
1432 2347 1
1155 1145 1
1338 638 1
211 1157 1
412 3263 1
2214 3323 1
493 2437 1
1170 2202 1
108 1301 2
1962 2262 2
209 2987 1
2984 3207 1
511 339 1
2586 822 1
2881 471 2
430 911 1
2230 534 1
3257 1032 1
638 2272 1
1296 1832 1
3350 2210 1
679 592 1
2390 2122 1
2708 2323 1
1046 158 1
982 3252 1
2313 1800 1
435 2292 1
1472 1453 2
3239 2601 1
246 921 2
1929 584 1
2487 2698 1
1247 2070 1
2075 2182 1
1979 2457 1
2413 1761 1
3153 798 1
314 761 1
377 1673 1
1335 3360 1
3146 604 2
3386 589 1
875 2986 2
1356 1949 1
72 955 1
2756 178 2
1086 331 1
3355 585 1
3151 2255 2
438 952 2
90 1896 1
1113 1531 1
3146 580 1
1240 17 1
1036 329 1
2438 827 1
42 662 1
1818 1653 1
1998 2934 1
1500 1920 2
1194 2236 1
2647 1675 1
162 957 1
1538 3261 2
407 2449 1
2294 3031 1
2498 1475 1
2228 2463 1
2725 1048 1
3098 546 1
1345 1040 2
62 1511 1
594 1049 1
3066 2355 1
1868 903 1
900 2626 1
3383 2304 1
11 1809 1
1085 3014 1
1495 720 1
222 2816 1
2600 2307 1
441 2859 1
409 2619 1
965 1503 1
782 2234 1
590 807 1
907 22 1
1520 2934 1
2490 2445 1
2419 3162 1
606 1694 1
2851 987 1
406 2461 1
2808 2464 1
1612 830 1
1245 3079 1
3291 2673 1
3162 1498 1
2555 2157 1
2684 757 1
650 3409 1
2231 2569 2
1842 1905 1
2123 1040 1
2429 1160 1
846 51 1
1036 3351 1
945 276 1
479 666 1
1630 1843 2
1387 3231 1
1654 529 2
2288 1034 1
1350 1024 2
2388 339 2
1809 959 1
3169 3377 1
2142 1333 1
2132 1344 1
672 2860 1
2024 285 2
3074 2785 1
123 1005 1
2559 1443 1
1483 2056 1
1397 566 2
1528 3313 1
3275 3337 2
246 2445 1
3285 106 1
1851 2876 2
340 350 2
1164 2312 1
2048 1696 1
3351 1938 1
2263 1875 1
602 859 1
1291 2671 1
829 2369 1
946 2948 1
243 2111 1
889 1170 1
2388 321 1
1275 360 1
3027 2761 1
1982 1867 1
2802 277 1
928 915 1
3039 1879 1
2599 1236 1
3052 2590 1
3274 3357 1
2085 1023 1
2239 211 1
971 3383 1
3030 47 2
394 1717 2
2222 180 1
2156 1541 1
1451 1194 1
1080 2935 1
3017 1484 1
2929 1973 1
2051 2292 1
1728 2814 1
2034 2077 1
2016 2475 1
2748 3018 1
623 1918 1
476 2306 1
1829 2028 2
1274 1970 1
281 2257 1
1123 2305 1
288 414 1
2680 1515 2
2197 438 2
881 175 1
2707 2983 1
1806 2417 1
1017 1951 1
2759 2335 1
2368 2622 1
1934 2110 2
251 547 2
183 1593 2
537 1414 1
2056 1221 1
2518 2401 1
422 2978 1
3303 2301 1
3232 2052 1
1623 2995 2
1180 1308 1
2098 1936 1
2253 646 1
414 60 1
1439 1670 1
296 1272 1
88 882 1
1977 352 2
1549 428 1
1276 1438 1
362 2075 1
2234 2627 1
529 586 1
1631 102 1
655 1147 2
3227 1949 1
2291 2385 2
3378 332 1
417 451 1
587 1744 1
2257 2472 1
2837 1874 1
197 972 1
2956 1379 1
763 2447 1
1005 1044 1
3079 1284 1
2871 2515 1
433 3111 2
2083 2244 1
1748 1608 1
2810 238 1
1859 466 1
2566 1105 1
887 1156 1
2291 3045 2
2732 3001 1
2844 753 2
1714 1781 1
172 1343 1
2693 1121 1
2707 3343 1
2445 2193 1
3256 1242 1
2578 514 1
2728 2731 1
1321 2643 1
824 2257 1
897 105 1
2424 3292 1
163 37 1
818 423 1
2749 2522 1
654 1929 2
1344 517 1
1814 2053 1
3238 1695 1
2377 2798 1
2503 370 1
1588 677 1
297 3239 1
3341 2398 1
2266 538 1
231 734 1
1216 421 1
1464 2612 1
2888 1268 1
3286 1329 1
2236 2327 1
3210 2803 1
2020 350 1
3009 971 1
616 1954 1
3149 693 1
1147 3362 1
3208 1697 1
1270 710 2
2736 1329 1
1307 869 2
2549 3056 1
1208 116 1
597 2285 1
1578 1215 1
1168 3015 1
1251 1018 1
2681 1398 1
3099 2610 1
2312 2244 1
1533 2192 1
3409 3384 1
2988 639 2
1596 846 1
1386 2906 1
3316 87 1
2428 1938 1
2017 521 2
735 2215 1
893 1538 1
843 950 2
2336 2839 1
210 62 1
1765 1746 1
2569 954 1
1145 1029 1
367 2145 1
2079 189 1
2078 2527 2
2139 2113 1
2915 36 2
2492 155 1
2682 818 1
2627 3199 1
1504 1168 1
1066 1624 1
1800 292 1
2709 1619 1
2048 3258 1
1453 381 1
1486 3023 2
1277 2998 1
2747 2965 1
2581 1591 1
1415 3364 1
2600 3161 1
173 1808 1
910 2772 1
792 1960 1
2320 407 1
1974 2379 1
2870 2404 1
3349 322 1
1672 3051 1
969 2755 1
2573 2042 1
2693 1012 2
499 904 1
1614 1966 1
1515 563 2
1216 2517 1
2346 616 1
3217 13 2
1396 1708 1
1864 133 1
2225 1310 1
2538 1945 1
257 1890 1
1840 311 1
1941 267 2
2665 715 1
3008 508 1
675 1749 1
1203 3344 1
3408 1501 1
367 1431 1
1915 2625 1
2627 3209 2
1691 2474 2
1804 1768 1
2538 1132 1
2277 713 1
3186 1052 1
1740 2114 1
628 530 1
227 452 1
355 3101 2
2944 2636 1
3307 1097 1
1569 586 1
3215 2607 1
1784 604 1
2814 3123 1
738 1873 1
2990 1456 1
650 1433 1
2193 2456 1
939 2383 1
552 2833 1
555 1244 1
2470 1307 1
2122 3216 1
91 3389 1
277 1249 1
1111 2263 1
2704 1694 1
624 789 1
2433 2720 1
288 1610 1
1684 2062 1
1688 2584 1
115 156 1
2650 961 1
1420 1778 1
1810 2106 2
1627 127 1
2005 1093 1
119 1817 1
2228 388 1
1293 2024 1
272 1116 1
2038 1931 1
2327 988 1
3227 861 1
2135 308 1
2455 2624 1
110 2856 1
2897 511 1
2817 3385 1
574 1685 1
2778 2126 1
113 2558 1
2274 2474 1
495 2386 1
1269 792 1
1401 909 2
1667 587 1
491 1703 1
1326 47 1
387 842 1
3334 187 1
2570 461 1
1343 2230 1
1061 2354 1
2634 2149 1
1912 1259 1
3273 1754 1
2557 3052 1
2776 19 1
2197 671 1
723 55 2
3249 2600 1
1844 1961 1
1952 418 1
2001 1945 1
2344 2693 1
3058 2653 1
2063 1904 1
62 772 2
1334 448 1
3377 2976 2
3377 1040 2
3346 2238 2
360 1494 1
306 1198 1
1350 2694 1
1938 1830 1
3361 2808 1
1636 550 1
3117 272 1
268 2337 1
1592 931 2
80 2923 1
451 628 1
2675 3250 1
50 84 1
2968 3343 1
934 1517 1
860 1510 2
103 3106 1
2947 2944 2
1545 1144 2
3405 1796 1
2289 2834 1
343 1143 1
1511 119 1
179 2488 1
2353 1706 2
2802 2625 2
1836 3221 1
981 2623 2
1627 7 2
301 1089 1
970 2889 1
6 3230 1
1833 1124 1
467 2964 1
744 1146 1
253 896 1
1268 2515 1
996 62 1
2315 3002 1
1764 2968 1
517 2572 1
431 3277 1
2364 90 1
2515 2395 1
1689 140 1
2811 2580 1
3032 2849 1
2677 2470 1
2768 1073 1
696 1816 1
1971 2610 1
2711 661 1
3191 3249 1
2217 363 1
1272 1712 1
2823 2218 1
148 1999 2
3286 2736 1
1649 806 1
150 1513 1
2412 2213 1
2702 582 1
1559 2644 1
2936 1707 1
2558 787 1
3198 116 1
1545 2802 1
135 1134 1
1382 1228 1
1694 884 1
1690 2214 1
1617 2747 1
1157 3089 1
575 1070 1
1271 1156 2
989 624 1
2077 1071 2
332 2557 1
849 2036 1
206 2944 1
2313 3187 1
2322 708 1
1577 2194 1
2024 327 1
2890 2428 1
1579 1276 1
502 2933 1
1575 2150 1
2897 2885 1
2561 849 1
3073 2877 1
809 2619 1
966 1471 1
1997 1537 1
813 2114 1
2831 2319 1
3008 505 2
2407 817 1
3365 157 1
217 674 1
2998 214 1
862 3105 2
2848 1201 1
1969 2735 1
611 1893 2
1151 891 1
2040 1332 1
713 2991 2
789 1853 1
566 2947 1
2617 574 1
1898 1504 1
2916 996 1
914 99 1
3215 2016 1
402 3044 1
2201 2799 1
1639 1647 1
2215 1071 1
1711 259 1
382 2889 2
1153 2052 1
2313 2740 1
2756 2230 1
1573 1005 1
2581 3222 1
1305 1138 1
584 471 1
1324 1984 1
934 3366 2
177 2199 1
3377 1147 1
951 393 1
4 682 1
2472 2146 1
2923 1303 2
2942 2595 1
1064 2008 1
1070 1985 1
1566 252 1
1118 1666 2
3120 1510 1
2745 796 1
3230 2999 1
1947 2193 1
3033 2799 1
2619 3015 1
2652 1395 1
1884 804 1
2528 1824 1
3324 2960 1
2563 3378 1
2614 514 1
1302 427 1
2903 2469 1
2108 55 1
1177 601 1
545 2387 1
2249 196 1
856 2293 1
1092 1308 2
1511 146 1
2194 2571 1
932 198 1
2656 554 1
973 3407 1
1246 3264 1
1775 89 1
2901 2601 1
2970 2749 1
144 212 1
224 2978 1
3364 94 1
1697 1737 1
2565 18 2
895 2093 1
1786 3067 1
391 1860 1
1503 1432 1
2599 2262 1
2850 234 1
2641 100 1
2410 2380 1
1257 2014 1
2568 856 1
2105 1172 2
1657 168 1
2913 299 2
1577 1189 2
336 1295 1
1476 375 1
2785 1062 1
1506 2185 1
2941 1438 1
307 1911 1
2291 597 1
2132 2405 1
674 1759 1
1040 655 1
3152 632 1
7 2886 1
2152 1001 1
825 526 1
979 2256 1
3224 3184 1
1140 1726 1
2537 700 1
1884 2184 1
585 2514 1
478 1849 1
2283 511 1
2524 2599 1
242 1343 1
2577 1365 1
3071 2939 1
892 4 1
1848 217 1
851 2087 1
3407 1795 1
16 1783 1
2873 986 1
225 843 1
1717 1726 1
647 676 1
969 1380 1
2365 529 1
3223 61 2
1914 1012 1
2288 3035 1
1978 362 1
255 5 1
2321 1964 1
2985 1536 1
2784 2888 1
1176 2211 1
330 2173 1
206 2947 1
2106 3394 1
275 335 2
2955 467 1
2271 420 1
2207 1898 1
1492 2698 1
2713 3384 1
1683 2940 1
905 2641 1
2189 3069 1
787 2529 1
437 2179 1
2099 52 1
156 1053 1
2844 1152 1
2583 295 1
3129 2703 1
2631 3080 1
1900 412 1
3145 1372 2
3314 1277 1
103 334 1
1426 3228 1
675 2588 1
909 1155 1
1418 1469 1
2643 1742 1
283 1709 1
1250 706 1
1097 1152 1
2299 2306 1
1849 800 1
674 590 1
2632 2552 1
1967 2658 1
816 1064 1
2470 869 1
2791 1230 1
1258 1455 1
2885 2916 1
2995 1356 2
1361 2889 1
1489 1292 1
1708 160 1
1883 1765 2
1927 2356 1
1888 3239 1
3168 919 1
1493 2048 1
444 324 1
316 2234 1
1343 2309 1
2342 1219 1
474 714 2
2358 1044 1
1642 1173 1
2475 3245 1
1267 1002 1
2531 944 1
1048 2263 1
1189 1431 1
734 2808 1
1443 2283 1
892 2826 1
976 2564 1
129 1514 1
3295 2863 1
2368 3037 2
2371 584 1
2531 2614 1
397 2892 1
2978 2127 1
128 424 2
2243 1854 1
615 374 1
1 2101 1
631 2174 1
2398 954 1
1721 2750 1
2868 21 1
528 2081 1
2884 2059 2
610 3196 1
1121 526 1
1557 1278 1
423 1388 1
251 73 1
534 3360 1
3129 453 2
3143 2881 1
855 1879 1
676 1664 1
1064 3301 1
1798 2539 1
1821 2530 1
276 1362 1
2617 2055 1
1114 1662 1
3370 1969 1
2251 330 1
135 611 1
602 2853 1
157 3235 1
782 2499 2
3276 1020 1
1618 2698 1
2494 1185 1
2041 708 1
1231 2419 1
1852 2903 1
63 1731 1
1411 867 1
2934 2826 2
3216 1203 1
1781 797 1
1893 996 1
1248 1159 1
537 1268 1
2483 416 1
1215 2099 1
3337 1369 2
1253 2432 1
1832 1598 1
2833 3151 1
2066 1651 1
1049 1909 1
3328 1893 1
2203 795 1
3149 651 1
1882 692 1
2919 999 1
1129 1145 1
78 846 1
1947 2359 1
2187 2091 1
2137 3219 1
534 1335 1
2072 2020 1
1438 933 1
1337 203 1
55 831 1
2081 457 1
666 2995 1
1689 160 1
480 366 1
1333 1263 1
2786 2784 1
2022 62 1
2795 3332 1
2292 2058 1
1854 3000 1
2610 3145 1
1829 910 2
1583 1114 1
583 1000 1
1679 468 1
1402 1353 1
736 1397 1
1579 2941 1
2167 724 1
2793 1875 1
2762 1179 1
47 2986 1
1562 2154 1
245 3073 1
1967 2180 2
2780 3278 1
2190 1309 1
2912 2211 2
1328 173 1
680 3411 1
1303 1956 2
682 3013 1
1726 553 1
672 2108 1
717 1428 1
2319 2012 1
780 480 1
1217 2725 1
2746 3227 1
1759 2046 1
2927 1117 1
768 672 1
347 1847 2
1285 2646 1
2595 860 1
485 715 1
437 630 1
2971 642 1
1701 667 2
435 3314 2
3404 1400 1
1317 2820 1
2968 2707 1
567 1519 2
3401 7 1
1594 603 1
1584 1775 1
99 2180 1
1872 1692 1
3393 1468 1
1951 226 1
3188 1459 1
2789 34 2
2937 557 1
2212 1606 1
2794 3001 1
1668 3216 2
2098 219 1
1611 2984 1
2558 2965 2
1172 2713 1
1612 1855 1
2276 3248 1
48 1362 1
1209 3403 1
2563 426 1
155 1791 1
1795 2702 1
622 1150 1
3103 2239 1
1530 2406 1
2773 1413 1
2915 2100 1
2565 2516 2
963 3236 1
299 4 1
1167 179 1
3313 2921 1
542 239 1
1201 2450 1
2934 2284 2
896 2273 1
1948 223 1
985 2955 1
1473 3203 2
1632 1436 1
1907 1577 1
428 125 1
942 2558 1
1751 1126 1
2331 2736 1
90 123 1
1175 1403 1
2938 2143 1
1943 2313 1
3300 2169 1
1474 1507 1
1946 67 1
218 2928 1
2324 2036 1
2535 829 1
220 2567 1
3296 2042 1
2183 2818 1
1574 376 1
1240 1864 1
2636 506 1
3150 690 2
3037 2731 1
1130 1668 1
292 1798 1
954 433 1
2751 86 1
754 3116 1
863 469 1
1974 2420 1
1287 112 1
2137 2312 1
1652 627 1
2602 3040 1
1430 167 1
1518 16 1
52 2145 1
3223 3117 1
2761 1224 1
2331 3214 1
3283 1670 1
3047 107 1
369 2928 1
2423 1425 1
1207 60 1
3055 289 2
283 1281 1
3048 2134 1
3000 2628 1
2333 2537 1
411 3177 1
2206 281 1
3009 2208 2
2839 1571 1
1867 1650 1
713 2333 1
3026 765 1
366 593 1
1246 1196 2
3252 2183 1
3338 1996 1
320 1907 1
1662 2550 1
438 3117 1
1718 3127 1
2054 640 1
2898 2741 1
935 1322 1
448 1895 1
960 607 1
1076 1771 2
1302 1252 2
2940 2913 1
2148 134 1
1894 2106 1
1456 1021 1
2855 2898 1
2121 1854 1
2284 1415 1
1162 1727 1
2633 1779 1
1207 3207 1
952 3223 1
2789 3368 1
2476 2228 1
2318 3396 1
809 1168 1
1763 2288 1
278 3309 2
428 2867 1
1 1908 1
1193 3231 1
1952 964 1
1870 119 2
3022 628 1
3090 2176 2
2644 656 1
14 3276 1
3396 380 1
2576 1804 1
1382 423 1
3237 6 1
1787 2701 1
494 320 1
1163 1665 1
1777 3234 1
912 599 2
520 1847 1
1311 1616 1
2838 3066 1
3155 625 1
309 3020 1
1342 748 1
2996 2664 2
872 1617 1
3205 986 1
1208 1917 1
1660 2385 1
1254 2117 1
1028 501 1
3366 2772 1
2836 2288 1
3320 2151 1
3195 2118 1
3208 1394 1
1781 2218 1
2565 270 1
1235 1667 1
3305 1057 1
3115 1551 1
3108 931 2
2939 37 1
344 865 1
1880 524 1
1883 397 1
603 2535 1
1548 3130 1
1560 1933 1
841 1721 1
1406 1782 1
532 2597 1
1233 1919 1
2921 1566 1
2037 712 1
710 2274 2
1815 2115 1
1813 3210 1
1116 1024 1
704 350 1
460 2901 1
2405 3010 1
3172 581 1
2598 604 2
421 470 1
1226 2481 1
1442 2941 1
2477 793 1
2847 321 1
3264 2179 2
1823 1949 1
2514 348 1
85 2508 1
2111 1102 1
3078 2191 1
2754 3345 1
3085 2232 1
2043 965 1
1547 3028 1
3409 1172 1
3079 2572 1
1810 1146 2
3207 208 1
1181 82 1
2145 1461 1
2782 880 1
1336 1889 1
1376 2664 1
107 1440 2
980 1410 1
1742 2894 1
1366 1270 2
1167 270 1
1763 349 2
284 1977 2
812 1449 1
1025 614 1
236 2494 1
622 2316 1
361 3166 1
2271 1007 1
1905 2662 1
2299 1257 1
1960 2818 1
2108 2902 1
193 2744 1
2437 118 1
462 333 1
1732 2836 1
1931 3153 1
1855 830 2
1623 2924 1
3177 123 1
2821 1240 1
1876 1083 1
1988 1420 1
3288 2530 1
2519 68 1
1388 3316 1
543 2462 1
1856 1787 1
113 3072 2
31 735 1
2999 1302 1
1869 129 1
3364 2399 1
895 2100 1
204 102 1
2693 825 1
3396 958 1
610 1437 1
195 2033 1
199 1749 1
1655 2777 1
1785 1042 1
57 3324 1
1375 1331 1
1042 491 1
1074 583 1
2414 2883 1
763 1924 1
858 3109 1
2988 2121 2
1004 2990 1
1924 2261 1
1310 1218 1
921 1098 1
2426 225 1
1003 2339 1
1510 2577 1
662 2148 1
1841 1303 1
2170 2470 1
2335 885 1
2856 1948 1
770 2599 1
1696 1547 1
624 2580 1
3304 3051 1
2836 256 1
476 1746 2
2363 3191 1
372 2949 2
3222 1043 1
2165 294 1
1637 1849 1
2512 3305 1
858 2817 1
282 1274 1
2827 3351 1
3365 2196 1
2558 2720 1
3119 2950 1
689 683 1
1108 1953 1
2306 2014 1
1186 2574 1
144 1836 2
1790 2057 1
2621 826 1
1184 2249 1
473 774 1
3018 1011 1
2120 2855 1
1730 506 1
1664 3262 1
2014 2575 1
1787 734 1
2982 1045 1
492 2717 1
1643 1474 1
2899 2868 1
1635 2800 1
2850 3065 1
3006 3090 1
157 1196 1
9 545 1
239 1115 1
755 1863 1
503 1482 1
440 666 1
2305 1894 1
178 2446 1
1377 3060 1
2087 2578 1
1865 1625 1
943 2196 1
2626 2438 1
3233 2049 1
2379 2576 1
1391 3297 1
2119 2043 1
2306 1603 1
686 1994 1
1611 213 1
2648 2617 1
3199 499 2
2832 3273 1
3251 1792 1
2732 941 1
1198 962 1
1060 1629 1
2529 650 1
2032 1634 2
344 2498 1
993 841 1
1671 1074 1
1016 2502 1
2573 2637 1
311 3155 1
98 2171 1
3307 2762 1
482 1757 1
541 3203 2
2185 3202 1
665 1826 1
655 798 1
199 675 1
2217 1891 2
2524 1326 1
2196 3235 2
401 3121 1
1389 487 1
339 1393 1
2750 70 1
1831 2349 1
2576 309 1
567 2242 1
2924 200 2
557 1648 1
1827 2825 1
3385 3274 1
2361 2071 1
279 3386 1
2197 2956 1
551 2909 1
1054 2896 1
547 3094 1
280 2609 1
1357 66 1
1411 1981 1
134 2176 1
433 2587 1
659 113 1
352 2618 1
1764 3343 1
321 1393 1
966 2794 1
1914 891 1
1865 144 1
2299 476 2
2080 2775 1
117 389 1
2969 3387 1
2303 43 1
929 1906 1
530 3399 1
2507 1191 1
1861 358 1
2619 1772 1
2610 640 1
1008 162 1
120 1533 1
530 2065 1
1430 3338 1
730 3164 1
3172 3012 1
2385 3027 2
2563 838 1
1370 2945 1
1367 1037 1
2110 1378 1
1068 3186 1
2592 3362 1
3023 1330 2
686 444 1
3205 178 1
142 1769 1
1580 1169 1
642 1194 1
1809 3007 1
526 2352 1
1924 1800 1
4 1764 1
818 1382 1
902 740 1
2834 2162 1
414 1472 2
3024 725 1
2700 489 1
3322 3000 1
3011 2250 1
636 1305 1
592 426 1
724 2570 1
2481 2966 1
65 3201 1
2441 2085 1
2726 2917 2
3117 671 1
11 959 1
869 952 1
3 2485 1
3310 92 1
613 1453 2
751 250 1
20 87 1
348 2995 1
844 1683 1
2636 1039 1
90 1573 1
3309 1781 1
1282 1298 1
1265 1939 1
946 2979 1
720 965 1
2230 815 1
2285 579 1
1136 2459 1
2350 104 1
453 1463 2
1832 3357 1
1101 1649 1
2344 686 1
1548 1731 1
2899 1027 1
3163 863 1
1491 278 2
789 1995 1
1909 1855 1
3204 3375 1
808 2792 1
30 1453 1
2279 1837 1
44 2422 1
2639 783 1
3357 1914 1
625 608 1
1146 2315 1
1284 3043 1
1700 3315 1
108 3054 2
915 887 1
1507 2948 1
2464 3168 1
3086 2392 1
363 417 1
221 2716 1
1861 3211 1
2775 2942 1
218 2162 1
3128 2015 1
631 1434 1
1069 3096 1
1813 2645 1
2493 2124 1
2586 205 1
3231 1895 1
2588 1284 1
911 2933 1
775 1914 1
2239 516 1
2330 1585 2
2107 2339 1
1234 779 1
2497 1330 1
2461 1406 1
3076 1636 1
3391 644 1
1098 3116 1
1913 2539 1
2544 323 1
2501 1568 1
903 1337 1
1368 3070 1
1415 2865 2
894 1379 1
1875 2551 1
817 2584 1
2504 1200 1
2924 267 1
3295 1943 1
549 902 1
1475 2923 1
812 1523 1
1554 560 1
256 1034 1
2360 3028 1
3088 2771 1
797 2791 1
1492 2487 1
458 2521 1
2646 724 1
1917 116 2
1318 2095 1
393 479 1
1121 686 2
741 2470 1
235 852 1
2174 3142 1
1657 61 1
826 1231 1
1056 3017 1
2886 3165 1
2750 1210 1
2914 1586 1
3003 1260 1
108 1470 1
2211 3398 1
723 1361 1
168 1350 1
1179 910 1
758 1203 1
3382 1305 1
3054 441 1
2008 1997 1
2060 1835 1
797 3030 1
2930 2144 1
2347 687 1
3184 3205 1
1164 2244 1
579 1176 1
3384 1216 1
967 561 1
1543 465 1
2169 1622 1
1297 500 1
2105 251 1
37 2172 1
1465 1705 1
80 1841 1
2697 1678 1
1475 1865 1
2314 1275 1
1083 1613 1
1445 327 1
45 242 1
2468 2883 1
2569 433 1
2236 2079 2
1720 2278 1
1971 2054 1
3072 2592 2
659 1617 2
2345 224 1
3343 2696 1
2125 379 1
943 1072 2
1241 518 1
95 2790 1
1802 2068 1
536 2508 2
492 1553 1
1489 2703 1
796 2424 1
3297 2464 2
184 1423 1
3266 159 1
3359 1667 1
3143 1178 1
133 715 1
2805 2744 1
2645 1986 1
1410 2632 1
2615 301 1
570 658 1
1355 1290 1
2516 1167 1
2809 621 1
2445 1947 1
54 2887 1
664 1014 1
1299 1376 1
1579 553 1
2828 1818 1
1273 164 1
540 166 1
1757 1041 1
514 3039 1
2507 663 1
2787 50 1
3061 312 1
531 67 1
2770 1217 1
3278 1611 1
2326 325 1
2404 3212 1
3124 2860 1
2311 1817 1
1349 1546 1
3381 1171 1
2970 461 1
2235 2578 1
1786 638 1
1470 1657 1
1878 109 1
375 1656 1
1223 694 1
498 1845 1
1322 2227 1
1397 1730 1
677 46 1
525 2766 1
1500 1366 1
936 985 1
572 273 1
3284 2914 1
28 74 1
2408 2953 1
3090 2838 1
2397 2001 2
2595 1510 1
3116 635 1
1433 2290 1
502 911 1
1522 1450 1
1881 2784 1
546 649 1
929 364 2
1275 1494 1
572 3104 2
112 884 1
911 2545 1
1836 1835 1
2362 3122 2
1788 1564 1
1158 3310 1
2018 3171 1
290 573 1
2184 804 1
2385 990 1
2723 1324 1
1080 1 1
1633 1920 1
801 268 1
584 1060 1
259 605 1
1582 2520 1
2907 960 1
925 1522 1
1072 2973 1
1452 966 1
2029 3111 2
3348 2966 1
2886 2645 1
1351 385 1
597 938 1
2157 1079 1
2104 3112 1
789 2794 2
392 237 1
1070 3204 1
297 1411 1
595 884 2
3144 199 1
376 2854 1
198 3152 1
257 2393 1
598 3170 1
771 3318 1
1416 1181 1
3254 871 1
3002 2423 1
1830 679 1
1434 2950 1
668 3113 1
463 1740 1
