636 751 490 490
60 100
250 80
490 350
40 180
240 50
450 330
130 440
470 380
0 270
20 110
220 0
160 40
0 230
160 90
220 40
40 280
160 380
440 390
240 90
230 0
490 420
480 260
0 140
300 400
30 100
460 290
390 390
450 380
470 360
90 310
50 250
80 100
490 40
120 50
20 370
180 80
90 490
20 230
420 390
0 80
20 250
200 420
210 110
450 360
490 440
40 430
70 280
0 370
100 320
110 70
100 450
160 30
60 60
490 330
60 350
230 20
450 410
60 140
140 80
100 490
0 40
30 80
280 50
160 410
480 130
50 120
300 390
70 430
110 470
0 220
30 350
120 470
190 420
70 100
0 420
20 220
60 50
210 90
480 320
0 440
280 80
0 60
0 190
190 180
220 50
90 50
10 240
490 100
200 60
420 360
160 420
470 350
30 440
80 120
0 320
150 80
220 90
0 0
470 310
470 70
480 380
70 130
470 390
80 90
140 390
170 90
170 80
160 440
140 60
40 90
190 20
490 380
20 200
490 400
70 370
490 390
490 260
440 320
30 30
180 70
80 110
40 290
190 80
60 110
40 310
110 340
490 300
0 400
190 0
260 430
0 430
470 410
210 20
470 340
40 240
160 450
470 120
170 440
40 250
360 390
490 120
460 400
90 380
80 330
50 50
480 120
90 320
10 230
470 300
230 120
490 250
460 80
240 80
480 300
50 320
80 310
50 130
10 310
30 50
490 60
470 130
330 390
10 320
60 360
90 80
80 320
490 70
0 210
170 40
460 390
140 470
70 150
20 310
140 420
450 370
340 80
480 80
160 430
20 10
10 370
20 340
470 320
0 150
140 460
10 380
220 20
440 90
30 220
20 270
20 260
20 80
100 340
320 390
10 260
410 380
200 100
200 390
110 50
480 400
480 330
290 90
130 70
480 30
460 420
0 90
100 460
260 410
80 60
30 40
150 30
160 20
70 330
420 80
60 190
0 360
20 160
70 120
400 80
200 170
340 390
10 60
10 10
230 30
130 460
20 280
440 340
40 170
80 380
20 70
120 490
470 50
40 70
10 210
210 10
220 30
490 430
480 350
60 290
260 50
250 70
440 80
120 390
310 390
480 40
460 60
80 300
210 400
140 440
80 70
470 60
0 110
0 340
10 460
50 160
40 150
470 280
10 0
480 50
10 140
130 390
280 420
250 60
480 290
440 360
10 160
60 330
0 350
190 70
190 390
60 340
290 410
490 280
430 80
110 480
50 80
40 350
220 10
350 390
70 160
180 390
90 440
100 370
440 380
490 360
480 60
70 320
240 390
270 420
60 80
120 70
390 80
80 470
50 420
470 80
180 430
480 280
330 80
0 280
150 420
20 100
70 300
30 130
280 90
30 20
0 310
150 380
0 50
480 270
380 80
0 170
40 330
300 70
250 50
50 260
10 340
480 340
80 340
450 70
450 310
120 480
130 490
80 430
270 80
170 30
480 70
120 360
220 390
30 170
490 50
210 410
100 70
0 460
460 360
480 370
30 140
460 90
20 450
210 160
30 120
10 120
130 80
50 270
10 300
160 390
90 60
430 330
230 460
0 200
0 290
20 0
170 450
60 260
40 340
250 110
180 0
70 80
60 90
30 160
0 100
0 380
20 180
490 340
200 40
230 390
70 170
160 60
250 90
240 130
10 280
0 30
0 10
440 370
480 140
490 270
460 310
30 240
210 40
0 120
320 60
30 190
470 100
120 460
240 100
140 400
480 410
150 430
90 430
40 230
180 420
70 60
140 450
150 390
430 340
250 100
110 490
490 310
40 210
490 30
430 360
170 420
110 80
380 390
140 410
300 80
450 390
50 200
10 250
290 80
280 390
490 140
60 430
230 80
460 350
30 290
80 350
30 60
160 400
490 320
470 400
350 80
50 310
300 410
480 310
30 280
30 320
490 410
170 400
150 440
460 110
30 180
140 430
450 90
410 80
40 60
480 420
80 140
70 290
360 80
490 20
230 140
80 80
370 390
450 80
110 350
20 330
10 190
90 360
0 450
200 10
200 410
60 300
130 60
480 110
290 390
70 70
120 440
100 380
90 90
260 60
460 320
170 20
270 70
30 360
100 80
40 110
0 240
480 390
430 390
30 450
60 70
10 40
430 350
270 390
70 270
490 290
220 120
10 110
60 130
460 330
60 310
320 80
40 160
450 300
60 150
10 200
40 80
260 100
80 460
140 370
70 90
260 70
10 50
310 70
0 260
430 370
170 390
230 10
100 360
130 360
20 150
90 390
50 140
190 30
40 100
20 130
30 330
10 350
0 160
210 80
180 30
60 280
20 320
280 70
470 430
260 390
90 370
10 360
450 350
90 350
20 190
0 130
260 90
110 460
40 320
470 290
150 50
450 320
10 220
490 10
460 370
150 70
230 110
260 80
40 130
480 360
440 400
270 100
20 50
490 370
10 390
160 10
490 130
100 50
120 40
180 90
290 100
240 40
240 440
150 450
400 390
140 40
370 80
260 400
30 90
230 50
90 340
10 170
210 390
80 440
450 100
0 390
30 340
410 390
450 340
80 130
160 70
200 80
230 400
50 430
140 30
160 80
10 330
460 120
0 330
20 210
490 110
190 100
320 70
490 80
40 300
20 60
110 390
220 400
480 90
70 110
130 480
50 350
0 70
20 360
230 450
10 80
490 90
30 150
220 150
230 90
20 20
50 70
210 120
50 150
240 60
170 70
210 50
100 330
40 140
480 440
490 450
160 50
220 60
220 80
200 130
50 40
180 20
130 470
230 40
310 80
70 180
40 40
0 250
100 390
240 120
0 180
30 270
280 60
130 40
120 80
420 370
250 390
100 350
490 150
250 440
80 450
40 30
50 290
0 20
420 380
0 300
445 512 1
628 498 1
270 55 1
118 319 1
77 145 1
294 177 1
480 286 1
156 166 1
137 65 1
285 258 1
479 182 1
262 240 1
521 378 1
376 139 1
131 75 1
138 108 1
489 499 1
425 506 1
283 372 1
191 62 1
50 331 1
217 121 1
19 595 1
180 589 1
388 135 1
407 190 1
599 502 1
196 577 1
575 188 1
169 12 1
464 401 1
249 455 1
265 500 1
311 353 1
619 582 1
212 317 1
327 364 1
146 542 1
549 391 1
299 174 1
158 173 1
112 539 1
155 266 1
343 173 1
572 512 1
36 123 1
132 435 1
222 596 1
540 185 1
563 39 1
496 17 1
532 150 1
487 354 1
171 224 1
338 219 1
277 11 1
251 359 1
614 223 1
324 12 1
449 129 1
100 250 1
215 507 1
512 425 1
460 99 1
568 583 1
8 334 1
407 194 1
468 536 1
91 299 1
163 173 1
154 475 1
469 337 1
28 530 1
309 291 1
570 551 1
491 459 1
226 6 1
184 171 1
626 399 1
352 474 1
183 23 1
525 296 1
420 438 1
453 146 1
57 204 1
120 601 1
515 473 1
356 441 1
6 460 1
228 501 1
203 439 1
197 558 1
430 227 1
427 64 1
262 600 1
15 377 1
194 189 1
334 535 1
162 220 1
534 66 1
502 478 1
241 318 1
122 580 1
102 94 1
522 487 1
101 334 1
382 523 1
87 407 1
115 228 1
562 353 1
358 255 1
66 124 1
280 269 1
164 115 1
517 507 1
348 446 1
185 35 1
487 394 1
520 430 1
177 584 1
186 277 1
96 571 1
224 613 1
406 214 1
316 200 1
626 90 1
227 482 1
559 631 1
297 176 1
150 476 1
499 326 1
100 285 1
299 386 1
170 103 1
80 131 1
91 64 1
318 245 1
577 545 1
90 472 1
509 609 1
341 59 1
168 485 1
371 222 1
535 237 1
463 276 1
587 164 1
214 616 1
563 635 1
467 112 1
85 608 1
566 531 1
40 591 1
433 213 1
484 58 1
481 578 1
383 532 1
364 583 1
173 425 1
43 196 1
22 151 1
12 526 1
6 527 1
442 402 1
283 175 1
193 162 1
108 549 1
511 437 1
496 280 1
617 632 1
337 253 1
630 548 1
109 452 1
324 169 2
10 25 1
403 384 1
253 332 1
391 224 1
431 7 1
623 63 1
38 376 1
199 426 1
635 626 1
1 490 1
135 31 1
378 477 1
62 486 1
335 534 1
354 620 1
614 15 1
448 80 1
426 21 1
264 518 1
521 340 1
599 58 1
49 603 1
282 457 1
97 78 1
254 599 1
239 313 1
244 398 1
482 599 1
102 217 1
503 510 1
331 345 1
516 143 1
177 592 1
625 341 1
336 381 1
61 471 1
390 77 1
393 346 1
367 19 1
437 301 1
55 164 1
569 46 1
447 282 1
38 188 1
247 330 1
221 229 1
9 369 1
589 71 1
498 282 1
514 605 1
364 287 1
108 428 1
94 121 1
103 199 1
125 524 1
305 636 1
550 563 1
334 284 1
440 594 1
254 484 1
614 235 1
313 262 1
506 353 1
29 237 1
307 492 1
468 18 1
17 306 1
339 465 1
171 586 1
385 435 1
204 514 1
466 148 1
24 422 1
58 102 1
439 529 1
313 5 1
82 221 1
632 304 1
476 43 1
140 442 1
110 275 1
157 66 1
69 274 1
268 120 1
315 445 1
106 14 1
533 323 1
346 118 1
15 602 1
294 100 1
551 624 1
450 42 1
488 292 1
271 261 1
174 403 1
324 52 1
41 190 1
267 252 1
370 61 1
39 635 1
76 188 1
236 45 1
183 259 1
208 249 1
252 572 1
153 2 1
438 552 1
582 242 1
81 513 1
18 28 1
298 349 1
561 185 1
307 82 1
111 503 1
230 395 1
613 320 1
601 566 1
248 431 1
434 597 1
491 262 1
156 147 1
349 343 1
491 240 1
618 407 1
27 550 1
429 137 1
633 451 1
248 391 1
579 592 1
415 447 1
380 4 1
452 290 1
229 191 1
392 344 1
543 86 1
510 612 1
473 409 1
511 238 1
445 425 1
548 590 1
366 566 1
198 543 1
604 534 1
200 418 1
348 485 1
124 1 1
436 565 1
528 575 1
104 441 1
361 328 1
605 606 1
518 564 1
52 210 1
636 343 1
319 483 1
598 610 1
360 185 1
205 40 1
544 34 1
428 391 1
281 387 1
423 154 1
234 449 1
574 163 1
450 73 1
474 47 1
129 355 1
260 105 1
177 167 1
444 126 1
434 232 1
564 479 1
523 69 1
285 329 1
64 299 1
597 289 1
476 598 1
549 184 1
255 502 1
552 309 1
368 440 1
241 443 1
317 519 1
13 148 1
595 97 1
581 229 1
237 362 1
422 271 1
148 87 1
119 209 1
443 318 1
15 235 2
195 626 1
242 260 1
409 454 1
465 504 1
250 231 1
178 108 1
381 453 1
32 458 1
583 330 1
567 509 1
166 144 1
7 456 1
538 416 1
301 156 1
232 486 1
87 38 1
86 208 1
246 30 1
70 168 1
494 9 1
449 111 1
389 400 1
52 211 1
454 67 1
59 96 1
335 302 1
130 630 1
365 279 1
95 158 1
441 165 1
42 73 1
142 132 1
244 203 1
121 32 1
74 104 1
229 62 1
178 91 2
519 447 1
192 628 1
77 53 1
109 202 1
273 187 1
414 580 1
584 88 1
558 327 1
70 13 1
535 3 1
2 533 1
269 197 1
573 161 1
127 475 1
593 604 1
48 215 1
314 342 1
231 244 1
580 421 1
174 431 2
252 574 1
357 356 1
187 560 1
528 233 1
485 520 1
466 87 1
574 95 1
424 122 1
235 186 1
215 267 1
320 274 1
133 234 1
375 149 1
104 165 1
60 37 1
217 585 1
500 335 1
51 281 1
387 322 1
536 57 1
89 268 1
209 159 1
81 408 1
235 133 1
555 614 1
189 424 1
188 397 1
9 298 1
44 413 1
190 622 1
419 385 1
523 51 1
537 487 1
275 289 1
443 152 1
418 396 1
471 538 1
353 587 1
12 607 1
18 405 1
135 139 1
303 537 1
216 593 1
99 149 1
359 205 1
25 554 1
402 27 1
624 544 1
496 427 1
590 347 1
545 106 1
391 184 1
421 155 1
136 549 1
326 444 1
138 351 1
515 553 1
362 54 1
286 144 1
286 212 1
61 307 1
223 56 1
93 469 1
107 36 1
273 241 1
259 505 1
555 15 1
363 503 1
616 365 1
4 227 1
233 113 1
145 617 1
459 239 1
247 450 1
188 388 1
304 179 1
323 491 1
432 560 1
325 160 1
308 22 1
243 24 1
143 501 1
446 361 1
245 231 1
472 226 1
296 374 1
257 98 1
583 247 1
607 366 1
508 183 1
201 303 1
490 356 1
56 497 1
306 489 1
505 339 1
467 116 1
170 8 1
39 468 1
233 575 1
225 414 1
372 44 1
455 470 1
220 278 1
147 603 1
501 619 1
5 547 1
256 308 1
379 493 1
600 555 1
483 26 1
328 358 1
373 629 1
322 68 1
413 134 1
443 336 1
159 416 1
524 311 1
180 517 1
636 349 1
128 540 1
113 575 2
224 382 1
544 198 1
575 76 1
570 624 1
467 199 1
481 297 1
530 29 1
495 264 1
261 288 1
458 464 1
404 615 1
475 272 1
416 434 1
310 265 1
527 375 1
328 482 1
553 207 1
513 623 1
123 567 1
486 275 1
227 254 1
148 528 1
374 117 1
267 315 1
330 42 1
497 20 1
451 480 1
139 314 1
513 462 1
68 411 1
602 89 1
170 419 1
408 201 1
103 467 1
317 415 1
523 206 1
390 455 1
492 581 1
87 41 1
615 481 1
635 495 1
258 33 1
364 568 1
181 506 1
184 224 1
46 93 1
201 546 1
443 432 1
472 393 1
64 417 1
1 357 1
429 573 1
148 38 1
88 576 1
350 257 1
295 138 1
73 389 1
578 379 1
211 541 1
344 496 1
170 142 1
554 110 1
168 233 1
263 296 1
179 350 1
67 243 1
134 200 1
526 109 1
152 100 1
219 84 1
447 516 1
182 423 1
340 477 1
168 348 1
622 16 1
467 114 1
200 79 1
634 370 1
408 404 1
113 380 1
594 338 1
462 491 1
287 627 1
289 356 1
302 339 1
477 300 1
172 436 1
423 127 1
77 611 1
468 283 1
110 486 1
73 295 1
83 621 1
502 157 1
176 420 1
400 91 1
274 60 1
218 433 1
105 392 1
592 88 1
210 570 1
620 368 1
202 290 1
533 522 1
79 396 1
507 181 1
493 312 1
611 632 1
266 270 1
34 198 1
522 367 1
92 316 1
396 127 1
47 437 1
276 587 1
224 72 1
369 225 1
591 191 1
72 274 1
399 472 1
478 217 1
377 363 1
397 406 1
576 141 1
411 293 1
565 94 1
586 321 1
165 464 1
612 324 1
627 515 1
274 395 1
412 153 1
321 230 1
435 236 1
621 557 1
324 461 1
618 87 1
405 170 1
458 165 1
238 301 1
485 113 1
351 136 1
175 333 1
437 246 1
185 180 1
342 511 1
290 50 1
571 107 1
124 74 1
609 412 1
177 325 1
560 429 1
333 92 1
152 294 1
543 345 1
31 352 1
144 317 1
340 10 1
288 130 1
278 140 1
585 32 1
457 619 1
279 172 1
580 125 1
394 383 1
547 614 1
65 410 1
294 584 1
116 112 1
323 81 1
149 525 1
563 195 1
588 591 1
92 134 1
103 101 1
177 579 1
208 390 1
332 448 1
557 216 1
386 248 1
30 49 1
216 500 1
504 110 1
293 569 1
32 104 1
322 559 1
596 119 1
300 554 1
71 562 1
213 273 1
149 263 1
23 521 1
603 192 1
35 463 1
15 85 1
161 373 1
26 256 1
401 625 1
181 445 1
556 519 1
345 208 1
16 633 1
291 218 1
243 193 1
510 324 1
144 556 1
631 488 1
554 62 1
