93 114 90 40
15 15
5 0
90 10
35 40
0 10
40 35
25 10
10 30
85 15
90 25
30 25
20 0
25 25
35 20
35 35
70 20
65 20
10 25
0 15
35 15
85 10
55 25
20 20
85 25
40 30
0 0
10 15
50 20
15 10
75 20
5 10
90 35
5 5
0 20
5 35
10 40
10 5
55 20
5 25
30 15
10 0
0 40
20 30
15 5
45 20
80 15
80 20
20 40
30 35
5 30
45 35
25 20
25 30
40 20
60 20
30 20
90 5
30 40
20 15
15 20
25 15
90 20
80 25
10 35
0 35
85 30
85 20
20 25
40 40
90 30
90 15
15 25
45 30
50 25
40 25
10 20
15 35
15 40
0 25
25 40
5 20
5 15
10 10
30 10
35 25
45 25
0 5
45 40
5 40
20 35
20 5
15 0
0 30
42 65 2
41 37 1
9 3 1
47 67 1
69 4 1
67 10 1
15 58 1
67 62 1
49 80 1
14 20 1
68 72 1
12 92 1
11 53 1
43 68 1
66 32 1
2 33 2
47 9 1
77 36 1
36 89 1
13 68 1
67 71 1
47 24 1
23 52 1
74 86 1
88 69 1
20 84 1
78 77 1
72 18 1
28 38 1
19 81 1
15 49 1
37 2 2
86 25 1
16 30 1
53 90 1
6 15 1
24 70 1
74 73 1
73 6 1
84 7 1
59 1 1
83 33 1
77 64 1
45 28 1
4 58 1
7 91 1
58 80 1
26 2 2
55 17 1
44 41 1
6 25 2
54 75 1
39 76 1
81 76 1
33 26 2
8 50 1
89 42 1
37 83 1
14 54 1
92 44 1
63 66 1
73 51 1
76 60 1
61 59 1
47 63 1
51 88 1
50 65 2
29 1 1
29 44 2
85 11 1
11 13 1
37 33 1
21 57 1
6 69 1
52 56 1
22 74 1
48 78 1
18 8 1
83 27 1
33 31 1
87 5 1
34 81 1
84 40 1
93 39 1
2 41 2
5 82 1
38 55 1
92 41 1
79 81 1
90 77 1
64 35 1
80 48 1
25 75 2
54 45 1
25 15 1
30 47 1
64 50 1
91 12 1
90 43 1
47 46 1
49 58 1
60 23 1
8 64 1
55 22 1
40 61 1
59 29 1
35 65 1
46 21 1
17 16 1
78 36 1
56 14 1
14 85 1
1 27 1
82 81 1
