581 655 267100 499646
0 114566
267100 280350
267100 266644
267100 3680
267100 482202
267100 452298
0 45632
0 478464
267100 215566
0 466004
122866 284088
267100 386260
0 453544
0 454790
0 103614
0 136149
0 105246
0 320222
0 52313
0 480956
267100 316484
0 148476
160260 284088
0 259168
267100 285334
267100 401212
0 360094
0 396228
154918 284088
0 475972
0 318976
267100 269136
170944 284088
0 350126
267100 286580
0 351372
267100 407442
267100 411180
0 127518
0 219440
267100 495908
267100 290318
149576 284088
267100 313992
0 8597
267100 251692
0 434854
213680 284088
0 297794
267100 221566
0 385014
267100 383768
267100 335174
0 287826
267100 439838
267100 417410
219022 284088
0 306516
0 257922
267100 240026
101498 284088
267100 414918
0 110646
267100 497154
267100 345142
0 277858
0 403704
0 61286
0 470988
0 87817
0 270382
267100 338912
0 472234
267100 274120
267100 426132
0 193414
267100 144001
0 265398
267100 256676
267100 423640
267100 355110
267100 164625
0 404950
267100 451052
267100 396228
69446 284088
202996 284088
0 499646
267100 404950
267100 408688
267100 441084
267100 346388
0 451052
0 448560
0 8264
267100 336420
267100 480956
267100 111039
240390 284088
267100 424886
0 164081
90814 284088
267100 388752
267100 315238
0 281596
267100 434854
267100 372554
267100 489678
267100 279104
267100 393736
267100 119501
0 255430
267100 477218
0 325206
0 38896
267100 377538
267100 472234
267100 488432
267100 381276
267100 48809
0 429870
267100 85775
0 9927
0 101014
267100 428624
0 250446
0 452298
0 309008
0 166754
267100 475972
267100 145645
267100 203051
267100 352618
0 328944
267100 318976
0 370062
267100 351372
267100 498400
0 236737
267100 304024
267100 462266
267100 203939
224364 284088
0 361340
0 295302
267100 437346
267100 60274
0 348880
267100 413672
0 397474
267100 327698
0 381276
0 276612
0 184549
0 407442
0 246676
0 414918
0 266644
267100 473480
267100 493416
0 485940
0 301532
0 498400
21368 284088
267100 469742
267100 171666
0 123682
0 423640
267100 373800
128208 284088
0 356356
0 373800
267100 403704
267100 356356
0 345142
267100 456036
0 326452
0 279104
267100 311500
0 446068
267100 433608
267100 4814
0 494662
0 310254
0 296548
0 431116
0 7666
0 417410
267100 492170
0 317730
0 269136
0 456036
0 28117
267100 378784
267100 270382
0 479710
0 413672
0 323960
0 467250
0 439838
267100 330190
267100 340158
267100 60205
0 368816
0 343896
267100 299040
267100 461020
267100 479710
0 291564
0 426132
0 424886
0 375046
0 41821
0 300286
267100 467250
0 160300
0 294056
0 218539
267100 76821
267100 361340
267100 406196
267100 427378
0 490924
0 63319
0 418656
0 20918
0 147144
267100 483448
267100 259168
267100 300286
267100 121230
80130 284088
0 332682
186970 284088
267100 443576
0 37429
0 284088
0 419902
267100 295302
235048 284088
267100 331436
0 203878
267100 284088
267100 291564
0 333928
0 457282
0 382522
0 362586
0 341404
267100 431116
267100 368816
245732 284088
0 275366
0 495908
0 272874
0 487186
0 94482
267100 332682
0 43159
267100 376292
0 316484
0 371308
267100 120518
0 387506
0 53532
0 388752
267100 458528
267100 294056
261758 284088
37394 284088
267100 261660
0 473480
10684 284088
0 84526
0 252938
0 352618
0 365078
267100 446068
267100 436100
267100 26515
0 449806
267100 447314
64104 284088
0 237088
0 313992
85472 284088
267100 494662
267100 353864
0 394982
267100 216778
0 432362
267100 277858
0 221230
267100 289072
0 11932
267100 470988
267100 322714
26710 284088
0 401212
267100 281596
267100 96874
267100 362586
0 437346
267100 416164
0 274120
267100 397474
267100 323960
267100 394982
0 357602
267100 320222
0 392490
0 118506
267100 276612
0 321468
0 264152
0 205918
0 312746
267100 328944
0 337666
267100 250446
267100 363832
0 366324
0 443576
267100 375046
0 347634
0 492170
0 176357
0 79238
0 367570
0 261660
0 262906
267100 485940
267100 453544
267100 419902
0 135493
0 331436
0 421148
0 489678
106840 284088
58762 284088
0 280350
0 336420
267100 343896
267100 317730
0 76167
0 307762
0 330190
0 213487
0 271628
5342 284088
267100 367570
267100 474726
267100 272874
0 447314
267100 380030
0 346388
267100 282842
267100 262906
267100 48155
0 493416
0 399966
53420 284088
0 363832
0 292810
267100 306516
0 383768
0 442330
267100 418656
0 322714
74788 284088
0 461020
0 438592
0 251692
0 372554
267100 387506
267100 302778
0 428624
267100 391244
267100 487186
267100 180682
267100 429870
0 483448
0 174473
0 422394
267100 301532
0 86292
0 92532
267100 271628
267100 432362
0 462266
267100 24820
0 391244
267100 459774
267100 171494
267100 267890
267100 102651
0 239651
251074 284088
0 411180
267100 402458
0 302778
267100 366324
267100 365078
267100 260414
267100 463512
0 260414
96156 284088
0 254184
133550 284088
0 474726
0 256676
0 386260
0 444822
267100 264152
267100 398720
0 327698
267100 358848
267100 29394
0 34896
0 220520
267100 307762
267100 499646
0 290318
0 194264
267100 8486
0 409934
0 398720
0 468496
267100 357602
256416 284088
267100 449806
267100 23
0 74511
0 393736
267100 448560
0 180101
267100 312746
0 128588
176286 284088
267100 385014
0 140884
0 206684
0 353864
0 441084
267100 234887
267100 438592
32052 284088
0 305270
267100 108426
0 282842
0 358848
112182 284088
181628 284088
267100 464758
267100 341404
267100 287826
0 402458
0 127965
0 54203
0 299040
0 378784
0 469742
197654 284088
0 246421
267100 457282
267100 422394
165602 284088
229706 284088
0 433608
267100 35321
0 52536
267100 209108
267100 154739
0 286580
267100 360094
267100 82808
267100 321468
267100 342650
0 376292
0 338912
267100 389998
267100 305270
0 497154
117524 284088
0 436100
42736 284088
0 267890
267100 265398
0 315238
267100 48464
267100 83676
16026 284088
267100 191933
0 412426
0 380030
0 463512
267100 392490
267100 255430
208338 284088
267100 348880
0 335174
48078 284088
267100 333928
0 182362
0 64738
267100 347634
267100 421148
0 168045
0 408688
0 416164
0 488432
267100 350126
267100 326452
0 406196
267100 257922
0 209032
267100 151034
0 138988
267100 224028
144234 284088
192312 284088
267100 409934
267100 484694
0 311500
267100 490924
267100 371308
267100 197144
0 215640
267100 370062
267100 310254
0 342650
0 427378
0 45463
0 340158
0 103436
0 223737
267100 32722
0 111459
267100 275366
0 285334
0 34906
267100 55049
0 389998
0 130196
267100 297794
0 377538
267100 292810
267100 478464
0 355110
267100 399966
267100 412426
267100 454790
267100 325206
0 458528
0 459774
267100 252938
267100 214792
267100 468496
0 156283
267100 337666
267100 466004
267100 254184
0 464758
138892 284088
267100 296548
0 125274
267100 442330
0 482202
267100 444822
267100 176849
0 304024
267100 14753
267100 112045
267100 309008
0 477218
0 116491
0 484694
267100 214952
0 289072
0 145640
267100 382522
4 182 1
361 427 1
71 349 1
27 340 1
163 483 1
34 362 1
131 517 1
461 546 1
145 217 1
48 512 1
266 264 1
253 153 1
269 109 1
401 492 1
501 245 1
474 540 1
579 54 1
510 61 1
185 145 1
336 347 1
330 331 1
364 273 1
153 66 1
134 270 1
164 298 1
457 102 1
234 12 1
48 288 1
33 221 1
427 102 1
412 51 1
175 205 1
479 212 1
88 163 1
252 530 1
370 232 1
430 547 1
453 85 1
186 121 1
240 310 1
234 103 1
521 194 1
29 250 1
105 450 1
143 560 1
322 277 1
256 161 1
144 27 1
339 452 1
430 269 1
143 503 1
58 448 1
126 320 1
489 298 1
78 158 1
269 2 1
394 383 1
467 56 1
240 553 1
157 61 1
340 283 1
231 167 2
531 249 1
59 515 1
136 204 1
152 495 1
112 411 1
95 45 2
322 283 1
210 211 1
168 384 1
143 468 1
502 362 1
463 526 1
314 18 1
78 492 1
337 339 1
281 431 1
9 578 2
356 175 1
197 494 1
537 418 2
111 263 1
430 313 1
190 261 1
377 532 1
143 96 1
499 174 1
269 35 1
463 529 1
236 359 1
426 407 1
468 240 1
409 564 1
136 86 1
60 397 2
29 23 1
240 477 1
359 115 2
185 273 1
291 484 1
499 48 1
373 275 1
499 81 1
171 340 1
148 362 1
180 413 1
501 486 1
111 167 2
77 231 2
299 361 1
252 271 1
430 268 1
218 290 2
13 127 1
399 426 1
188 61 1
444 200 1
433 345 2
18 31 1
369 314 1
467 304 1
577 382 1
432 4 2
549 340 1
392 543 1
10 563 1
242 132 1
326 223 1
124 396 2
57 92 1
82 129 2
543 266 1
341 350 1
577 523 1
209 423 1
247 232 1
485 47 1
73 117 1
48 506 1
57 455 1
211 168 1
248 144 1
398 385 1
413 323 1
47 484 1
374 262 1
18 447 1
412 232 1
428 558 1
468 151 1
192 14 1
354 180 1
254 183 1
423 350 1
255 305 1
564 520 1
373 46 1
496 390 1
416 270 1
269 42 1
172 374 1
114 198 1
59 24 1
291 186 1
77 167 1
88 422 1
242 142 2
448 164 1
214 492 1
509 407 1
20 196 1
198 447 1
210 452 1
369 447 1
521 355 1
571 492 1
363 248 1
329 283 1
361 102 1
442 516 2
524 164 1
427 150 1
430 353 1
234 581 1
94 354 1
255 273 1
30 410 1
521 463 1
264 412 1
225 339 1
449 396 1
305 273 1
261 298 1
579 350 1
23 80 1
105 350 1
31 298 1
183 360 1
23 368 1
430 388 1
438 77 2
161 332 1
468 241 1
285 298 1
559 473 2
66 350 1
489 285 1
468 513 1
538 573 2
443 276 1
434 286 1
114 447 1
93 281 1
127 93 1
319 486 1
33 522 1
325 356 1
33 89 1
399 61 1
499 429 1
87 402 1
364 209 1
252 398 1
177 270 1
546 479 1
390 371 1
301 122 1
143 53 1
439 550 1
443 362 1
212 172 1
120 490 2
392 286 1
348 528 1
121 452 1
128 164 1
233 270 1
99 252 1
95 425 2
252 365 1
311 286 1
87 321 1
162 492 1
453 308 1
474 350 1
143 202 1
51 366 1
315 492 1
262 136 1
150 28 1
252 404 1
298 447 1
570 327 2
23 467 1
329 322 1
520 43 1
311 392 1
342 501 1
87 302 1
234 440 1
408 112 1
204 86 1
493 527 2
448 571 1
486 502 1
413 569 1
23 507 1
236 470 2
416 177 1
450 350 1
198 369 1
534 486 1
469 484 1
367 444 1
4 187 2
161 577 1
166 394 1
47 469 1
480 319 1
468 258 1
439 453 1
102 407 1
317 298 1
398 32 1
33 173 1
71 273 1
347 134 1
48 137 1
410 272 1
495 461 1
269 300 1
184 128 1
317 524 1
514 83 1
57 478 1
209 273 1
493 380 1
36 34 1
341 105 1
225 188 1
438 544 2
383 166 1
331 164 1
168 339 1
555 554 1
263 231 1
494 399 1
363 283 1
450 237 1
190 298 1
187 432 1
532 452 1
543 286 1
182 187 2
237 350 1
531 502 1
83 407 1
234 52 1
281 94 1
69 462 1
29 222 1
348 557 2
178 341 1
283 86 1
43 29 1
233 336 1
31 190 1
453 378 1
463 169 1
426 509 1
277 363 1
256 379 1
200 55 1
99 44 1
87 403 1
578 557 1
57 343 1
469 291 1
534 480 1
360 326 1
337 238 1
111 312 2
29 75 1
542 120 2
398 414 1
451 309 1
559 82 2
178 350 1
155 407 1
216 82 1
171 549 1
398 140 1
480 486 1
521 260 1
460 492 1
521 119 1
349 273 1
285 317 1
430 74 1
398 395 1
240 297 1
22 517 2
232 286 1
347 270 1
511 256 1
246 192 1
48 500 1
40 50 1
436 380 2
467 33 1
563 496 1
542 459 2
360 160 1
86 370 1
428 199 1
277 283 1
99 344 1
199 215 1
514 407 1
134 416 1
49 185 1
264 232 1
155 514 1
527 424 2
253 273 1
147 219 1
398 206 1
157 197 1
43 181 1
461 370 1
60 445 1
167 263 1
252 482 1
460 49 1
398 488 1
24 406 1
147 68 2
273 492 1
439 306 1
252 421 1
382 568 1
269 243 1
121 377 1
61 339 1
371 555 1
54 474 1
68 219 2
223 338 1
524 184 1
346 164 1
200 372 1
323 367 1
467 38 1
180 278 1
468 318 1
509 155 1
518 441 2
66 178 1
150 102 1
330 164 1
457 299 1
67 407 1
249 534 1
371 207 1
439 400 1
463 87 1
453 497 1
407 61 1
434 311 1
48 57 1
521 116 1
325 362 1
272 159 1
57 143 1
193 391 2
447 270 1
418 280 1
284 60 2
463 251 1
143 72 1
510 157 1
57 65 1
568 20 1
87 499 1
191 71 1
430 565 1
248 283 1
499 475 1
269 294 1
45 425 2
217 364 1
463 107 1
67 457 1
335 77 1
144 340 1
484 11 1
128 346 1
532 210 1
236 115 2
430 545 1
29 381 1
309 171 1
430 195 1
148 325 1
252 358 1
275 408 1
342 486 1
472 316 2
203 147 2
349 255 1
87 351 1
212 86 1
276 36 1
196 8 1
73 69 1
177 114 1
226 572 1
499 417 1
549 443 1
276 362 1
568 5 1
36 362 1
540 237 1
262 86 1
14 13 1
362 340 1
274 491 1
272 73 1
483 254 1
217 273 1
152 370 1
430 244 1
252 574 1
34 148 1
205 531 1
23 334 1
142 132 1
184 164 1
183 287 1
145 273 1
82 473 1
494 61 1
247 152 1
430 539 1
188 510 1
401 162 1
284 397 2
170 409 1
99 135 1
43 106 1
492 164 1
28 286 1
398 376 1
33 90 1
1 111 2
374 86 1
54 350 1
172 86 1
289 434 1
336 270 1
305 253 1
580 131 1
508 394 1
463 324 1
384 339 1
205 502 1
462 428 1
467 551 1
410 352 1
467 149 1
398 3 1
211 452 1
29 125 1
479 370 1
315 78 1
43 389 1
487 191 1
238 339 1
10 561 1
419 418 1
33 439 1
158 487 1
249 502 1
453 234 1
575 30 1
216 559 2
499 220 1
29 100 1
270 486 1
453 481 1
528 9 1
528 578 1
286 102 1
245 233 1
33 37 1
319 342 1
476 328 2
99 437 1
27 451 1
303 485 1
540 350 1
423 579 1
511 118 1
487 492 1
8 575 1
77 39 2
48 133 1
312 167 2
398 230 1
246 465 1
377 452 1
366 232 1
439 26 1
453 110 1
366 247 1
467 62 1
383 508 2
245 486 1
419 541 2
252 179 1
8 548 1
544 77 1
406 164 1
83 67 1
63 98 2
191 492 1
505 433 2
571 401 1
51 232 1
420 293 2
28 289 1
452 484 1
203 68 2
269 25 1
154 493 1
314 447 1
266 232 1
175 502 1
359 470 2
11 170 1
546 370 1
234 521 1
199 10 1
204 329 1
186 452 1
289 286 1
269 357 1
398 430 1
269 292 1
58 164 1
234 375 1
309 340 1
359 490 2
519 536 2
240 307 1
158 492 1
338 511 1
495 370 1
257 301 1
346 58 1
528 557 2
259 213 2
419 537 2
240 99 1
153 273 1
451 340 1
439 415 1
384 337 1
238 225 1
99 21 1
372 303 1
162 214 1
555 393 1
356 502 1
299 102 1
406 330 1
49 273 1
468 201 1
269 456 1
390 141 1
367 567 1
544 335 2
214 460 1
23 466 1
430 239 1
411 59 1
449 15 2
554 246 1
126 373 1
223 525 1
261 489 1
331 315 1
99 104 1
197 61 1
