50 68 100 100
100 79
99 42
65 24
17 64
52 64
84 67
100 7
29 29
100 78
59 67
0 51
100 53
100 96
100 61
96 77
100 87
42 88
100 36
0 95
7 40
82 5
76 46
100 73
62 59
40 24
100 12
5 85
7 18
22 75
76 20
67 97
45 34
60 97
0 61
40 48
59 13
100 44
100 88
67 69
94 58
71 29
85 45
100 37
56 61
0 91
36 2
64 47
55 62
77 81
4 7
29 48 2
12 47 2
13 38 2
41 18 2
40 24 2
28 20 2
44 24 2
4 24 2
17 45 2
27 9 2
11 50 2
27 4 2
21 30 2
49 1 1
29 5 2
20 35 1
3 36 2
23 9 2
7 26 2
20 8 2
44 48 2
15 27 2
10 48 2
34 27 2
23 15 2
46 25 2
50 8 1
37 43 2
12 37 2
15 29 2
24 10 2
22 47 1
14 23 2
10 14 2
25 36 2
20 47 2
40 11 2
3 41 2
11 12 1
25 3 2
29 4 2
19 13 2
21 7 2
34 4 2
2 43 2
27 29 2
40 12 2
18 26 2
43 18 2
26 30 1
8 46 2
13 33 1
12 42 1
23 6 1
42 37 2
42 43 2
12 22 1
41 30 2
18 22 2
23 39 1
25 41 1
48 5 2
17 49 1
11 24 2
18 20 2
42 2 2
22 42 2
23 10 2
