4000 1240 1000 1000
223 138
10 531
163 125
813 372
868 570
872 649
887 134
1000 445
467 6
777 241
683 933
411 339
8 928
452 231
463 74
562 528
631 367
190 695
1000 329
569 599
0 2
441 61
804 449
189 343
323 701
1000 236
83 373
604 860
712 790
482 627
37 41
908 520
752 100
230 833
7 570
307 960
738 821
316 946
1000 171
1000 981
181 662
951 47
721 948
396 45
632 450
617 721
949 226
540 121
582 723
862 340
117 833
86 484
135 463
982 907
933 354
996 424
951 587
756 372
807 877
511 763
837 693
959 676
550 21
723 131
0 889
1000 275
222 237
0 635
230 150
172 422
411 361
316 1
221 188
270 963
863 143
676 577
309 154
123 876
966 452
84 649
558 762
77 541
295 587
987 530
481 697
841 39
0 215
598 19
22 248
868 727
613 115
704 720
389 995
397 769
170 730
331 717
729 82
576 853
780 90
153 8
259 36
629 427
367 624
593 754
503 328
311 812
635 423
429 961
690 419
502 487
766 645
665 43
836 919
159 231
731 103
247 413
956 969
68 716
66 420
512 414
293 848
71 496
147 900
855 658
648 561
643 757
314 170
0 926
631 182
598 981
126 134
387 220
312 946
348 898
628 642
291 794
669 975
537 530
203 138
972 150
214 258
678 730
586 324
387 302
568 287
494 442
962 412
353 111
121 253
779 952
305 93
139 744
989 827
194 344
297 401
1000 535
163 925
927 899
914 674
0 27
174 682
1000 18
348 877
331 783
340 206
803 205
994 669
1000 821
843 522
753 919
932 704
392 901
738 599
275 800
181 72
226 76
575 39
798 340
39 407
918 829
761 958
985 418
2 448
898 174
505 528
244 337
522 838
350 624
860 116
364 348
576 970
171 791
552 177
412 625
16 328
172 424
418 681
317 170
864 321
746 822
415 819
323 865
480 403
712 183
216 190
997 470
851 850
864 505
768 235
128 509
835 362
195 7
782 301
578 36
836 934
168 490
273 538
361 535
966 86
444 485
791 483
518 283
593 802
27 415
171 98
837 571
964 345
899 217
652 706
208 161
531 227
380 413
752 236
588 973
900 753
945 395
932 212
779 121
1000 583
999 839
225 315
271 347
1000 203
842 569
780 322
405 270
844 790
532 158
726 313
656 370
143 377
1000 225
385 464
294 926
410 375
51 872
38 324
43 182
701 877
507 347
481 526
113 121
84 508
1000 812
264 885
98 655
391 746
812 774
173 537
0 295
738 112
394 824
38 337
305 185
204 391
841 710
632 732
863 38
350 916
685 251
212 577
641 627
468 875
917 269
389 998
440 83
871 245
1000 401
24 903
170 826
60 633
561 66
10 734
884 594
354 799
448 937
990 871
847 866
29 643
556 472
385 198
91 571
897 435
48 232
646 219
747 819
640 872
52 914
66 163
120 763
52 405
857 39
325 244
253 762
503 416
70 777
299 247
449 513
558 323
330 424
314 76
94 916
912 567
370 277
287 14
783 128
570 23
1000 898
479 283
221 206
513 444
948 359
252 642
15 94
241 605
572 154
448 700
224 606
702 366
808 556
466 251
345 640
8 909
81 211
823 654
382 748
10 449
235 746
325 925
155 878
479 139
11 694
323 196
934 500
773 501
388 389
713 774
693 642
916 763
184 263
905 416
0 621
882 714
622 332
82 337
664 922
46 857
956 711
743 591
198 944
411 684
208 684
846 35
826 875
733 472
521 509
925 932
522 444
940 173
395 412
654 364
733 893
966 275
913 144
822 37
965 939
624 331
406 932
6 198
654 856
350 445
272 443
644 874
893 781
877 367
1000 233
144 825
690 220
672 176
34 785
577 762
950 359
929 418
602 977
0 937
94 937
490 870
425 103
471 197
179 223
811 570
570 552
336 735
822 259
886 950
970 710
602 381
771 561
196 293
703 501
502 883
36 990
801 607
375 452
292 396
1000 942
478 446
77 763
803 169
876 801
891 449
366 675
142 763
0 584
44 336
285 897
1000 543
568 148
1000 912
739 36
372 140
813 673
1000 46
84 607
198 735
86 154
596 952
831 848
52 606
714 951
213 135
421 361
117 49
134 241
731 290
737 94
136 900
142 753
858 145
159 681
664 240
306 912
159 550
534 459
780 754
743 277
480 936
856 445
355 456
462 112
808 998
22 548
785 14
496 990
1000 687
773 345
679 366
513 271
831 551
198 668
7 172
9 522
1000 434
254 709
841 205
299 989
830 180
680 517
428 640
494 366
35 820
2 81
462 943
209 170
217 717
852 589
950 106
97 298
750 103
294 540
165 2
119 512
148 570
350 60
524 10
392 583
152 635
227 831
352 895
628 365
755 577
33 304
485 285
147 501
186 261
255 281
724 606
264 335
48 215
382 265
304 279
993 506
270 870
990 393
71 679
393 455
792 717
801 257
0 834
59 436
601 683
813 957
342 309
887 834
732 978
606 875
634 900
665 183
43 582
229 912
354 54
481 215
471 271
747 915
118 243
241 432
900 327
3 882
198 797
210 199
310 183
268 483
606 788
994 780
641 272
669 853
296 356
889 433
128 797
527 385
532 200
527 730
785 630
161 41
504 4
496 281
469 437
631 226
421 840
532 61
902 173
823 444
869 526
508 560
223 772
702 945
688 221
910 794
935 678
247 355
310 673
47 351
486 320
899 397
433 904
77 214
608 181
734 824
154 216
255 874
114 830
544 108
67 854
514 150
495 977
487 873
434 509
843 336
432 564
502 106
216 705
647 999
841 143
188 785
1000 91
300 154
723 732
622 271
625 290
677 103
568 429
179 755
573 96
939 427
526 323
173 588
630 418
333 962
861 118
574 372
684 985
822 569
744 255
822 172
326 58
547 923
830 136
1000 534
448 910
601 76
831 963
752 938
132 827
697 195
359 781
118 404
595 22
503 156
250 667
591 137
780 381
537 937
836 133
1 922
683 832
927 698
271 254
68 686
789 69
697 200
835 999
279 476
581 497
369 479
750 105
297 281
143 606
323 575
182 603
842 225
589 581
79 295
340 422
494 802
372 772
160 438
512 232
487 821
551 238
0 930
950 942
486 408
904 968
254 443
844 342
907 96
667 753
739 153
831 329
256 146
568 28
43 983
313 315
809 60
189 563
411 785
611 674
537 153
822 758
290 775
694 639
832 169
501 487
275 921
207 641
149 709
764 656
588 669
755 476
644 265
925 842
106 154
18 977
951 622
189 785
196 705
854 843
952 206
27 398
990 425
177 499
782 811
873 228
775 641
0 432
804 378
440 519
381 636
103 898
258 750
754 349
374 515
471 909
260 832
779 515
745 579
0 775
868 577
322 315
623 607
959 312
125 792
596 361
165 690
35 142
429 262
983 574
749 930
158 415
782 247
890 777
57 249
23 522
638 166
978 401
543 538
1000 50
313 12
360 311
936 79
775 100
622 148
41 250
254 347
272 831
359 408
385 912
602 313
933 596
994 991
619 521
923 280
345 492
914 130
133 37
922 766
767 716
920 363
711 263
650 495
187 306
185 758
691 246
0 101
199 128
420 146
715 902
1000 588
60 569
680 842
45 904
2 739
150 8
180 814
114 801
571 778
735 647
719 677
374 224
569 649
841 40
539 902
580 531
152 413
522 994
1000 95
656 164
672 267
154 201
299 653
176 344
553 250
761 117
697 121
138 75
563 869
719 539
921 581
610 315
595 820
512 21
833 278
650 42
565 611
633 915
943 645
34 726
792 76
66 893
746 397
630 183
479 387
713 324
1000 719
182 705
715 29
430 648
55 674
803 55
730 481
169 542
298 31
719 631
648 110
403 321
504 940
273 158
682 74
1000 773
140 228
813 76
467 104
568 114
479 732
474 352
222 90
371 867
606 834
986 524
473 676
997 212
944 507
139 433
163 598
666 625
393 512
322 408
203 387
132 49
992 428
184 290
598 260
937 775
449 749
910 51
263 303
645 382
0 715
140 625
42 615
274 384
963 215
328 755
345 748
653 457
600 47
911 974
595 457
426 311
1000 185
496 427
476 682
131 312
859 302
538 231
1000 90
439 163
514 381
653 383
308 696
242 45
790 339
200 521
441 572
697 157
898 981
702 533
331 776
898 216
75 131
543 802
678 502
722 144
492 634
951 344
0 539
247 822
981 724
0 699
865 633
0 474
739 883
458 772
1000 573
340 74
1000 710
277 964
73 908
276 143
352 489
364 189
671 229
108 774
748 436
512 913
235 590
786 32
391 484
1000 712
110 773
629 744
501 56
981 427
538 513
573 104
296 326
532 34
964 2
612 292
105 258
287 722
831 956
839 341
4 499
174 272
344 407
681 365
369 915
293 735
343 860
479 879
642 623
484 673
239 847
600 597
429 64
514 668
890 619
894 123
838 416
963 808
40 818
977 81
149 170
135 754
0 214
995 143
0 227
730 701
627 600
321 26
463 954
168 652
91 112
106 43
131 536
149 197
0 63
486 268
581 363
222 834
777 54
111 489
917 544
629 856
183 349
486 566
275 39
853 188
987 611
33 98
644 291
896 906
490 889
143 888
581 747
289 184
731 697
171 706
474 432
963 900
584 27
665 695
694 888
115 653
280 592
382 728
217 32
278 956
743 937
244 605
988 963
29 465
842 882
1000 713
940 380
13 347
510 321
39 869
76 704
0 657
613 682
264 568
147 248
313 544
616 323
31 901
519 846
57 286
591 637
579 824
686 805
607 141
396 165
592 831
624 745
202 799
282 693
817 940
928 220
315 39
189 615
118 675
645 927
0 8
582 688
394 808
813 9
269 608
320 599
837 587
964 746
172 234
1000 818
656 757
212 878
917 948
674 619
70 149
899 462
787 557
152 120
563 977
341 635
909 401
748 558
821 176
177 640
691 242
812 823
526 636
80 340
369 982
855 383
410 487
136 582
486 391
720 93
346 662
565 869
705 511
281 974
467 323
203 800
855 447
167 782
373 241
855 800
282 461
971 903
897 601
370 825
728 856
163 69
364 457
641 53
290 342
73 136
792 992
727 749
177 274
690 635
732 918
298 484
238 241
224 686
641 431
907 155
80 927
256 623
693 60
577 66
715 94
1000 111
111 968
445 776
844 251
786 106
138 929
852 610
709 500
177 988
323 761
695 44
740 755
478 839
169 2
645 518
564 892
345 130
146 946
801 778
94 917
961 36
176 870
610 429
726 334
512 40
311 756
816 297
315 198
756 533
599 370
113 699
662 701
846 524
334 858
1000 139
560 867
51 113
305 210
897 773
290 868
161 615
341 181
0 658
593 645
26 385
320 388
387 418
717 17
857 702
626 769
398 77
553 574
768 982
583 53
491 904
388 444
267 551
290 699
959 298
769 485
946 781
780 190
164 944
524 733
194 533
602 315
820 756
4 615
509 959
851 339
454 598
333 318
561 619
118 14
205 707
667 917
447 338
662 811
441 792
14 698
68 522
523 761
597 900
540 564
735 717
405 604
110 873
251 536
945 614
51 288
183 17
730 278
116 260
920 952
951 900
115 483
997 221
937 717
763 745
66 426
0 591
90 284
399 848
467 688
266 952
54 485
373 316
274 198
1000 825
446 507
216 70
820 722
219 190
0 773
166 395
519 692
115 719
952 861
393 502
910 885
907 610
72 931
319 475
540 954
637 250
187 554
838 659
320 366
900 703
992 913
822 424
912 572
585 539
74 315
793 830
404 822
433 594
863 361
115 141
315 582
463 523
368 217
676 863
603 939
586 396
819 827
417 516
1000 237
907 910
1000 925
658 690
158 697
674 184
910 519
12 100
261 851
663 601
238 197
345 296
757 734
217 126
120 169
808 847
812 863
344 798
483 842
980 729
640 327
723 855
492 781
309 720
212 666
936 369
290 417
812 984
64 929
585 142
420 895
916 945
310 329
371 932
10 461
746 464
703 883
29 62
360 730
26 524
985 27
73 341
431 804
867 926
146 215
20 139
717 74
528 14
195 924
588 869
91 718
139 866
497 484
978 60
961 265
102 684
565 362
349 604
411 690
961 805
158 382
0 466
39 84
34 53
640 386
397 329
685 887
637 890
17 719
92 229
181 334
281 206
296 864
877 855
185 31
925 246
774 812
956 534
967 100
24 169
18 203
530 357
932 349
949 865
393 879
283 365
464 690
529 136
486 9
475 468
728 104
900 626
141 273
1000 648
170 55
927 65
296 121
640 767
1000 977
1000 730
892 618
688 906
664 956
183 627
650 853
888 106
795 31
330 232
242 389
1000 433
876 382
624 924
838 128
403 589
675 506
150 896
229 656
112 902
150 843
228 623
972 892
936 347
529 897
839 852
412 764
0 821
535 534
605 837
341 715
844 525
713 380
107 636
39 334
524 401
634 846
388 856
39 459
204 302
573 308
714 411
374 720
747 32
135 88
772 775
928 412
156 246
686 516
0 324
192 346
372 492
554 767
225 683
937 917
461 223
951 62
42 533
591 833
874 299
85 123
470 945
54 9
190 798
48 513
612 89
829 914
951 573
352 782
450 548
556 760
1000 787
180 731
906 758
76 459
791 870
748 850
368 937
155 650
926 132
355 17
181 278
1000 280
52 168
1000 904
695 578
46 894
709 481
1000 815
306 335
624 111
601 724
340 456
331 499
46 502
432 223
540 814
273 481
972 875
46 786
1000 40
563 183
43 40
714 47
513 746
583 347
369 306
406 431
52 370
880 859
656 879
110 94
546 490
76 415
471 205
17 815
611 166
821 181
328 567
174 844
34 787
134 283
1000 178
173 579
590 453
501 299
151 748
166 58
321 395
96 817
0 375
1000 715
863 56
162 777
463 146
0 470
189 541
590 434
1000 998
766 975
794 299
171 151
592 567
1000 324
744 624
256 607
48 493
1000 173
286 196
808 699
362 187
37 819
577 273
741 611
886 661
262 299
739 68
127 788
579 712
319 644
769 970
773 520
15 232
37 60
225 686
932 865
855 868
426 679
485 809
813 609
87 782
625 581
565 222
111 462
87 608
474 491
391 412
870 373
387 95
718 172
603 481
0 380
807 835
332 996
836 231
938 82
375 929
560 216
806 311
467 793
559 624
410 280
356 781
997 765
1000 577
544 861
637 594
373 779
722 987
740 614
257 276
691 268
1000 160
906 838
636 224
44 817
0 653
182 476
627 181
1000 106
153 55
358 799
931 330
188 561
348 969
810 459
502 646
973 604
202 229
516 676
590 271
912 631
849 646
965 362
32 460
691 371
991 209
388 867
510 298
1000 109
729 286
464 562
156 604
421 404
795 661
675 900
604 858
802 416
999 503
0 195
288 232
391 428
210 113
374 148
489 961
519 752
169 853
912 48
951 763
0 957
650 18
629 363
15 588
22 197
1000 892
671 457
866 929
759 716
668 52
317 889
883 335
24 195
174 966
940 760
464 334
279 321
783 856
360 188
579 495
55 932
102 510
129 161
884 993
21 565
734 465
925 922
423 608
336 546
926 159
544 198
70 736
304 839
736 572
209 151
844 217
764 938
220 513
604 973
814 762
832 42
880 623
499 840
279 599
616 541
743 14
68 359
598 93
921 845
414 13
840 107
398 249
418 640
1000 537
260 668
983 92
719 163
665 849
41 171
473 857
570 64
768 826
798 385
476 535
778 759
0 888
185 317
875 192
1000 556
1000 532
84 826
538 510
101 775
188 864
745 913
1000 471
871 51
899 896
727 541
406 990
592 906
56 523
4 602
755 454
162 115
793 406
875 417
332 810
349 888
249 817
1000 441
178 670
773 839
134 193
1000 391
725 710
90 351
859 792
1 395
535 911
498 37
860 204
270 382
662 902
420 903
331 869
394 426
181 27
154 308
54 251
581 45
812 73
886 373
245 720
0 649
243 842
848 619
472 983
56 619
779 778
112 400
911 513
766 744
814 738
166 850
908 871
676 502
0 639
547 528
256 54
343 725
504 116
279 821
990 167
227 140
123 100
603 888
531 211
862 882
390 165
865 228
935 800
927 409
802 826
890 716
827 702
858 490
695 253
426 464
1000 511
100 49
97 970
303 400
282 830
227 899
509 649
902 122
0 216
959 403
915 721
772 200
922 157
858 685
688 444
302 591
963 477
661 778
3 176
1000 843
584 367
121 710
418 492
119 643
148 856
623 970
843 595
856 330
915 514
981 694
533 72
254 276
359 740
941 774
436 850
225 804
189 691
873 459
35 591
909 302
47 785
716 598
464 166
483 378
1000 268
197 303
711 312
346 667
78 268
1000 678
151 180
502 246
391 292
982 964
455 296
2 469
440 878
204 241
343 952
821 821
906 204
946 176
78 138
784 778
541 290
222 507
1000 172
716 689
953 339
489 946
327 793
993 810
592 996
529 872
481 456
293 499
571 123
772 569
748 982
709 225
527 314
929 386
313 66
454 398
828 978
757 228
89 777
197 842
983 330
473 443
960 464
214 111
603 902
391 835
684 160
343 73
428 835
742 953
642 588
71 625
152 112
805 748
902 568
494 94
626 377
476 930
657 410
124 810
657 296
540 990
483 515
684 582
527 949
684 550
357 538
107 834
1000 693
866 161
243 47
595 529
588 512
441 560
306 906
886 365
890 515
204 243
304 962
222 915
907 48
354 486
217 690
882 314
537 535
622 226
0 155
263 243
401 696
679 43
745 633
504 275
501 654
473 104
474 169
928 30
68 247
813 428
688 532
693 702
206 738
422 755
627 882
922 485
662 534
716 868
594 138
443 480
667 293
852 988
89 901
207 41
872 810
143 333
245 936
129 953
395 716
209 448
631 161
906 681
943 420
697 922
480 408
786 934
373 238
441 376
257 721
938 573
287 61
145 11
96 467
1000 276
739 107
294 117
801 873
726 33
761 625
511 665
951 751
283 534
1000 34
508 451
643 67
352 573
960 473
708 536
236 122
265 274
231 425
560 724
415 211
472 32
848 984
353 233
871 626
694 113
777 549
10 453
331 222
348 291
380 948
513 202
122 978
749 37
626 125
520 823
908 764
710 299
288 572
165 978
510 719
727 389
974 810
705 835
534 266
404 576
144 70
433 712
220 716
800 741
343 908
195 95
102 828
885 149
408 100
109 336
718 284
113 161
642 75
244 390
596 224
0 117
734 449
513 53
999 810
0 533
793 192
130 983
299 146
850 325
387 143
394 328
500 959
478 224
181 924
75 107
908 378
780 527
748 764
515 297
793 39
704 538
22 380
527 645
694 32
194 196
288 244
47 223
803 759
984 878
941 312
253 877
759 185
757 333
575 347
54 181
530 983
423 259
361 468
1000 289
549 345
671 225
456 833
739 937
42 590
890 829
975 627
752 303
192 825
42 291
571 17
207 667
772 438
797 134
521 505
403 913
304 521
111 739
595 17
272 34
1000 705
585 675
939 498
902 525
599 858
682 396
772 229
2 305
688 602
275 498
0 986
77 192
755 740
47 628
168 950
131 27
590 722
201 795
184 300
997 642
184 517
248 344
471 389
482 152
789 56
502 937
643 345
796 948
496 203
801 481
540 249
953 591
697 259
862 393
554 462
627 436
677 905
521 974
654 640
691 889
960 391
617 443
540 130
1000 653
120 984
592 442
704 243
855 886
0 899
391 56
435 38
945 842
975 100
324 537
761 188
146 772
720 564
12 455
335 894
1000 994
296 910
489 106
584 650
876 197
1000 414
953 226
1000 407
117 298
515 817
437 748
297 241
141 791
80 875
836 292
851 231
990 322
738 180
916 913
533 219
728 966
60 76
807 626
226 398
92 534
0 675
64 746
155 57
196 978
41 973
940 121
120 832
295 21
680 551
364 188
29 127
864 655
142 554
231 488
542 573
630 964
435 337
871 44
75 725
1000 831
671 726
180 650
274 378
104 61
878 957
800 492
437 393
451 255
227 671
371 95
98 796
456 69
1000 116
838 5
0 338
173 857
482 984
216 940
191 538
158 609
195 722
991 35
894 963
325 956
94 167
93 639
759 576
77 861
1000 669
924 372
660 412
671 342
53 785
534 170
0 433
631 788
292 925
686 444
743 271
21 242
964 693
993 618
93 448
88 586
1000 763
0 524
134 698
700 849
306 292
1000 751
144 104
861 610
943 991
376 252
401 699
0 460
745 331
64 446
138 130
99 675
156 477
964 725
473 225
769 10
918 656
459 436
535 995
89 269
594 303
775 284
891 309
367 353
125 263
148 240
713 48
329 694
871 199
977 159
810 445
1000 43
544 551
314 459
16 904
171 189
503 883
703 991
228 512
551 261
388 8
864 934
350 123
503 635
38 49
919 311
1000 70
397 758
989 747
91 618
353 328
893 647
468 557
848 401
175 403
466 52
1000 249
954 649
788 314
689 571
788 153
688 675
812 720
724 745
67 117
395 918
555 861
931 207
897 958
170 262
650 332
479 984
706 455
188 814
107 457
466 557
965 655
150 313
384 169
0 762
0 496
18 917
994 914
292 813
289 490
619 186
558 803
606 79
991 438
322 234
714 584
384 481
948 164
101 326
76 232
75 74
425 208
152 834
428 707
477 265
110 816
256 777
387 113
572 354
782 287
1000 591
288 263
436 525
780 475
254 49
8 251
779 720
315 185
980 534
539 59
489 776
354 980
791 968
578 237
121 886
94 528
0 939
158 23
83 711
21 766
905 68
752 880
744 397
228 307
738 266
614 609
966 589
676 306
486 213
725 567
814 911
647 931
358 167
848 333
345 844
681 811
631 65
350 919
368 435
599 104
421 278
624 592
752 894
773 620
262 957
837 251
866 792
825 745
302 765
891 744
942 332
109 298
453 306
336 528
198 121
791 23
194 919
239 888
115 619
100 326
22 665
356 369
587 885
931 911
1000 9
5 737
611 964
399 726
285 72
179 715
522 737
623 809
173 574
266 13
632 716
177 694
223 905
913 170
1000 961
455 589
466 752
476 62
291 869
76 976
540 739
1000 995
90 904
838 678
926 24
0 860
265 373
356 885
71 457
204 955
428 985
189 598
784 643
986 129
320 177
291 281
724 158
278 139
731 495
402 419
799 194
422 70
748 28
170 480
749 124
568 823
796 471
201 115
348 917
469 159
0 11
510 888
1000 42
520 308
402 389
990 61
178 594
884 174
973 682
277 197
308 146
87 254
22 752
712 232
928 993
263 338
423 816
924 847
870 608
194 905
788 981
203 270
364 567
188 735
950 638
925 880
703 491
103 588
88 846
944 331
677 744
835 865
865 984
227 527
755 939
871 52
428 994
167 603
59 457
960 864
351 103
669 685
759 71
886 31
116 723
128 942
428 144
905 269
910 669
5 725
955 955
737 158
657 472
25 475
839 383
473 387
791 878
96 243
532 865
437 59
440 567
405 769
81 869
668 146
1000 2
67 92
385 570
532 23
60 819
550 691
197 930
232 323
15 541
747 47
515 92
723 651
212 180
329 100
946 576
545 278
913 750
410 770
582 637
121 780
329 822
593 156
85 31
820 324
663 876
160 430
303 735
201 85
458 99
402 568
0 923
182 893
783 664
684 481
688 850
105 163
333 960
263 289
0 972
8 65
655 442
940 791
90 393
252 417
59 682
657 577
706 342
884 202
1000 113
529 589
319 124
924 829
370 585
857 374
686 189
292 712
91 288
559 717
303 962
846 383
673 995
990 612
495 201
734 948
834 272
260 639
1000 293
450 542
613 756
544 428
158 304
550 168
968 700
1000 409
364 720
85 520
487 348
94 50
187 899
251 835
43 637
461 620
492 478
139 12
291 752
454 921
640 748
718 989
688 385
931 820
259 536
74 505
534 946
6 510
634 205
282 805
110 185
1000 985
93 943
403 654
350 809
382 206
897 212
658 287
33 649
65 235
546 765
861 846
543 893
742 314
872 176
856 306
195 457
967 180
90 67
960 424
925 944
611 20
170 373
145 602
177 513
252 923
872 41
833 69
919 635
959 702
186 387
698 615
728 532
587 58
780 573
565 311
587 598
388 786
711 624
114 510
885 164
119 996
874 638
481 949
0 226
512 932
448 714
69 700
363 20
744 222
272 476
1000 827
792 507
439 937
244 602
226 817
664 968
1000 105
706 180
751 397
814 565
986 857
786 866
646 583
1000 949
722 655
0 938
36 394
673 704
716 50
483 839
1000 557
105 811
296 339
511 47
107 70
568 807
354 716
58 511
553 89
1000 533
637 572
884 604
326 961
202 216
725 573
141 169
516 857
933 887
639 244
569 410
175 549
1000 761
108 618
911 689
0 586
648 832
147 356
207 807
424 69
658 288
321 322
223 757
0 956
744 494
945 670
343 797
254 191
375 804
866 781
912 827
706 370
479 877
921 64
103 628
0 253
0 874
665 999
161 370
1000 771
315 786
52 886
105 529
696 473
704 677
650 50
583 919
0 254
157 225
328 164
346 881
423 712
953 946
1000 731
633 553
749 529
575 755
243 908
475 163
564 165
492 758
375 986
180 409
929 577
787 1
0 645
652 973
764 182
167 873
911 234
772 374
822 582
424 696
561 497
756 867
600 616
276 426
621 418
221 51
454 737
73 543
440 799
699 644
931 608
859 549
312 919
830 758
581 780
0 572
47 495
493 154
257 342
352 900
0 804
649 101
57 412
224 294
763 774
132 360
588 773
82 664
256 393
21 737
707 293
719 274
712 255
101 482
667 576
55 370
534 45
120 875
65 673
825 964
222 962
330 382
241 747
247 568
655 384
145 756
248 911
697 477
343 858
1 186
180 364
540 440
240 928
603 741
844 352
594 410
716 211
149 150
927 816
74 985
622 26
685 816
340 251
412 976
339 337
93 700
948 987
538 108
436 819
281 122
143 422
684 197
414 553
1000 916
1000 168
316 823
125 399
1000 672
3 419
856 366
721 542
622 533
61 906
492 873
777 648
64 667
609 804
272 385
73 994
561 630
969 952
0 188
774 264
310 43
328 64
743 204
1000 417
602 311
346 535
422 961
641 12
186 241
131 309
419 89
335 965
575 485
640 376
763 597
314 35
0 797
881 847
549 11
169 876
721 747
7 248
71 93
742 960
488 836
110 741
627 171
345 146
996 700
714 364
850 348
822 315
120 403
623 913
743 971
611 772
724 93
920 303
434 837
105 606
904 669
355 632
212 3
1000 378
809 564
779 386
151 909
623 370
498 845
48 703
792 432
911 737
579 200
79 528
771 555
604 700
94 31
280 633
705 639
769 492
939 713
816 490
802 17
745 834
251 639
681 775
0 909
702 744
40 656
1000 767
112 355
339 186
155 175
861 569
845 315
903 357
110 912
181 584
0 46
130 420
90 348
325 643
621 454
259 348
979 520
824 943
766 956
469 82
480 122
258 683
586 511
746 662
959 160
949 595
1000 906
1000 98
767 703
1000 657
177 568
0 390
502 381
678 375
346 903
663 119
701 941
972 755
328 734
532 686
235 372
894 901
1000 659
1000 783
626 390
213 908
299 670
197 616
780 854
258 250
53 915
890 963
0 152
640 226
874 444
424 841
634 914
166 482
989 487
0 963
789 20
803 600
307 803
1000 864
509 96
382 73
401 891
863 236
166 238
653 712
942 226
245 348
527 442
1000 918
357 831
0 290
325 233
200 654
111 188
398 745
618 792
115 226
376 822
214 352
394 239
912 887
600 232
900 22
95 881
427 429
290 895
451 343
36 208
48 883
602 31
651 905
400 399
426 365
1000 837
780 974
486 40
770 238
516 346
488 423
467 2
765 809
805 405
495 116
164 614
592 528
418 43
498 455
818 222
693 892
109 23
188 77
82 321
503 161
588 33
661 78
586 58
104 826
275 614
196 973
884 15
852 462
211 356
620 368
68 909
765 493
437 45
294 56
808 25
650 64
1000 545
656 750
177 32
374 917
213 858
996 628
982 688
642 85
797 731
181 229
98 392
201 215
878 259
0 815
320 512
646 21
303 484
545 424
739 322
428 401
632 372
791 77
798 649
238 498
837 851
265 940
216 777
356 404
38 408
302 815
176 362
473 748
0 322
425 740
357 501
670 981
857 81
720 542
488 199
294 929
770 468
583 627
765 201
217 38
80 113
752 494
80 651
610 237
951 678
452 950
0 116
217 448
566 333
303 433
912 470
737 216
946 674
324 831
703 27
332 989
811 22
598 745
551 389
496 508
628 510
14 817
882 335
820 937
980 546
906 782
385 166
681 23
605 447
903 150
84 791
141 964
273 874
259 112
280 602
364 301
720 736
787 732
211 891
445 614
566 517
950 704
19 471
904 118
10 163
891 354
19 637
286 470
764 715
894 879
864 104
497 788
776 551
15 968
1000 373
465 578
197 438
439 388
887 428
688 765
815 893
561 457
754 406
378 767
835 507
1000 165
562 677
885 276
639 527
636 946
677 936
947 720
0 259
122 346
232 456
526 747
787 6
509 734
254 99
659 609
889 977
203 979
659 534
775 813
171 970
156 510
877 705
672 823
436 828
664 149
562 85
458 985
682 387
569 916
763 39
159 217
486 97
437 823
91 922
371 994
81 481
904 124
49 359
78 645
920 258
970 705
53 242
647 683
283 920
754 130
718 997
822 204
349 901
547 807
800 419
985 946
973 325
509 706
962 819
943 982
613 293
105 388
176 759
679 752
864 212
605 225
922 229
699 979
943 289
99 810
1000 379
44 668
117 306
233 575
438 800
44 933
910 453
0 377
264 750
411 154
605 145
281 228
351 685
216 889
520 489
460 569
411 299
596 903
762 10
445 13
224 228
874 612
36 165
31 441
11 184
797 100
331 900
20 320
894 410
96 935
598 220
676 123
514 478
495 576
181 797
489 900
348 813
961 700
69 242
425 135
439 462
12 307
81 324
671 281
553 812
662 699
1000 617
342 947
506 890
339 486
59 370
52 32
581 202
794 458
909 575
860 765
453 685
948 102
505 169
710 557
356 749
602 572
1000 732
1000 79
252 61
1000 934
159 896
430 203
167 463
264 912
927 617
286 48
50 228
572 461
1000 495
805 951
372 282
84 801
413 7
62 435
20 315
904 578
893 919
279 480
8 905
1000 755
858 620
945 190
674 954
837 894
776 702
101 457
90 445
775 187
731 151
893 442
544 909
380 489
387 793
659 665
412 612
285 545
0 205
0 589
736 496
448 47
924 19
1000 202
870 139
562 921
456 373
933 167
815 330
749 459
788 861
582 448
670 757
809 412
865 565
0 571
224 163
79 938
885 492
122 483
294 584
45 247
875 454
352 717
1 822
530 121
8 967
828 60
392 838
60 703
955 640
188 728
453 500
540 842
366 889
461 492
964 909
994 918
822 736
833 663
336 35
550 854
903 271
47 983
27 781
807 915
542 271
144 820
748 496
385 930
951 237
853 751
771 787
725 340
890 655
912 920
199 739
642 356
627 240
172 574
817 303
0 10
759 209
476 599
300 728
514 944
968 673
442 484
969 665
75 995
445 438
958 324
685 781
225 218
744 609
181 728
613 966
690 283
1000 839
5 937
269 870
0 684
263 640
647 494
759 65
966 692
496 127
502 821
783 92
238 796
444 821
173 501
11 723
1000 290
401 917
183 10
354 65
273 357
524 379
691 71
651 261
533 422
140 623
629 711
212 958
446 363
440 933
695 867
451 680
983 227
345 248
205 21
9 819
409 566
454 781
215 485
891 914
40 924
469 215
220 72
282 141
760 101
111 480
686 85
46 681
593 236
9 585
420 467
364 585
0 827
829 988
952 625
324 319
408 245
69 245
194 418
0 503
580 694
783 634
528 526
73 232
290 536
182 70
925 978
474 410
670 229
349 482
958 675
930 311
916 875
742 328
90 62
207 984
900 974
931 632
302 349
267 169
220 556
597 845
465 286
6 138
364 908
553 70
725 775
503 357
532 955
429 991
601 870
341 869
277 871
665 581
880 76
174 758
813 849
199 718
725 658
216 436
43 777
911 117
737 491
158 321
99 514
594 206
793 731
784 187
400 112
241 825
809 487
76 391
738 88
582 816
149 406
166 585
373 288
910 281
590 464
1000 127
282 671
17 126
254 659
790 894
198 612
648 696
745 279
0 795
772 701
858 739
665 604
865 973
378 85
959 459
389 233
842 224
837 266
98 966
552 265
203 672
0 145
550 472
105 826
92 414
960 521
730 960
50 707
224 497
537 173
330 895
167 206
793 593
1000 500
592 766
824 183
118 735
12 327
938 111
786 704
555 976
662 813
620 175
802 24
846 628
997 26
592 325
192 109
1000 802
870 78
859 944
98 912
135 85
700 222
184 192
893 354
730 942
234 965
664 814
41 52
22 190
749 728
716 79
404 969
395 997
1000 766
103 781
848 718
144 932
346 578
551 946
426 977
858 955
673 467
126 825
530 395
316 954
937 279
625 405
591 618
944 422
546 523
803 319
1000 665
418 99
460 709
75 809
590 957
44 768
512 280
116 411
817 673
658 146
677 865
209 773
281 726
201 336
392 580
828 914
405 109
35 271
267 380
974 42
644 841
1000 347
20 29
884 945
576 196
929 990
823 710
185 47
534 159
911 957
0 160
526 411
877 611
616 451
477 37
576 421
1000 529
780 445
114 297
605 823
691 767
42 874
747 937
1000 797
886 163
373 301
588 956
383 470
789 434
510 91
394 271
173 627
892 157
476 418
461 829
843 127
57 443
747 621
352 759
599 202
0 703
807 857
0 272
185 894
999 445
255 580
238 264
199 446
1000 385
1000 974
879 991
924 530
680 828
878 169
222 73
49 732
838 271
1000 549
1000 213
183 16
9 66
685 984
624 871
215 203
1000 163
622 833
991 134
843 464
21 48
434 689
892 147
583 474
569 198
731 618
830 224
514 530
911 507
964 427
382 712
982 180
863 356
757 212
678 332
325 703
501 691
588 36
838 857
515 727
0 853
198 333
289 635
788 194
257 770
1000 593
736 609
910 581
123 768
733 801
432 226
74 530
773 315
648 585
640 778
82 606
238 478
923 126
841 394
768 208
453 670
360 722
681 220
61 303
756 784
723 833
755 474
765 600
385 365
433 306
348 301
711 709
47 569
595 435
966 562
648 825
963 800
48 366
0 856
782 846
4 379
368 407
2 495
663 285
109 668
853 931
393 952
31 114
103 153
929 301
883 409
462 40
210 661
210 4
0 855
914 218
355 225
634 453
448 34
925 211
369 447
79 513
267 648
133 700
85 280
969 433
18 549
521 929
1000 366
363 547
625 725
361 171
26 737
890 28
565 608
88 786
135 521
964 884
886 848
805 862
668 519
991 693
80 532
565 56
723 406
27 406
221 13
333 315
175 604
86 356
422 76
1000 782
1000 67
312 792
305 99
785 369
124 444
184 414
16 248
504 294
549 236
87 556
628 296
779 557
905 129
139 748
374 78
325 201
121 719
0 126
861 14
276 834
1000 614
803 239
409 95
401 707
156 860
59 291
0 858
925 104
477 311
705 489
215 73
838 285
598 687
193 322
602 424
189 718
433 267
258 126
640 480
835 405
747 687
789 139
5 150
209 239
518 364
9 473
0 550
202 417
830 497
252 480
903 86
989 258
970 662
338 343
58 734
831 745
436 946
780 394
165 206
331 150
75 728
554 694
529 230
203 514
976 392
243 504
57 684
390 403
149 723
31 163
1000 464
429 403
953 480
1000 514
977 562
519 726
2 420
607 34
124 774
303 587
276 699
94 492
701 710
994 983
60 363
990 196
690 247
779 698
581 364
923 581
327 648
257 645
1000 28
277 481
662 210
320 582
319 340
254 315
698 116
900 177
90 216
771 990
1000 879
771 948
814 856
431 746
571 692
907 184
754 905
607 733
134 139
717 448
525 754
417 521
271 504
323 351
221 609
282 347
937 334
317 59
950 563
493 418
378 236
702 107
644 351
506 457
764 125
674 704
463 494
350 691
1000 272
950 477
377 291
102 812
437 178
140 990
613 774
883 452
0 877
596 887
146 941
475 544
628 176
821 772
302 177
815 87
982 667
373 202
0 985
996 981
41 487
543 964
190 397
163 458
933 531
127 284
147 192
906 284
949 806
419 321
714 755
560 206
379 509
272 360
683 592
655 859
642 636
264 919
1000 112
12 824
880 542
34 101
470 603
815 587
170 319
217 747
387 811
733 566
106 559
1000 412
741 578
664 896
131 410
859 588
896 50
342 237
189 899
409 485
986 479
882 612
1000 716
226 478
1000 586
643 221
579 265
915 120
968 182
491 308
49 340
534 747
517 782
470 843
385 644
364 625
644 946
344 173
926 552
590 725
270 640
26 819
3509 1662 1
3473 723 1
907 2814 1
1101 1440 1
2232 1053 1
1494 3125 1
434 539 1
3208 2011 1
817 3666 1
3875 1654 1
1122 486 1
1859 2905 1
3504 3440 1
2117 1763 1
492 3805 1
603 459 1
3283 3580 1
593 3699 2
2432 1690 1
2984 669 1
3269 2667 1
1375 3097 1
3671 492 1
3662 1677 1
1649 3443 1
2173 1393 1
128 670 2
352 3436 1
1882 1892 1
2323 3169 1
3577 1530 1
1390 573 1
2787 2059 1
2138 976 1
2965 1307 1
2484 1554 1
3082 1806 1
909 352 1
2935 803 1
926 2453 1
1942 2117 1
141 2087 1
3035 3201 1
3425 599 1
2331 2438 1
143 1083 1
727 3489 1
2784 3484 1
1540 1158 1
3606 1425 1
3955 369 1
687 432 1
1408 3545 1
2841 3210 1
10 1069 1
1069 461 1
1072 3989 1
3368 3771 1
3652 3697 1
1706 2817 1
1648 2156 1
3158 3465 1
3356 1458 1
67 3913 1
14 885 1
1035 2682 1
3818 499 1
1306 3901 1
2692 578 1
2380 2965 1
1839 1224 1
2413 441 1
2290 2442 1
1248 2158 1
3618 891 1
3657 2226 1
480 2167 1
3753 1396 1
3891 2022 1
1681 3392 1
1017 2912 1
1590 574 1
2021 1882 1
3016 3235 1
1316 161 1
2658 1564 2
2789 2774 1
3975 2233 1
3097 376 1
2426 2529 1
2744 1758 2
2520 644 1
3211 281 1
706 601 1
3312 2739 1
3534 2855 1
3594 3285 1
2977 1005 1
1876 2721 1
3166 1248 1
64 3832 1
2300 3700 1
3421 252 1
2658 1864 1
2070 2512 1
1976 2877 1
623 280 1
658 1948 1
2300 2497 1
1053 2296 1
1975 92 1
2888 3036 1
3716 3179 1
1595 3652 1
2197 3667 1
3263 766 1
83 3870 1
1201 2580 1
3235 1674 1
1929 2125 1
2791 3073 1
1468 1595 1
647 2801 1
511 728 1
3682 2315 1
2351 2643 1
2912 986 1
2744 453 1
2905 244 1
2036 3685 1
1391 3410 1
581 953 1
2683 3954 1
2956 925 1
2437 2166 1
950 28 1
1585 243 1
1406 2021 1
1586 2484 1
139 2413 1
903 2472 1
3788 2902 1
948 3037 1
2864 2815 1
598 2155 1
3287 530 1
2465 2963 1
152 3804 1
2475 817 1
504 2417 1
3743 1699 1
1704 582 1
1143 1584 1
3039 3254 1
1188 3814 1
3360 3312 1
1362 2995 1
2022 3173 1
1276 1665 1
1928 3101 1
2662 3949 1
974 1857 1
573 3146 1
1564 1488 1
3465 117 1
3751 2046 1
1549 3075 1
108 2007 1
530 666 1
407 806 1
6 2264 1
2902 1704 1
2064 1627 1
1300 1146 1
1193 352 1
1971 433 1
1395 3738 1
1857 3111 1
574 3267 1
2211 2114 1
3211 2384 2
1760 2137 1
3084 3746 1
2494 1740 1
2052 152 1
313 773 1
670 13 1
1235 2343 1
3080 1437 1
682 2099 1
3826 1975 1
3653 3150 1
922 1842 1
2727 2406 1
2262 859 1
2983 2683 1
3919 770 1
3700 518 1
1453 2581 1
774 991 1
579 3082 1
2342 1362 1
3851 95 1
1948 3241 1
983 1505 1
3666 3851 1
2481 1800 1
525 3420 1
3741 983 1
909 1193 1
3597 2505 1
3258 2704 1
2464 1962 1
2592 237 1
559 3242 1
2347 37 1
2473 3921 1
2855 2778 1
363 1490 1
235 2506 1
432 1043 1
2303 3885 1
1045 2529 1
2423 3007 1
207 3485 1
3410 716 1
233 209 1
3686 2708 1
3535 999 1
3442 1914 1
2610 2245 1
3201 3951 1
1256 2273 1
2374 1233 1
3899 2926 1
1742 1033 1
3824 3016 1
1834 1023 1
3429 128 2
3056 6 1
275 1369 1
2714 114 1
3199 1321 1
170 113 1
3804 458 1
317 1808 1
2505 1205 1
1156 2824 1
2647 3895 1
3840 1539 1
3374 3758 1
2755 122 1
2608 1467 1
660 1748 1
3894 2650 1
2778 631 1
2777 2218 1
241 883 1
2881 3535 1
2124 3065 1
539 35 1
3967 1191 1
3163 210 1
433 2013 1
33 3818 1
1584 4 1
3262 1245 1
2039 926 1
1525 1910 1
3516 3285 1
616 83 1
2815 2261 1
1917 2383 1
2833 3408 1
2589 1897 1
1329 118 1
1374 926 1
3373 1045 1
3036 1335 1
377 1304 1
3946 1480 1
2630 2981 1
29 2980 1
324 1550 1
1977 264 1
644 2288 1
60 1971 1
1345 2988 1
2709 1949 1
121 2880 1
2734 1019 1
1477 3425 2
2149 1098 1
1205 466 1
92 1401 1
411 3223 1
2845 255 1
1864 2290 1
459 3218 1
3951 1180 1
1601 843 1
1022 3185 1
925 2908 1
1437 2594 1
81 314 1
1733 1457 1
3401 136 1
2754 539 1
434 3504 1
3121 3490 1
1748 713 1
1773 2709 1
3382 567 1
1875 3279 1
3842 2357 1
3452 2301 1
51 1872 1
1530 1868 1
553 29 1
1729 3864 1
1380 1110 1
2739 2064 1
447 3296 1
622 2519 1
1181 2178 1
1985 3473 1
117 2642 1
2752 689 1
790 3056 1
3895 1334 1
1918 2371 1
2324 2134 1
3285 3108 1
3107 3803 1
2125 2968 1
516 2411 1
390 2647 1
3433 115 1
1789 267 1
3422 3877 1
2768 2377 1
1858 235 1
1110 2571 1
98 2948 1
3885 3374 1
2233 747 1
297 2465 1
815 2956 1
610 2351 1
2801 3422 1
1457 590 1
3523 14 1
3601 2740 1
3241 76 1
2520 3429 1
3964 3983 1
2790 2100 1
1368 3523 1
3078 1601 1
1248 1035 1
888 417 1
3609 2780 1
3913 2325 1
1298 2162 1
2482 2024 1
2357 528 1
2959 3338 1
1973 2384 1
3685 1836 1
3910 504 1
567 1846 1
1440 1788 1
1237 447 1
987 1501 1
3464 3355 1
3289 2729 1
1285 3511 1
1151 2303 1
3370 1087 1
2453 616 1
1348 1130 1
2729 1553 1
3125 3530 1
782 868 2
486 1687 1
237 1745 1
2000 2138 1
2381 495 1
115 3128 1
2307 1488 1
767 3126 1
3267 1066 1
2127 78 1
973 800 1
453 2262 1
713 3421 1
3510 2149 1
3939 682 1
3877 317 1
2178 3008 1
1158 2653 1
1930 1861 1
2135 2604 1
78 350 1
1324 1522 1
1598 1701 1
312 1459 1
3402 1970 1
2534 1316 1
3075 3039 1
2231 2276 1
1185 3965 1
1743 225 1
1369 1994 1
3525 2336 1
769 414 1
1628 1289 1
1250 2407 1
901 1088 1
940 2032 1
2791 2496 1
415 3894 1
466 3145 1
2000 2204 2
2842 3640 1
1522 3910 1
3054 620 1
137 3158 1
956 292 1
2880 3470 1
2995 2091 1
641 2549 1
1310 1586 1
417 867 1
1284 3720 1
1498 137 1
2419 3840 1
1423 502 1
2681 2202 1
369 3964 1
1836 660 1
3081 233 1
3231 3287 1
3247 1348 1
2667 2671 1
1315 2473 1
2865 1682 1
738 1615 1
3308 3229 1
146 2790 1
4000 491 1
531 1022 1
106 2585 1
3958 279 1
287 2967 1
2417 956 1
1550 2352 1
3431 2380 1
2684 785 1
723 3304 1
2020 2435 1
3948 3251 1
1830 1939 1
3096 1976 1
458 2784 1
3947 2020 1
2646 3968 1
3145 1441 1
2405 2182 1
3805 1164 1
1539 3829 1
2567 2744 1
1016 641 1
2585 2684 1
873 3903 1
3776 1297 1
3448 944 1
1135 1681 1
257 2300 1
2617 3308 1
163 1813 1
1032 2694 1
2767 275 1
2449 1905 1
125 1197 2
3284 222 1
3939 2798 1
482 743 1
732 1516 1
2572 3682 1
35 1973 1
3492 3824 1
3441 3166 1
1866 2577 1
3343 1299 1
1245 1932 1
1019 2488 1
885 2439 1
2304 51 1
2454 2569 1
2480 889 1
3185 1924 1
1813 2482 1
2059 2673 1
3411 1981 1
3681 3107 1
3805 176 1
539 3211 1
2287 944 1
1738 3603 1
599 987 1
2766 2777 1
1605 1269 1
3750 813 1
639 1285 1
3178 2219 1
3859 3343 1
3420 3144 1
776 3681 1
1817 2537 1
2529 3671 1
1719 1787 1
2306 3657 1
2251 2567 1
2976 1599 1
3673 407 1
619 3986 1
2032 141 2
293 2768 1
3101 215 1
2276 360 1
1819 1306 1
539 281 1
3739 2161 1
3015 2135 1
495 96 1
1949 3979 1
2370 2355 1
1393 273 1
1066 3326 1
762 2034 1
2475 1329 1
3771 2052 1
737 914 1
3218 903 1
1146 1390 1
3392 1830 1
3239 959 1
3415 929 1
2275 2390 1
2848 1564 1
2704 1143 1
1461 1758 2
2702 256 1
1247 241 1
941 1931 1
3171 815 1
3530 3120 1
3134 3488 1
1795 2432 1
1740 907 1
1982 1517 1
966 344 1
2443 1656 1
3120 3836 1
1488 2510 1
1371 1016 1
2518 33 1
84 3662 1
2439 1543 1
3304 2342 1
498 3946 1
3311 2039 1
704 1649 1
689 2023 1
1764 3337 1
2391 1184 1
3889 189 1
1070 1816 1
344 3202 1
3896 2124 1
1732 954 1
1455 3252 1
2166 1755 1
2168 1989 1
1353 1101 1
3355 2323 1
3699 2454 1
2193 3231 1
2604 1298 1
3444 1185 1
1910 1434 1
2087 769 1
3191 2662 1
840 3280 1
779 411 1
1854 150 1
2023 2254 1
1351 610 1
2625 1081 1
976 1201 1
1083 2687 1
3592 2518 1
3175 3402 1
502 2610 1
3156 151 1
673 2154 1
1346 2789 1
2785 2723 1
2332 2253 1
118 2381 1
31 2251 1
499 3433 1
3108 2169 1
2384 658 1
1848 148 1
1117 3842 1
3357 3606 1
2206 1276 1
125 418 2
3179 3239 1
3876 3315 1
2062 498 1
664 901 1
2325 3081 1
3515 762 1
1 139 1
1699 3528 1
3249 2062 1
3903 1604 1
3837 1632 1
91 2171 1
1989 3592 1
3285 3207 1
3288 1247 1
1868 239 1
2077 3096 1
3453 1661 1
3489 3356 1
2569 2304 1
96 3575 1
3038 1468 1
3425 2486 1
700 3525 1
1377 3751 1
114 840 1
2264 2098 1
2179 3859 1
491 3359 1
3985 700 1
843 2423 1
3979 3282 1
474 3093 1
1565 3080 1
3015 3805 1
3856 3163 1
2066 3947 1
2144 3121 1
3111 1848 1
968 2630 1
1006 1795 1
2967 3812 1
3803 3716 1
3280 2595 1
2009 2611 1
1320 1977 1
3264 531 1
2682 3724 1
2982 1249 1
1431 2449 1
800 2589 1
1996 3510 1
1505 3919 1
583 3444 1
3736 3180 1
414 1315 1
2713 2437 1
578 1192 1
2781 874 1
2200 3811 1
1956 3757 1
985 1282 1
421 2403 1
1692 3078 1
716 3208 1
907 3498 1
3724 2158 1
986 2983 1
2814 272 1
2007 3534 1
3488 392 1
3483 2332 1
2532 3199 1
1510 2494 1
2290 106 1
3812 3001 1
2411 3284 1
2355 1549 1
3969 1878 1
2529 1324 1
2336 2197 1
1413 2812 1
1087 2984 1
3781 3686 1
3326 3911 1
1480 516 1
1115 1519 1
2049 1375 1
2102 2985 1
1996 3084 2
2581 263 1
2641 2307 1
1282 1093 1
189 91 1
1800 2932 1
1010 3633 1
2245 1629 1
558 3764 1
3296 450 1
1164 2842 1
2620 3262 1
3037 3171 1
1939 3673 1
3692 2340 1
1005 973 1
1365 98 1
2500 2665 1
1543 2129 1
3066 3288 1
2736 2402 1
3697 1231 1
3058 207 1
3128 1351 1
1093 390 1
3470 1395 1
3126 1616 1
1289 1109 1
122 711 1
1100 1858 1
1211 767 1
2182 3477 1
3817 3815 1
2327 3781 1
350 2851 1
1295 1397 1
2383 3191 1
1572 3969 1
3303 2295 1
3279 3975 1
3150 940 1
179 3503 1
1846 146 1
1045 3613 1
3892 3442 1
3989 1017 1
1665 1365 1
2641 2510 1
2908 2865 1
1690 1181 1
3640 2500 1
1231 1524 1
3764 1370 1
2877 1838 1
2759 4000 1
3259 2070 1
3376 1738 1
2611 694 1
1763 790 1
3738 2443 1
1461 3259 1
3836 3178 1
926 1611 1
2091 3899 1
593 3353 1
1578 687 1
2932 888 1
2226 1353 1
3832 1 1
2032 862 1
2105 3750 1
1488 2641 1
1878 1590 1
2100 2530 1
1397 2464 1
2097 64 1
3814 706 1
2497 143 1
425 1487 1
2046 3743 1
2347 1917 1
891 3313 1
3841 886 1
1425 3290 1
48 2935 1
3490 3889 1
3575 1211 1
3594 1564 2
666 3134 1
1709 1817 1
2472 776 1
2564 1284 1
867 1391 1
150 3283 1
1434 3479 1
694 3186 1
3734 2637 1
3169 1866 1
3223 5 1
272 1249 1
1335 1008 1
3498 2814 1
2295 483 1
3127 3893 1
3229 1202 1
2243 421 1
2824 2766 1
2377 293 1
590 3632 1
2137 3943 1
774 334 1
2202 1855 1
2287 3448 2
386 3273 1
2953 2036 1
3815 3322 1
256 2734 1
3941 3741 1
1765 3891 1
3966 1485 1
272 3734 1
2386 363 1
3317 2712 1
1667 2787 1
3731 779 1
2248 386 1
136 2692 1
2937 2678 1
2653 2532 1
371 882 1
1755 2771 1
1842 2953 1
3706 239 1
2407 1006 1
3503 946 1
649 3791 1
2575 3317 1
1788 521 1
3313 1875 1
3633 1928 1
946 3061 1
2169 3207 1
2583 482 1
3484 2688 1
3708 1320 1
1112 1515 1
1467 3736 1
894 3269 1
2581 2583 1
1519 1498 1
155 1760 1
2980 1705 1
209 396 1
1705 3634 1
669 1929 1
1180 1432 1
868 3651 2
540 2785 1
2671 2620 1
2577 3892 1
2365 1876 1
280 802 1
1307 3483 1
3429 2009 1
2438 2768 1
1924 2399 1
3632 283 1
323 2646 1
441 1742 1
3290 3349 1
711 3344 1
1432 2752 1
1554 1256 1
3497 2538 1
3132 3054 1
3734 1222 1
3186 2575 1
128 13 1
3911 323 1
874 3966 1
3479 1733 1
944 1453 1
2774 3258 1
2687 3492 1
1191 2347 1
2435 2235 1
2665 3168 1
2039 1772 1
1943 2937 1
2449 1789 1
1119 1235 1
3337 48 1
2968 67 1
3443 2200 1
773 287 1
940 141 1
255 27 1
4 3132 1
2848 3285 1
314 60 1
601 3694 1
1233 2674 1
3954 3788 1
2218 1526 1
1004 1613 1
1074 1371 1
3242 3401 1
281 3577 1
3580 415 1
2594 80 1
2737 3706 1
2403 2374 1
2246 3985 1
273 1072 1
112 1648 1
2315 1773 1
1043 581 1
3949 1032 1
802 1238 1
215 2248 1
3720 941 1
2817 179 1
2235 1709 1
279 948 1
2437 647 1
2881 3857 1
999 1188 1
3741 2755 1
813 112 1
2798 2727 1
492 3015 1
1321 3739 1
514 3856 1
785 732 1
1322 1295 1
263 514 1
774 978 2
1838 3659 1
2549 2480 1
3746 1150 1
1477 2448 1
3131 1115 1
1526 525 1
460 197 1
2305 2717 1
3808 3472 1
283 163 1
1962 347 1
3252 3967 1
1672 1429 1
1081 1729 1
3065 1100 1
1604 3035 1
1206 2231 1
2517 3521 1
2689 2405 1
1238 1117 1
715 558 1
1214 3311 1
3511 1377 1
3445 1406 1
376 1757 1
1825 3612 1
1269 1732 1
2612 312 1
1056 1345 1
1183 1825 1
2537 3876 1
2488 1312 1
2261 155 1
1150 974 1
1726 3414 1
2479 3941 1
1682 540 1
31 1461 1
13 1628 1
3929 2127 1
599 1197 2
1564 4000 1
560 822 1
3137 3263 1
2721 84 1
743 1423 1
859 3618 1
2910 492 1
1516 559 1
3436 2881 1
2519 1477 1
225 3156 1
1098 451 1
3146 3627 1
3129 553 1
760 474 1
3727 1346 1
2510 2982 1
2099 3464 1
113 3357 1
418 1066 2
2981 2714 1
3516 2848 2
2717 1982 1
521 324 1
27 2736 1
2468 1719 1
1123 81 1
244 622 1
518 598 1
2161 3609 1
2296 2976 1
1970 1455 1
1088 3708 1
2287 122 1
3373 2426 1
959 1764 1
1487 2767 1
292 1112 1
1408 257 1
2985 1004 1
3815 950 1
1501 1859 1
806 1080 1
3022 2617 1
3485 2206 1
1300 2327 1
2512 2888 1
3590 583 1
161 460 1
1973 894 1
1184 1050 1
3210 3249 1
2155 1183 1
1905 2781 1
2674 2102 1
1745 1151 1
1304 1263 1
1249 3175 1
766 2901 1
2129 922 1
5 1834 1
1424 3841 1
1701 2066 1
2851 1056 1
3613 3679 1
1931 2179 1
1674 3590 1
11 1010 1
76 511 1
3943 1228 1
2712 170 1
2301 2232 1
360 2306 1
2931 1706 1
348 3368 1
2948 1605 1
636 2864 1
1981 3431 1
2780 2077 1
3180 3875 1
2580 3453 1
1303 2293 1
362 1726 1
238 2144 1
3338 3131 1
2716 1014 1
251 1930 1
95 1431 1
3344 2049 1
3679 31 1
3560 2517 1
803 619 1
1334 3058 1
450 1854 1
28 3956 1
2768 3666 1
2723 1985 1
3202 2592 1
334 3560 1
1524 297 1
2287 2479 1
631 2275 1
1808 3445 1
1687 2211 1
2642 2324 1
1050 1250 1
822 2481 1
195 1918 1
3477 1237 1
1565 2977 1
1861 2845 1
770 3360 1
2134 673 1
2764 3727 1
122 3741 1
1458 1479 1
3168 1424 1
3753 985 1
2154 108 1
3659 1074 1
2740 1525 1
1615 377 1
1892 313 1
2988 2333 1
1008 1956 1
1517 3415 1
3007 1739 1
1033 603 1
1023 1572 1
1396 1667 1
3472 1819 1
3359 1510 1
1109 2791 1
3694 2305 1
392 3382 1
1872 1987 1
3084 1692 1
3207 2658 1
3829 2572 1
1599 1368 1
954 121 1
37 1070 1
2333 2716 1
1311 3826 1
3322 3601 1
2024 3127 1
2771 623 1
728 3289 1
1479 400 1
3986 238 1
3870 2391 1
3408 1839 1
1401 2564 1
2442 2641 1
3144 1578 1
1202 704 1
2530 3303 1
2571 2370 1
2013 3137 1
782 3651 1
2204 1300 1
2448 3425 1
1515 649 1
1130 2097 1
1914 760 1
1297 2243 1
80 2160 1
883 2841 1
1816 1054 1
1429 1123 1
1616 2386 1
3545 195 1
2399 579 1
1192 3129 1
3349 1413 1
3061 636 1
3001 10 1
620 2940 1
1629 2664 1
2371 257 1
1932 737 1
176 3015 1
2352 566 1
3528 480 1
222 3948 1
3414 1380 1
267 3896 1
1632 3731 1
1897 1942 1
2162 2833 1
782 2331 1
3968 2341 1
1329 1311 1
1662 639 1
2708 2365 1
3758 1585 1
461 3370 1
566 3597 1
293 817 2
210 2625 1
3757 2105 1
2219 2419 1
2368 3958 1
2340 3669 1
862 2246 1
2688 873 1
3008 3022 1
2288 3176 1
2156 2612 1
1485 348 1
3150 1206 1
2254 1672 1
3666 95 1
3956 3038 1
1656 1776 1
889 560 1
1299 3376 1
243 851 1
3073 738 1
3651 2475 1
953 3509 1
2402 2608 1
2506 1943 1
3093 1122 1
966 3692 1
148 3497 1
3176 2368 1
1772 1374 1
151 2168 1
2343 11 1
2293 664 1
3857 2534 1
1228 425 1
2982 272 1
2595 3452 1
3207 3594 1
1787 3411 1
2496 1119 1
882 3264 1
1312 1135 1
3251 3515 1
1855 3955 1
3173 410 1
1868 2737 1
451 3247 1
1654 2764 1
1224 2468 1
991 1743 1
1080 1310 1
2011 251 1
197 371 1
2694 1303 1
1014 3776 1
