122 125 5420 1886
0 698
0 1564
0 1150
5420 789
5420 104
5420 1242
0 632
5420 383
5420 90
5420 1518
0 595
5420 694
5420 258
5420 1288
2168 1104
0 209
5420 1564
0 1472
5420 166
4878 1104
0 1702
0 629
5420 143
5420 835
5420 162
5420 915
5420 1426
5420 676
5420 215
5420 147
0 651
0 1196
1084 1104
5420 622
3794 1104
0 1656
0 26
5420 1610
0 1058
5420 482
0 966
5420 358
5420 904
5420 1886
542 1104
5420 741
5420 170
5420 506
0 1748
5420 1794
5420 1104
0 1794
5420 1472
0 612
5420 854
5420 230
5420 106
5420 285
5420 1702
4336 1104
5420 329
0 478
5420 1748
0 412
0 471
1626 1104
5420 755
0 666
0 1426
5420 1656
5420 732
5420 667
5420 733
5420 369
0 861
5420 1380
5420 108
5420 1150
0 388
5420 713
5420 858
0 465
5420 671
0 473
5420 918
5420 1840
0 576
0 1380
0 1886
0 122
5420 497
5420 664
0 915
0 1840
5420 244
5420 298
5420 423
0 1012
5420 333
5420 572
5420 41
5420 435
5420 834
5420 1196
5420 860
0 1288
0 1104
5420 1058
0 1610
5420 1012
5420 387
5420 263
0 93
0 1242
3252 1104
5420 693
0 672
0 1334
5420 966
2710 1104
5420 1334
0 1518
92 7 2
25 30 1
85 93 2
118 33 1
23 77 1
99 42 2
2 15 1
73 46 1
46 67 1
33 66 1
26 85 1
120 115 1
109 38 1
79 112 1
42 74 2
71 73 1
94 52 1
115 17 1
99 61 2
3 107 1
122 18 1
41 33 1
111 8 2
49 21 1
35 76 1
114 33 1
64 97 2
72 83 1
20 51 1
3 45 1
67 4 1
79 96 1
115 35 1
66 15 1
114 32 1
113 9 1
90 23 2
35 53 1
106 33 1
109 2 1
89 44 1
89 94 1
79 111 1
60 20 1
91 48 2
80 71 1
87 48 1
122 15 1
22 34 2
9 101 2
116 28 1
47 29 2
18 66 1
1 12 1
118 106 1
88 118 1
2 122 1
103 24 1
58 79 1
117 1 1
5 113 2
5 9 2
87 91 2
95 13 1
1 116 1
94 86 1
56 29 2
15 120 1
60 14 1
106 114 1
55 81 1
60 119 1
88 66 1
35 60 1
97 102 1
52 50 1
117 28 2
61 96 2
69 88 1
20 78 1
98 45 1
39 45 1
5 57 2
41 98 1
74 8 1
79 74 1
62 40 1
32 3 1
36 70 1
81 105 1
1 80 1
20 104 1
36 109 1
60 121 1
35 27 1
100 48 2
100 87 2
95 56 2
105 43 1
19 25 1
101 113 2
24 55 1
18 69 1
1 28 2
90 77 2
12 116 2
4 103 1
69 66 1
21 36 1
72 68 2
79 95 1
26 93 2
49 63 1
98 39 1
60 6 1
52 49 1
32 45 1
20 110 1
115 10 1
19 47 2
12 80 2
96 58 1
20 108 1
107 45 1
39 107 1
