100 92 400 300
333 104
278 238
351 277
305 177
293 206
0 235
400 240
168 74
0 256
376 120
0 81
226 227
23 74
0 132
0 30
363 37
400 196
62 24
0 76
16 225
400 299
400 191
0 13
149 17
198 124
238 81
400 40
284 105
0 226
75 75
400 235
0 72
203 287
0 244
0 115
0 149
171 250
400 26
38 256
108 193
135 22
207 148
400 192
1 76
0 193
400 248
371 187
337 245
0 91
0 84
0 12
91 283
361 135
208 65
0 143
249 140
400 148
400 244
179 41
174 1
118 187
0 5
265 223
0 194
0 216
172 127
124 183
0 63
17 130
362 113
0 158
0 251
0 90
23 28
287 225
115 192
0 19
0 199
400 242
79 297
0 227
396 163
43 280
400 151
0 202
400 197
400 295
194 98
150 53
0 73
55 240
105 208
167 178
8 75
400 122
93 78
136 287
89 36
89 260
0 61
20 12 1
71 4 1
33 3 1
28 25 1
81 31 1
12 75 1
48 7 1
28 70 1
5 17 1
70 95 1
91 2 2
31 86 1
97 52 1
42 84 1
82 22 1
69 35 2
88 28 1
44 90 2
69 25 2
55 57 2
33 87 1
9 99 2
93 47 1
15 18 1
71 93 1
16 27 2
99 39 2
11 19 2
34 6 2
53 10 1
77 24 1
25 53 1
4 93 1
92 20 1
73 88 2
41 38 1
10 70 1
95 57 1
62 38 1
99 3 1
59 89 1
70 53 1
9 83 1
36 71 2
55 56 1
3 48 1
83 33 1
4 42 1
79 7 1
39 3 1
53 57 1
89 98 1
45 61 1
88 35 2
1 59 1
69 53 1
100 54 1
54 8 1
72 39 2
48 79 1
4 36 2
74 16 2
57 56 1
94 26 1
82 84 1
7 2 1
88 69 1
26 96 1
96 44 1
70 27 2
3 37 1
18 41 1
75 5 1
90 94 1
72 9 2
53 95 2
61 76 1
63 92 1
69 28 2
88 50 2
30 13 1
87 97 1
76 40 1
3 87 1
8 30 1
47 82 1
37 48 1
40 63 1
55 53 1
7 91 1
72 3 1
26 1 1
